0.4416610827644939
0.4415156348149706
0.42873480027496536
0.4230387866149309
0.4156532941914215
0.4096011274894001
0.4044840790932002
0.4004623439074896
0.389780053384301
0.3773570581999286
0.3733013981779796
0.3632846731697855
0.3564212152615145
0.34889400828710626
0.34025907896822094
0.33866139081713076
0.3318377851217208
0.32558834025871486
0.31727938542695094
0.3059490793028409
0.30273581980406394
0.2923463523276522
0.28215213441634757
0.2706737689026327
0.26371831118264555
0.2599467450828723
0.25395890504818946
0.24508129699915554
0.23726036698583458
0.23909512674293265
0.2230982533770739
0.21874271261547923
0.21817622019504695
0.21771225473734784
0.21368116010162302
0.20782446911258035
0.20817040673739196
0.19915588933105066
0.19786457415354436
0.20258577881111695
0.20104189122951438
0.19988309861808085
0.1867701296269706
0.18588165920507987
0.19071805647976897
0.19321550109409702
0.18989505754401015
0.16572127289621225
0.18004233380428214
0.17930080359430794
0.1736827802024854
0.18140203155267975
0.18377683691220525
0.1814769523048232
0.18754019315520087
0.18063986500316764
0.1767799887448691
0.17075036765626728
0.16186473875451968
0.17886716571799632
0.17803337946741693
0.16541853472918072
0.1834440105703673
0.17247062877835867
0.172416552473165
0.17120746259653102
0.1676974639739861
0.17562999712938082
0.1769177726992504
0.15775301003514147
0.16386406028691852
0.154368600445631
0.1625612194027225
0.16934612038917796
0.15111291481211991
0.1549106644611692
0.1509619699059373
0.15139215445126125
0.1687385858596145
0.14579353114672972
0.16144800318291047
0.16616134077911188
0.15301423198386838
0.16262669774493932
0.15208898416525796
0.15162084154687555
0.14826356347376296
0.1485603344357374
0.15047575337858687
0.1530571714056544
0.151951114077709
0.14832678370156155
0.14432545143599268
0.14403370033786728
0.14642311021543902
0.15209333001030945
0.14552152743648772
0.1343296184512378
0.13939281472409315
0.13575195144506097
0.1462381264074853
0.13785127141938924
0.13381884197737964
0.13014117902298605
0.12894890706063322
0.14171390166256198
0.10919528940518936
0.11613099548221167
0.10228524712573983
0.1304069706931641
0.14528115524487106
0.11703970504705258
0.14885711838990717
0.12050106745603373
0.10876386290764462
0.13026055081922727
0.12021573423411802
0.09359443347129232
0.12178311238330786
0.12786562093753084
0.1209867731119188
0.11243704217139433
0.10304887910997829
0.10101818658295919
0.08863323563383207
0.10607788925016393
0.05687491095615366
0.1218217468920545
0.08360999330401397
0.09941131601463682
0.11209747494615163
0.0922481687098411
0.08507932108056715
0.09685242543774053
0.0577749926875713
0.04294172064203555
0.09095050768255325
0.034790965986783884
0.03943413192676426
0.05672560546662292
0.03430691021165733
0.08280528355932437
0.01357994889387143
0.10727952683425551
0.07164992338334764
0.06765855217819317
0.0891913826779473
0.06894017843293332
0.07669834104755735
0.019166257916481466
0.028206287780690342
0.06453430933040283
0.02518723759357666
-0.12352623240698679
-0.004657636442369051
0.08977309496082636
0.061111071702587116
0.03810950733338747
0.036115256636260085
0.0827508556313224
0.030502036039288027
0.050851542167822394
0.10578263752256062
-0.05427443763727757
0.029050110302777266
0.014630097783668305
0.012853318329568264
0.008237747580471688
0.054510882149101714
-0.08401589856412783
0.035552212715393494
0.06962685868170221
-0.011540455016699203
-0.05549091096142034
0.035839287800697506
-0.005261558645950237
0.034264771813077854
0.04426398903800738
0.0580249760122476
0.057725713362126285
0.007634923218927281
0.059417437558116126
0.060361663166913326
0.042305452567509116
-0.0587823444115787
0.021413446492715205
0.08348869876528453
0.02393187074641312
0.050088143737165636
-0.024636604778299098
0.047039754289992186
0.04104343724865617
-0.02174642715015107
0.02692513396229046
0.05509800450590452
0.005402528819205221
-0.02463515559536411
0.01635551520543399
0.03361524639001218
-0.03065582969615155
0.01221964621172833
0.07523925783735635
-0.006291174902986918
-0.036409847591763356
0.03660181428216086
0.08205604961910123
-0.06681830657216059
-0.05914896327649899
0.04027472688703643
-0.041282974464966204
0.05543691740572548
-0.01769470836070053
0.007731442779282283
-0.04776841122873654
-0.11970421033749945
0.008731709793319276
0.0011510915782604325
-0.11239860575987626
-0.041846113648406846
0.007759692500941551
0.11213941540961425
-0.08764206692545595
-0.0562655220008661
-0.06822083220614317
0.13566712807095266
0.013431461079904505
0.06592787805913614
0.04436737283814779
0.04621610821038735
0.04076634485137137
-0.01316132536363357
0.06969710839468901
0.06286626474570961
-0.04825052028453758
0.06386368349914401
-0.036354830742517996
-0.04398438972446683
0.0492657890808445
-0.1186379397088978
0.05246280016180832
0.12009589792442721
0.034617759986368235
-0.06155971815416805
0.015235298403358633
0.042797964634205266
-0.07725047569358201
0.02862813556121302
-0.05284719400463167
-0.008105725449512824
0.01902103670528288
0.01746147800021086
0.15244691834630442
-0.024671997430546155
-0.07525347358824963
-0.11168461214786429
-0.02973613624488114
0.05003390232443372
0.04074211375104719
-0.042653228926888165
0.04644169815278559
0.05008449913641305
0.04969220487720055
-0.06786920761187731
0.03736515695236298
0.02422217628513257
0.03525764509211471
0.07444212065700428
0.04367847935003544
0.00789418656371732
-0.0026784837417490603
0.026914107391645736
0.013326353626273602
-0.028649157764231048
-0.03291980294997188
0.04127288028789167
-0.04658296239793824
0.08824021530376042
-0.012960727418290463
0.012498735504574365
0.03313334925569078
0.006367506816150614
0.0037054105551138083
0.08007149924673662
-0.01618189325227881
-0.038813454497693245
0.04168542578465195
0.034690477324148095
-0.03443570959962017
0.003025985864433034
0.027102657027928856
0.05082935774459041
-0.01642979809655276
0.02306529705016297
0.035118285423551054
-0.07221781792066329
0.027673036013265373
-0.06944058443798218
-0.05986042062407082
0.0930452304384854
0.08855820105444145
0.09332467403662842
0.05043685134946585
0.05704822097638107
0.029678242852075598
0.14615883029569793
0.037156173417501326
-0.04378114497767294
0.0757041678536608
0.03160938973807664
0.017048617934033616
0.08655637815308731
0.03771680161618601
0.08240535405200528
0.01826851093038767
0.04814398751404919
-0.009996067032031153
-0.032495749557715836
-0.010324861873993507
0.0227251807378529
0.018954535532042238
0.08879667682298503
0.06131666890754134
0.04649547290597161
-0.012627073070426098
0.014467226159567692
0.018052242155515708
-0.043945312638312695
-0.023447919109716997
-0.046133407682919625
0.020187118658871073
-0.09956859320493583
-0.03260074894608356
0.04375330030417296
-0.0773959045454472
0.06965169443411928
-0.07483046875226329
0.03173603882327891
0.0172489281155791
-0.036436759650112505
-0.17891548946631575
-0.03518596059336987
0.1008992834949512
0.025810071896054332
0.06854201794138481
-0.06555161123820086
-0.030632656632936794
0.07099874637810327
0.041211735609436195
0.061866691034229704
0.0334565086413266
-0.03988806944455647
0.062497920272736485
0.05765411661088782
0.008753321051995833
-0.08417010500459932
0.0464128305014434
-0.03483520525583517
0.002839789290882244
-0.07234795407362338
0.0346375215238276
0.06399398728125022
0.018051346281913183
0.08110255867709065
-0.006367321897372991
-0.03831573749891537
0.010823332974704003
-0.01644041676993757
-0.07825593254279639
0.03452731946545845
0.0027491630812004897
0.030700544234257554
0.09340327910036417
0.06301083193798562
0.0450341482906928
0.04583303462535243
-0.05242502942067173
0.039724311945466495
0.03168288016225007
0.11538627910583821
-0.01986506882193939
0.08757025553503728
-0.004741189052358874
0.025217261467804508
-0.032813388152388656
0.0028597337766799735
-0.0833992560660185
0.03462795772173133
0.010762804879238586
-0.055468599799699314
-0.04224391799612526
-0.028587200517620315
-0.010835242390022648
-0.0357461082338868
-0.036808844946531694
0.08570882036721694
0.028959495492342724
0.04702939248799026
-0.028373953461821477
0.023807109585058883
-0.013335167146220406
-0.030900868319571284
0.11928486203047645
0.006238440565673298
0.05427262806099298
-0.030435973711032793
-0.0795630174606824
0.030870063631391886
-0.055128214756753224
-0.09339238304184083
0.15730364852756273
-0.06940310632308244
-0.10202533504106748
0.015243465344754348
0.012282770431405465
0.01859659539531644
0.06534667076076467
-0.032558287758137294
-0.05199062968110579
0.023526767738314525
0.007368839977443475
-0.00193027922860467
-0.10322731223436832
0.044790888482846736
-0.09530627284122994
0.018512273139210556
0.011561786516142536
0.10357736857303046
0.005528506021757973
-0.049214314613853505
-7.013340499884002e-05
0.04723557948669671
-0.03839864076488819
0.019945660159038203
-0.021100948337777536
-0.024126533011932794
0.019194552962810196
0.03049791659483253
-0.04935401230088865
0.0530683050096204
0.0030512440050098344
0.048883189081031786
0.06648957590569765
0.0423095458997812
-0.059068743035653126
0.07109684331136723
0.0665957100244512
0.026087847959322286
-0.017415069629062252
-0.02443776523045116
0.07991267637594007
-0.04254028299610613
-0.019238596535158137
0.10085374013852882
-0.061749776315712435
0.042997684032064776
0.01693679342929838
-0.1255417832547715
-0.02600278759575181
-0.017099217224789243
-0.14352020501272578
0.03783108762411491
-0.052131510414942794
0.08313072516313541
-0.02866136510357553
-0.05713115958995041
-0.07158703415628265
0.09408616941059728
0.09278771930815644
-0.03234014152656206
0.04568916532496525
0.05858065813022112
0.05896507949968122
0.03597487876027755
0.14970161975856977
0.021485309227270377
-0.002822666293861076
-0.03563796854961632
0.08680688179438312
0.0015476592277153256
-0.018167605368120565
0.024396741194298965
-0.003845666234825962
0.0400189724657698
-0.04078598491743335
-0.015020140079953781
-0.01591239980074477
0.020681544185164602
-0.044490967507196055
-0.026613044274461983
-0.027138475644328586
-0.05948946833069302
0.03604372154670715
0.020055915171412086
0.04650282833014224
0.00367820379489886
0.03345830503044661
-0.0054273284453763004
0.1182531958495413
0.12340291304615203
-0.06106960067843403
-0.05530602851888311
0.01848467444123486
-0.04610031665640291
0.04883884600839433
-0.016939389781386205
-0.009433680233729258
0.03317288813173236
0.11910977130465211
0.08212253689070786
-0.0048667115397625915
-0.007829829421618029
-0.01784316793650864
-0.02568837482103381
0.043363314744550074
0.06511458761827466
0.0006761679336632631
0.023201403888941763
0.02473032105300449
0.012504760055682573
-0.033517342113877246
0.06252463679542469
0.06455898575553531
0.05280850569061962
0.07342593432889838
-0.016022892578886117
0.00173169272700463
0.062261205595420754
-0.03272186671380606
0.07101393326152339
-0.045850771991887584
0.029373596239495925
-0.0428396118681339
0.002798996436309986
-0.007271101469352281
0.02372967113513813
-0.01053637050340861
-0.0003371896654913442
-0.03595345578155695
-0.0322509759208125
-0.017484318147553357
-0.010392391676368407
-0.0017929539369092584
0.10601087536044168
0.08267115916465473
0.0338004686435055
0.037828174053578745
0.09477867518548788
0.045678754813082645
-0.05820529011689979
-0.03516268980018511
0.03887018816026433
-0.048936571282512054
-0.0034009555237722866
-0.08957330208134051
0.03767077506737504
-0.03141922203393377
0.00647045439483096
-0.025182379273045008
-0.04648430677966009
-0.03490808941549173
-0.0649327653866788
0.0969304495962523
0.08509332183094831
-0.022340461789496446
-0.005199307694717659
-0.02379425856485995
-0.11142137479680814
-0.002656603488966458
-0.0007929576323915111
0.02920593300264035
0.004981228663921533
-0.06505410364911846
0.09390233770071826
0.026598928252302978
0.0014883714232188927
-0.014877369699965781
-0.003568486193483267
-0.05914887116297507
0.07123435393976996
-0.1047662153947676
-0.0907429256191199
0.017487038697252155
-0.024027698739481185
-0.05420328585061285
-0.10850220499093588
-0.03240971217312283
-0.004499479966966757
-0.1996147816279562
0.06764038398774569
0.02301715908868618
0.10088303786262404
-0.15051602440171552
-0.0791107596820595
0.06347728740062425
-0.01819372220284321
-0.07812751017144526
0.02609836688410816
0.05174581482263246
-0.07531151497928579
0.05131599141916121
0.013720162723581897
-0.2958752975250545
0.07177656250890285
-0.14176490922294005
0.1336825205636849
-0.036358558550954934
-0.08219883423409713
0.04160802003963793
-0.24541443041749744
0.02754583627609436
-0.21904944713093288
0.10727615237091703
0.16841832988086125
-0.1486953715917626
0.03745504695258478
0.024517060935913326
0.034790610952266765
-0.009890950376632901
0.11213681978100215
0.020803552759717736
0.06553508049641543
0.09522506024430455
-0.12420005111626076
0.07767893153476324
-0.060299744688008694
-0.023952838771887697
0.02068718988461493
0.02604283781161093
0.08943995197979981
0.12173317091964136
0.01714104772655245
0.010941439852722334
-0.04905001681651977
0.02474812822655309
0.08113783042904416
0.09410661865325176
-0.07363656798414275
0.02571567947327441
0.041366110790933885
0.06351528027040954
-0.04549782519540524
-0.07887384949727749
0.06462475093120335
0.036053036205099365
-0.08031673310971343
0.003424118649211383
-0.05552684036475819
-0.11809471963448959
-0.004806104397413247
0.019348169693721995
-0.03968629850966232
-0.04640167325434086
-0.03353941337733346
0.0909176883420677
0.07465930658769754
-0.013727288216196176
-0.024056209889614988
-0.06694809896174425
0.036750483057633676
0.00010229773174819101
0.030456583098901813
0.12702790296535016
0.004198173500542468
0.08578152161000047
-0.08909370314364795
-0.042005563134756896
-0.059279256775989664
-0.1068763729115314
0.01585093577802177
0.04577573731889295
0.07221484924905514
-0.16554493208107568
-0.1827702431300332
0.04301794090461314
0.06153295971817574
0.07005548408314283
0.021910319014991575
-0.006467747314092609
-0.045146440597986226
0.023178706760541512
-0.1022987931214554
0.0021176337708581627
-0.20859972027403317
-0.2033617341498355
-0.0009088285441299915
-0.006068217484373584
-0.04966675291898004
0.06764674582275138
0.012102458874515387
-0.03182923491239542
0.08485738059431625
0.0874933367913232
-0.056811294368763976
0.05902468861579313
-0.10798428556569462
-0.07587816498444466
0.08136425980619633
0.01904553445560475
-0.06266935443504895
-0.09809993184739652
0.09573592950530269
0.09478121112823035
-0.05894729376535546
0.041474043608137834
-0.02618374079082475
0.007749333948311177
-0.012378629314331646
0.05457345889762877
0.04329018485696556
-0.08269594946047742
-0.11066738273821375
-0.01677657585785053
0.09574941006863713
0.08990946876825195
0.026516759593444184
0.07430696357439498
-0.0025156805991833897
-0.04298624396095874
0.047409267585561354
0.002087002719492137
0.10441556286985909
-0.0409604971889832
0.01554776881671166
-0.10603347343212066
0.0005962526570006954
0.025732644185350706
0.0518735887260367
-0.0686316295194378
-0.1279685357275514
0.07463191151125237
-0.010200392277981418
-0.11767828916313006
-0.01989802482005565
0.036422920788747426
-0.05852387908525547
-0.07771176964554805
-0.05855680998214241
-0.025776371377069895
0.05573086978385411
0.030854269040674787
0.031037869169424914
-0.131483954490628
0.06056977123498586
0.05695141779199148
0.023122671380373716
0.10283217323696453
0.007275941335130542
0.08108499982087403
0.10954154521102677
0.06598735946363626
-0.10853794130253092
-0.06621091231893961
0.08046991368418349
-0.015557448229464144
-0.048395753270993325
0.041061006280419365
-0.007749999647551853
0.09311145103590412
-0.08983139551300634
-0.06636510930649697
-0.0038137426502400373
0.055946984643298614
0.0804527438739519
0.02397460131485446
-0.090306716810712
0.012293154827232422
-0.07891917756133948
0.0011152970093977754
0.02754741221899587
-0.03498595231493684
0.011365240403642562
0.04492445936672523
-0.009978684709106345
-0.014154541206220395
-0.01632983270901256
-0.11894627233327992
0.00984252041165834
-0.031314086090550086
-0.14320148014234346
0.04425554487311567
0.05753020400786901
0.04646089378659529
0.06848757239066622
0.016458146710056354
0.0209041083912081
0.0842110192473074
-0.025032663489900298
0.04712439623766862
-0.03260606086834916
-0.24640633167761483
-0.05094266461426655
-0.020793889017639344
0.04991159117647703
0.09331303657630086
-0.18408133170604923
0.04446742309688129
0.0567232857983771
0.003576282667300368
0.007294044585706538
-0.11485060839254146
-0.00932901698019517
0.04173205101191513
-0.0334994167769147
-0.054888618167965975
0.0938677068661326
-0.01925869484058318
-0.08579003390206819
0.0462794050199033
-0.07643427227495847
0.06677116724318755
0.006263517585030742
0.06106794664363985
0.005470498546924274
0.05016938208568461
-0.025223405461692106
0.002429609199322502
0.022855044320359175
0.058565540992354226
-0.053857960061715615
0.04853232582910616
-0.05174303102715294
-0.001194655160639213
0.004374621384771016
0.026295348611366565
0.034071983951082185
0.009141781614046163
-0.025304458363364257
0.11493429391587723
0.06566394435890172
-0.023147768421567072
0.07281838156789949
-0.05052780681730529
-0.005983989086642327
0.08203120005956094
0.021544137298252386
0.023712826711019208
-0.0008358099525254126
-0.03434223172164874
0.0680381811591671
-0.008199195209606103
0.014812790076076665
-0.05934385032298495
0.021694337066293645
0.01888430337869612
-0.0020407601768486217
0.056426212983076485
-0.018996208748511045
0.0038216637373996165
-0.01320883761950653
0.06876537764810453
-0.0729408846677585
-0.027365664441065918
0.058470209945780505
0.042837173537136064
0.0030610171360251903
0.026246700075420626
0.02913840331242079
-0.007604725730144035
-0.009898081645638879
-0.10162107546062926
0.08491654729502246
0.07052990013683808
-0.062048463927736774
0.05781480923309229
0.07596348866218511
0.06085468562457941
0.04338423276043146
-0.06440980802729401
0.09049512288734435
-0.03246972666929615
0.04975068310788239
-0.031729170674552165
0.02765814322550708
-0.07426953749239706
0.024402797672809395
-0.0497697332183219
0.09154970709403826
-0.01795052052046009
0.05651268237757667
-0.05773940133632005
0.05925037971486624
0.07929325557429995
0.01637955165394278
0.01682413688254053
0.06679935139281135
-0.040212619496166724
0.0593104099223809
-0.023986437886663436
0.04272427872807805
0.04825118026890829
-0.12425022086692994
0.009240230518715753
0.06555597759217613
0.014787482632839855
0.011216146053139253
0.06237714943171524
0.047464853439611376
0.014606150700426812
-0.0017563655669738942
0.03921214521045924
0.04152506291938385
0.008373555938318122
0.036209007843099494
-0.10589583473072739
-0.046012267991157985
0.05507807582192914
0.0054869763480149825
0.09870017002599213
0.03504527076066938
-0.05431450867587939
0.07786663356464546
0.0623957029392449
0.04267583701180533
-0.03497210512033122
0.10250326131885007
-0.013508172871725788
-0.00035273239773403464
-0.029343278431216424
-0.10851977237732136
-0.05612408550170889
0.04657159646100589
-0.07849204452348502
0.12661317052000493
0.01816151473727251
-0.11012140457027553
-0.060433529115209494
0.033620875383039206
-0.025163839014863743
0.038584650245388596
0.03946322782662148
-0.09684798568382347
-0.03703420700386206
0.03484162575767069
-0.1331297639359732
-0.045783158180963346
0.06597645363115695
0.04197202022222202
-0.05439824427673823
-0.07793554839463424
-0.011747521808981753
-0.1256901425196415
-0.012282532667865054
-0.021640622749741212
0.0505657958294326
-0.08277603389516042
0.01816622228278092
0.051661191829090014
0.08795485666510561
-0.049913066173294385
0.02484870352964097
-0.002933376815862143
0.13939372813423107
-0.2113172937758485
-0.05189379302967623
-0.026859188674805634
-0.023881989861705533
0.0733687794740463
-0.06500315747584828
0.03580616847366663
0.016139895951681582
0.06284252995239059
0.02359685436644493
0.025888067733039866
0.049637966458513316
-0.06284658995704451
-0.1267947534271081
-0.02536022586676523
0.04902811474189955
0.05560093316941045
0.13500300014042443
-0.029874118314922038
-0.13318179655643403
-0.07789188583670859
-0.03610703256911285
-0.0004318104683079804
-0.06828864577254379
0.06595718643315174
0.1173076196910866
0.09967010825573913
0.011973604338902044
-0.06606830318836665
0.0028204532287361417
-0.023997279954698914
-0.10455702113381149
0.01716450221477872
-0.16621713532897686
0.03046717785415437
0.08868480280122087
0.07756790447995704
0.10441379577152776
0.07016293308183086
0.01094557676887814
-0.04733914814172746
-0.02107899844410821
0.0607950329595745
-0.07668520385464361
-0.06450205824539756
0.039209619243833815
0.10053834597678668
-0.09900523529454786
0.01781667991343866
0.025860158277334566
-0.21926381296642805
-0.14509548296288088
0.041755013858846
0.06629214745971052
-0.10729628402498093
-0.10637823653885259
0.12387618931209055
0.047595105560560846
-0.19819125187543662
0.07684141901352132
0.15575177252840272
0.008950964662106542
-0.023181425806207634
0.029172704759189205
-0.05321051688901035
-0.011123298477013321
-0.02360044404149253
0.05325293973019718
-0.08048147212264634
-0.08594257955886664
-0.13100637575990548
-0.06141444775846072
-0.08150889622447899
-0.02678758468400899
-0.04132318786175326
0.022806748551020217
-0.12493395669487106
-0.20144469316084856
0.1579110365004785
0.03203828988000795
0.059178747795988584
-0.07456196195241338
-0.018397256366830095
0.12467952262855209
0.008671698061746946
0.053146456286651655
-0.005906107325361343
0.048215685952817056
-0.1050257247243942
0.03063762093124689
-0.04600646072260395
-0.24130529960462055
-0.04737938849338652
-0.15421393388341254
0.019632087542076015
0.03069647860580621
0.00401270969918871
0.19430291452306764
-0.19185852212498322
-0.06763326872527275
0.08781546337923785
0.023454560475681452
0.030929594291635554
0.021922817409532613
-0.1275876721415543
0.031266135261467654
0.0338280099797858
0.09744084981133472
0.10808107320649574
-0.022820212119726735
-0.018369176584175362
0.10575287360133145
0.0394021937407909
0.0644714870418302
-0.14419816064553725
0.05758702723204262
0.028810118234786464
-0.10878339986124874
0.10548643077573505
0.05112146249641947
-0.02532273058803136
-0.12777457299374617
-0.12360650831499864
-0.06993343046943001
0.024070847594948486
0.07124156479884264
0.0012554915762922336
0.038956847018588425
-0.10355049769240698
0.003975783116807574
-0.11357108933087912
0.036163827481263344
0.08214242991254489
-0.03741488624306055
-0.04481493876611509
0.0058935185644612975
0.08189200137818697
-0.05670462169585577
-0.11282314700698559
0.0046217873504889595
-0.1373245448815229
-0.030681975462293565
0.13492176779913478
-0.009120872783279443
0.0051624847691366105
0.08396018854460036
-0.06197004331111422
0.14176116996123744
0.033684951085303894
0.09916929285980597
-0.10094712940767525
-0.05118216245230123
0.015788106584683437
0.057774366377425224
0.0704458870121753
0.038024067367864345
0.0814365645894557
0.024846406044450153
0.03895102013670959
-0.021009434232348134
0.03699206949414546
-0.06958309392767015
0.0001861276198388273
0.146659612997117
0.009871506350903003
0.018818363700824237
-0.1597932181622651
0.011682431011767302
0.08685439141462281
-0.0024564477030888376
-0.04953255201739182
0.016515845870751833
-0.032034513415311605
-0.1328336645140633
0.005873318867878785
-0.023912926234611942
0.08898032216602247
-0.0977077966592158
0.14107709725123174
-0.2263246576203095
0.043164123693132106
0.07073568077217579
0.004468733601528718
0.019688756895731796
0.14806427898999341
0.06142610489493261
0.04962460895139653
-0.058316851552290716
0.09497879815134191
-0.02962616675537444
-0.029345136622379364
-0.07171213008259714
-0.003876614731267214
0.07612468509495707
0.07648850021162534
0.036324154341266346
0.07652359467087683
-0.004375736652141193
-0.006921985043386258
0.03548923885217059
0.019015065505003703
-0.099124798468183
0.08583842324501251
0.0028440493681581303
-0.1974089930970092
0.04962376068908936
0.04887281665006821
0.08900097204834967
-0.051966816005762584
-0.07763250559146784
-0.07076401572139401
-0.08361857778633941
0.056261764067470965
0.04945757327675654
-0.024179461536859348
-0.2042709960203919
-0.02470392418491585
0.05480334592023084
0.09121209460432161
0.012845090998460318
-0.03819169037518966
-0.07344956064148067
-0.03682741287106561
0.04605969927518011
0.18580245766937292
0.09992236377175978
-0.05680687258493111
0.08961761208487495
-0.019813423057068458
0.09420959818026192
-0.1712937494889043
0.021438221548424063
0.06771818436761978
0.010990484676097645
-0.015630879264793007
-0.2549002979737719
0.06764188768542978
0.052922525161305745
0.05037325906578016
0.12681880628223036
0.1503348020389466
0.017408010777350935
0.0028579881529361417
-0.030586473393864222
-0.030473755212930942
0.05919402332717416
0.05469797450285857
-0.032026955875804175
0.11995157307931703
-0.0013508155357977447
0.04819994279446138
0.08629040957583484
0.09802873083237346
0.11016376290828422
0.04870229452896907
-0.07620524702881248
-0.035134596913649174
0.00833812015031865
0.010410669804075678
-0.01589731228267688
0.02286095548513528
0.07115516207314249
0.04302667317172282
0.09382962146835244
-0.03940629830414988
-0.10311689840207672
-0.01283510454081338
-0.06486485269225828
-0.012468808865359837
-0.02414028671208135
-0.013756119871467298
-0.017625157925138968
0.10685190721450333
0.024584585393807867
0.09907500902612687
-0.06323661139022552
0.057295139158294595
-0.09596792412509114
0.023219145113188455
0.012914868242315303
-0.05938402602292725
0.04909289008082368
0.0427181544622286
0.02530281086010905
0.06141724049391567
0.07124622019772192
0.019501348641767335
0.00969266903992333
0.05492567793530989
0.03171166370252654
-0.036827091857784655
0.01141617243867521
0.005417710632501738
0.12043568458344656
-0.040487310799197984
0.13215832536744493
-0.030216271228405645
0.036493044066760516
-0.05014649814875616
-0.07469735321469129
0.02037662125896983
0.05837617845713111
-0.14022923377901042
0.07412917985372613
-0.10353851853018625
0.02188736172036454
-0.016372609213561984
0.11694163327727991
-0.022809831471019337
0.1296760829618926
0.02263158802361681
0.03942042604219359
0.01735745735556632
0.03592880567283363
-0.012211983376374413
-0.024705358561945
0.04074540894534451
-0.007097502041986781
0.0354990361808496
-0.1009378443801413
-0.043404470756287616
-0.02414086615051858
-0.04565403398617851
0.018872591328323418
-0.012865275655922215
-0.0023004520819276397
0.00440948873187913
-0.059222589007437376
-0.11919831745953513
0.0484137910598893
0.09443991277335628
0.025557710456958482
0.02806597689850715
0.05865238474159434
-0.053407429683100305
0.0252533570845333
-0.06244346367502884
-0.09061840449999115
-0.04388978192866089
0.0013992243451215747
-0.08370383492763733
0.02702563984728168
-0.08610936886744391
-0.03496082540907797
-0.003062840014356083
0.030088662663073362
-0.03751789664118155
0.015017440520373737
0.1338262681259787
0.066857357293169
-0.03294061088504885
0.05215308635546961
0.11078494746235956
0.08975333221707005
-0.10816243864257069
-0.0885481711013888
-0.20714604227685285
0.10302502088576004
-0.03204854722328898
-0.03238760972120003
0.08531314992532202
-0.04612377268398804
-0.0033719906516685993
0.0076773467372072135
-0.009966095998000468
0.06463912796492066
-0.010473198219699054
0.0700074117409909
0.1151399292174955
-0.058002962639964184
-0.051025351288072285
-0.048898724091259504
-0.021901930656486268
0.021231793492690887
-0.1642368343112125
-0.18818884233433375
0.08102075860917768
-0.047856907203637444
-0.039723300393436856
-0.02839778200629839
-0.1532051694812817
-0.11334330053579766
0.03606697836523609
-0.0367867827566466
0.02651592550015136
-0.026419038866542288
-0.0748536110904916
0.11608190162949028
0.06185589312089429
0.1300806127836432
0.169450780285058
-0.08399918507009274
0.04919523722828856
0.07023762670862677
-0.03903843685720909
-0.054808343842522866
0.007770342007359321
0.14020830264204315
0.006144677308340285
-0.012942238272737328
-0.16302599253547911
-0.011893470258027672
-0.05556504729110823
-0.0013330537749787208
-0.060939395597847335
0.011840851514641426
-0.04574242215882984
-0.00755363951851562
0.09526810691928478
0.08842561200863047
-0.24807916902655602
0.04268475179846476
-0.0355952496984383
0.01988254878184187
-0.0031372220258268912
-0.16779363388640856
-0.007325796312112609
-0.035848508402160695
0.11243792469133002
0.07362908754170316
-0.02543273053991868
0.05089618578138777
-0.11869320680819107
-0.0038691993001752634
0.07862796068742933
-0.08742924373099392
-0.01883760853379579
0.037832554451665334
-0.0732639635756901
0.09334253929047132
-0.21452370416227173
0.06017936243763827
-0.17037048150560707
0.03828298955019538
0.09569351933803494
0.04890596048074225
0.04084866015965671
-0.0306612269323554
0.03440045697098093
-0.020712021394978963
-0.01606414805829648
-0.052239846175343274
0.04446990892283925
0.04544303204430461
0.04828587550327196
-0.09223695876394356
0.03934893539020429
0.05953324385929876
0.059233028863139525
0.011004356541965243
0.14497243081354744
-0.056664722897353914
0.09345693308864184
-0.05243549506278211
0.09334252180753821
0.003781182602999311
-0.05901873673799929
-0.060903295196991225
0.16537476259864536
0.024777162693124744
0.038423368752920906
0.006421246399359148
-0.06621779503533798
-0.08715885661372103
0.07035172761515218
-0.025269526510869667
0.07612714756625172
0.025390026212217975
0.01380994391468171
0.04576868628322067
0.10775950008299878
-0.11922045060692577
0.005365580408757009
-0.012974878627040942
-0.009064712970220157
-0.010597550811558665
-0.08095070064504628
-0.10580041193112055
0.03268249424517278
-0.01723388653834579
0.02779573299846
-0.07848503107878657
0.0776973653077393
-0.031696362380570386
0.014687388707285975
-0.1573127273382814
0.02060304013377473
0.11810103309379882
-0.1279362228772969
0.02145069680989542
-0.007969078565061904
0.02705613641771626
0.016872661969916936
-0.14560461447916295
0.13920575168540605
0.03368483054288368
-0.05912134408466052
-0.08240740855799
-0.07841517628453387
8.123378291580163e-05
0.017829203404837346
-0.06367684113315186
0.022582996497496177
0.04726955844153369
-0.03321774228841412
-0.02153855897445356
0.09553577038805833
-0.05034934476105313
-0.03384126383913488
-0.5340441911439462
0.046925950689716445
-0.03375995177710012
0.16006063571436607
-0.020853161426988898
0.20712299745152474
0.05500854631121882
0.018909898732080432
-0.14416394911771613
0.03819633418817253
0.004550000560816558
-0.04201837558556343
0.06149410114296222
0.03864806556881767
-0.029123362207908232
0.06836602987293672
0.08640512348678786
-0.0690667653009055
0.0783220815474121
-0.1399795818785834
-0.011298424076024105
0.041227009300527306
-0.03952063516336535
0.14431145481140734
-0.03795466896766442
-0.1776685032637717
-0.005708159930098766
0.06923709601012534
0.008854080912352291
0.047203534442666284
-0.09819644466546562
-0.06228033634663266
-0.08689967342610927
-0.10863439841964906
-0.1203572670093499
-0.011532123053771715
0.01099231951175128
0.05153108938051021
0.01619137997406478
-0.13169722374709425
-0.039330803891274524
0.09712093656468795
0.0238358790266458
0.04551171031794049
-0.262804224915803
0.0664890977297734
-0.022421218296545198
-0.11347210314572942
-0.08448322868438551
-0.09200341117281019
-0.03744698446402028
-0.06303997562395447
0.020951090590656085
-0.22367995296629517
0.05743165228373398
0.004576277129724082
-0.010587778439366202
0.01864160824342226
-0.10218221930502436
0.06593201247409136
0.00799454592406812
-0.05085795085675182
-0.009338479728266291
-0.07643384730138003
0.054506296334736026
-0.12575061261395937
-0.12028129293438572
0.02141175001380169
-0.052077439505867185
-0.007743398327716644
0.03766099189634642
-0.054097693686692705
-0.034136864366849484
0.015563451447532017
-0.049391036257407595
-0.11919917535782398
-0.029135912696533706
-0.029909877531067663
0.18578114459184564
0.08230372051323825
-0.019928881437766388
0.03487011506506538
0.07296348572605538
0.003996825772097645
-0.09420468749500488
0.07187103330959838
0.07260086002532656
0.05403535213621846
-0.059303893753153925
-0.08662004433598225
0.11418788236050836
0.07645176272163434
0.04904493317628067
-0.01637451933599121
0.038457457864979505
0.033263123076334944
0.021351144364753494
-0.003323626396824153
0.131228209978354
0.10048140440057812
0.023214694233947675
0.0472034023796179
-0.06667941664727273
-0.026574505998086417
-0.015227368774250127
0.07947307661781877
0.07908056086666077
-0.17161949087545836
-0.05883109148699073
-0.05413962828845931
0.06823172576282382
-0.05937988808164352
-0.035773475196003934
-0.13073712867704068
-0.014102732692945708
0.021252523617481867
-0.037162843984408944
-0.007603459323094364
-0.04214672252438789
0.05417124545851565
0.03103750357398688
0.06582833639668384
-0.09142055073213118
-0.022282476925177597
0.11329839668625163
0.02115063823453356
-0.039361048687332256
-0.06395924977732426
-0.01889287672859108
-0.09170813609129669
-0.02624062314764719
-0.02868095836705642
0.117625565455731
0.1193641326720204
0.008526076042105368
-0.06112211554501057
0.019893211802698263
0.045844424879422696
-0.05166561905001654
0.12936852912131863
0.06158472495699702
0.0764392711889878
0.09787796521618591
0.0348446890167704
-0.08038019553885711
-0.016442190122265554
0.10125828332469777
0.03189835875783059
0.01864549158382478
-0.02545900580455429
0.019438622588977272
0.06468531474963024
-0.05811334452460537
-0.015488463296054689
0.038054109633748445
-0.005267871328338503
0.011548791990418084
0.051242503747146284
0.037311804674780014
-0.0756167032316295
-0.09034411272927867
0.019353099576302046
-0.11403376856540237
0.023077061901991214
-0.11310967103688441
0.04105605283785824
0.025709944100514748
-0.015940846377455964
-0.17622502779696259
0.056874245316002436
-0.07728197899878797
0.009697606692364191
0.032946449940351064
0.11494836081075793
0.019351727464228696
0.048294068496859355
0.04682491409652967
-0.0344942425521747
0.05880058399187166
-0.05751802564250463
-0.08757876024613476
-0.230580422145927
-0.018750986209309817
0.10011068139519952
-0.23757369144749318
0.035096281903629845
0.07621692476900932
0.1930183674620724
-0.15061216165504587
0.024693140648189837
-0.04841328011389656
-0.1888013842795937
0.11112019636889964
0.06718562513748505
0.09724281261728152
-0.001225847366977617
0.14675082986212418
0.09803657645006153
0.05630271556167504
-0.06058145183178687
-0.004317552065853714
0.0752128577737542
0.005660854262053372
-0.0451792628660993
-0.024754063281804184
0.09063493368306952
0.0708754429731005
0.06360652105201575
0.08384432242983852
-0.04615023286674247
0.04593676170184163
-0.01390732936040473
-0.02501494384948899
-0.07128116523430506
-0.06277052962021468
0.02202603098105871
-0.04663762094377255
-0.04633153180408944
-0.07460169712812637
0.1078763496245001
0.021531539035846148
0.061836398889787925
0.1382369299710282
-0.03325273146713503
-0.0019485362238655934
0.040812594639142
0.049480922429760266
-0.04974087391239257
0.06684446018605816
0.050784673680360604
-0.09993344557349648
0.006051405748050742
-0.01404101638824684
-0.010604448170530745
-0.06346278935086003
-0.03434325254871495
-0.024751668546622474
-0.013361780150631941
-0.16361220020075773
0.047895355533006
0.021679346480590445
0.1463420771929853
-0.3635660849737835
-0.00017618080682935133
-0.0636817938144022
-0.11451498275751248
0.0505368153557883
-0.004050379558917627
-0.039907452452698555
0.08680947048458765
-0.08152460322409671
0.015859136515831984
0.05444451969063918
0.01622697379610971
-0.017367140879699927
0.08898851888868364
-0.03739417677962831
-0.06869724754232043
0.039881746391258965
0.01790112957208695
-0.023055278006334223
0.04732866357152238
-0.33304200559747976
-0.13936219718503307
-0.21199567216109438
-0.15611944278681777
0.006921218008098029
0.06312179879592983
0.09149398282129073
0.020883030641391354
-0.020608114274150324
0.06430247394266103
-0.042725261916756074
-0.14412092753775418
-0.08687587470795066
0.1269311466019694
0.09812846267853692
-0.09882334577274421
-0.03561105046213997
0.09310746995410601
0.07239913815021487
0.020586869109555983
-0.06399019527543404
0.09400104639730922
0.0384712470180808
-0.03908958672854923
-0.0971859437233914
-0.015645075666409936
0.14797050690418573
-0.18118597580622897
0.007129056973828929
-0.058135167837389035
-0.12669921385544036
0.00949400285669838
0.04600914273228257
-0.0026692117928064363
0.007671375291878835
0.1637444494233955
0.037650861347324927
0.07828104389698254
0.035786362663405236
-0.1952362318665274
-0.04899908702047917
0.04096034772050211
-0.02519040882399637
-0.016657338470104532
0.05728327778083314
-0.08311846208356888
-0.04622573670767782
-0.1636938911248591
-0.11153421510847683
-0.14971496514235383
0.04564703932980274
-0.029876489464844558
-0.04501949203305178
0.0022941417359814698
0.06795674267408147
-0.05359547559362565
-0.09519218819844155
-0.01714503232609066
-0.06770328626952782
-0.03251361424927113
-0.1025701568883125
-0.11612659502873379
0.03626443114585237
-0.004466077196266016
-0.04089132909095938
-0.11621137480846533
-0.11596037242779356
-0.037140222611831364
-0.02679556045093201
0.07831753690034465
-0.07630258333429063
-0.3034617384847176
-0.26836600640400077
0.08573709113352546
-0.04818954641291784
-0.08300478709217662
0.1120172124839221
-0.025333781338832462
0.043188641747248846
-0.03072173558773106
0.14806266341809726
0.12769198704360718
-0.018031700273620554
-0.040029009390993076
0.036402758745716246
0.00415192795297864
0.08767801772330586
-0.13913732210644358
0.01707986505626613
0.039394423129982314
0.08503640277039787
-0.05109784997594846
0.02298545003053526
-0.08880392908795509
-0.1536933232466028
0.06466237690950205
0.022126956482668103
0.02817566893389395
-0.08177642346130709
0.07348483658992039
-0.024355193713543888
0.026703324097096914
0.12308700950359136
0.0361853269398586
0.0035000353671563733
0.008803905404186796
0.07786497242384294
-0.188649922105105
-0.061446558406550444
0.0840711948513998
-0.027254671797112495
0.06843893849312499
-0.04919258166131735
0.016417220409296995
0.12739092776715422
0.061183616080190684
0.007082332840127659
-0.03587102029774769
0.06453258417164759
0.11637316315435403
-0.05697129610659557
-0.043360256569232036
0.03964823124001926
-0.15073034792614626
0.022864619021697563
0.02402272537910094
-0.05385430365519428
-0.02253597893984316
-0.06216903786203398
-0.027959476024949304
-0.023125376530529818
-0.04857726075991642
0.05202946346302956
-0.06062394709554286
-0.012894520720828417
-0.008422508597933254
-0.009897691135966724
0.04135118894984702
0.08310437850604435
-0.14186283474347428
-0.04549678695557813
-0.04332740187018158
-0.014155309068812238
0.14650192055661132
0.0771135386359394
-0.0020968874917227653
-0.20673022767298954
-0.09349326149436532
-0.04813114067127733
-0.06033825856217989
0.006876397687997637
-0.26459822850844383
0.006383372585555824
0.1525588759534272
-0.051814025985637
0.14003550503333917
0.01382254757305218
0.005649630987452969
0.007781399203950434
-0.30416091076576446
0.030480666487270158
0.04142083369060212
-0.12134371702875257
0.08624988876216944
0.05612348243737042
0.11157369781924181
0.016399087427214576
0.07553950849355578
0.11381942727340905
-0.20011627091545903
0.08032986356161859
-0.046657389553806716
0.047136028005372144
-0.005683311290701876
-0.18972848499440287
0.100416301030602
0.00881564312607036
-0.041602633113120624
0.06639160410097017
-0.0004287115508306849
-0.01638735420367543
-0.07485811448300639
0.01875997344463587
-0.05235430872108848
0.024753087289445475
0.01978170049020539
-0.04245712171943494
-0.2251548522385063
-0.009418963055428664
0.05780507018510844
0.034831511941825655
-0.06495624503764919
0.04567491522142608
0.08312794380315197
-0.030681138130076002
0.11368508083882456
0.09120047653299801
0.06612686232918735
-0.02063615980981981
0.049123871991560375
-0.008460202564670838
-0.07697032472814214
-0.1593416147880361
0.0035365672357786093
0.04320686280362529
0.05532435267737351
0.008929182958977322
0.04555177450517045
0.028557197712053006
0.01979620363580753
-0.06634703574398026
-0.18861539261062832
-0.0951706974365657
-0.004404224926354394
0.009120025755653516
0.10472877407342507
-0.13928790334496288
0.03582462963673305
-0.0172065907330603
0.060391071246036654
-0.286460201971405
0.0177022893187902
-0.05006496978107011
0.1875290623400646
0.023211702734653228
-0.09112190290264066
0.004156436045305079
0.007663613744933351
0.01001029687836369
0.01417870709928809
-0.14478119047647942
-0.10690025114023693
0.02001565881125067
0.022082105107613326
0.12254373286248227
0.12115903124565286
0.09408652361360853
-0.03414915109318317
0.05680619041977525
0.03186573445726382
-0.048003047680260424
0.01284379992352308
-0.09329183917696116
0.031230806771501918
-0.020773041285182425
-0.055517306563261815
-0.053353637208034876
0.0543967933266275
0.13499321334848258
0.11173209039374732
-0.08744803870365592
0.11508099328250126
0.018726939656270314
-0.2367541105835569
0.05568790337161228
0.010417336799641908
-0.10271173982520776
0.1229153266169365
0.053884923653249484
-0.05978273307747106
-0.303236370473137
0.03441246818031063
-0.02295950309012984
0.04423172461592856
-0.019100611081381724
0.018991300333443872
0.10647430989904882
-0.04666660236558706
0.07093070344191438
0.023937014128855738
0.06017064547499956
0.12323564052349673
0.11643890778449845
-0.002476842483361885
-0.0047095273826402995
-0.020861620395151048
0.03785219041556859
-0.0057718892964241375
0.042887666106453115
0.12361496867750454
-0.024888613476365506
0.05634466681378014
-0.003421213488003394
-0.15671966632815026
-0.06669544917116299
0.08733404276014645
0.09665610000523334
0.002348360053205989
-0.09983922874231754
-0.1032689476215144
-0.09106931478190639
0.1192615510297943
0.0035281826203462097
0.058478028162013806
0.007497748687072314
0.021450330058170652
-0.12241808052699077
0.047196184350382864
0.024229323046592977
-0.03821674416693499
-0.03776499644404574
0.06643678690165572
0.011665712804697637
-0.0157885235158971
0.13108759439871404
-0.022587591461389667
0.11650705028033292
0.03560854403406993
0.0719965597954852
-0.11824768359435389
0.02058976570361787
0.04189201191550701
0.011293149740979669
-0.11144923192080447
-0.07072831188920325
-0.1548167242221773
0.054084358457837045
0.11192931164031894
0.0415160004826306
-0.04310418911275404
0.02396184338195939
-0.03619079217202048
-0.024834005933314196
0.07478264407801238
-0.05260219522839693
-0.07420723507889215
-0.13213006117643256
-0.08106129399294226
0.061146711343617544
-0.0976535279186751
-0.02852983737481196
0.06449315757469115
-0.031009046801181106
-0.05468168845021759
-0.17370815491719882
-0.09778749609661264
0.006814208958766166
0.07018379869993713
0.06315452543924682
0.09553044574127251
0.03343089752759826
0.028450226738987894
0.08192734334123869
-0.015303632584500071
-0.12278776166642524
0.0009063025159912752
0.019373310693654222
0.07022846336283878
-0.13659765479331132
-0.0015565571130805589
0.11706835458416798
-0.046758545843114674
-0.054876052841680734
0.06648571350143351
-6.64780738388604e-05
0.06790222568300824
0.004405941832502647
0.08152139347530796
-0.0948549804337776
-0.034550752008701835
-0.05325845213321023
0.009540384040990557
-0.03512635186792312
-0.07583534003619152
0.04485735859624257
0.03913984550490923
-0.12648965738428375
-0.008421310757386169
0.06564524891289425
0.05035675737449813
0.015363372020029575
0.002283702944250565
0.0036452637991156167
0.07436882578923726
-0.23484939618807166
-0.08402845320970453
-0.06202804050634414
0.08303134420058322
-0.043520969017701305
0.06296814211446783
-0.026547875586232395
0.06595993934377659
0.06777581188441317
0.050429983632462205
0.023075254546081336
0.03141910413762361
-0.018855416000901015
0.06351807265707449
0.05060890838678228
-0.010802913011795923
0.044063887660947765
-0.01736971102304341
0.09054660672845205
-0.016203824495030994
-0.0034745801780680097
-0.0650541863790618
-0.03370407609705006
-0.11148055660672918
-0.00406172548317274
-0.0018650693668361695
0.08226630182778927
0.058862739624406635
0.03023950731316488
0.011754136380470015
0.023749050647467906
0.02044956841265133
0.005800910077767674
0.040310366404790465
-0.006237610726970821
0.0613443462318371
-0.07485931608984508
-0.2717592989630738
-0.012962882527766673
-0.06260891049430528
0.0412747824373591
0.024223679577849044
0.05351920255706899
