-0.8253012163086787
0.6257813640564157
-0.10771208728028678
0.2839084081826187
-0.6777075975766907
-0.9562509903598889
0.3551969621602461
0.1614664896113921
-0.6706819176476844
0.2539552888328772
-0.19224357165416547
-0.9787064896831382
0.5707021726283896
0.8405633508937715
0.14508546952466916
0.5110506755814112
-0.2581244476716322
0.7977933577922255
-0.6713681304396185
0.8773482692042187
0.5010397475558452
0.059501935619454424
0.09395990558893694
0.20596742296392828
0.3290802016378482
0.4450362701372562
0.28871421872008124
1.0994384703881093
-1.5751887200167736
0.2593294166088481
-1.3033376023413037
-0.027007564185242645
-0.7505647682481016
0.31137498420144993
-0.12746556188374783
1.4428071785620644
0.04180019904307639
-0.5847559194811354
0.5405800738018578
-0.7050026710029645
0.14289080713681213
-1.106575874869893
-0.4180446465672026
0.5086892477468169
0.11722327079519368
0.03764882858399335
1.264451042276161
0.3630383161202414
