0.42375459866653864
0.42990174612987203
0.4220133145102933
0.40407427934237045
0.44745133743375876
0.39117424236268006
0.3859805229453405
0.39666341569732855
0.37475984438888893
0.39573115487478955
0.3586911283810419
0.3873889419871172
0.34928529697137123
0.3916766488898756
0.3662497485216153
0.33512216084590807
0.321888580292084
0.3410527950527792
0.32878700456769205
0.34883764531350736
0.3476852051908502
0.31970667411989484
0.3020809084589642
0.313080136891304
0.32672880750092526
0.3092157746274593
0.29758069664245745
0.26512365465215426
0.28894600925375813
0.2869899722419273
0.23462050995693678
0.24908698943483137
0.2442476312293353
0.23324297585308584
0.24692944288095392
0.22547186298951344
0.2326205559370393
0.2236480609031578
0.20817794806426276
0.22180123235666593
0.19666729422895218
0.22208965111545054
0.19731510461801838
0.21600154347555484
0.20454808521309026
0.21754837079691175
0.22382477339073187
0.14954784407068966
0.14531767596417627
0.2044394126258574
0.19481783197961655
0.20550436904988023
0.19948462802681077
0.18544197603517631
0.17093643076245674
0.1339298069907769
0.2146209503831299
0.17156413069653154
0.18326603619592385
0.20761272726931557
0.2131552561749741
0.1736391973126909
0.18571469011379366
0.1659874710048943
0.125710017605071
0.1797250587974627
0.1722616170610718
0.10568967971830695
0.20122149176488785
0.19330960860963642
0.13285101419394524
0.17200990800621135
0.16720043256758266
0.20290594841000853
0.23523887350098932
0.13796719595832774
0.14749650949808524
0.1770327372606968
0.17571086231259186
0.1703740437720075
0.1565642148583592
0.12558123097255058
0.15638402094722503
0.20149855314744186
0.13973439950120914
0.1540453980591383
0.13353622755809696
0.1674093665904861
0.1748677545664551
0.15062211262241848
0.16649694488870953
0.14910252695655613
0.20512957610903265
0.17505831693820761
0.18166039101828635
0.12819034188301154
0.19023667708659403
0.24499523874903678
0.11264310375138065
0.16979655216292805
0.14364419376556986
0.13758350783477125
0.20370210065527916
0.17398740790818457
0.11446247871381027
0.20344677550510065
0.14122566767375405
0.17501069190550655
0.11742343490207408
0.12637597506817289
0.1622128983113023
0.1232697331291781
0.08036213331626074
0.13518592584790268
0.2040896896834264
0.1739011184104065
0.11257535504281008
0.20862803687514653
0.15561837990067184
0.1489278345617921
0.14706961426359755
0.1826997411495806
0.1256756667635225
0.21835654853296654
0.18443017557097868
0.15237380240044884
0.09932056823391067
0.10903035077728879
0.15805479808603173
0.1646409104496614
0.18074232019172853
0.13709483034810577
0.11516011631187872
0.17004314994260566
0.16747867046283632
0.16805050378031539
0.08138064679937318
0.14536967022644065
0.1520370543300963
0.14866415860234983
0.17640288312567926
0.08486990003803957
0.16216557679177263
0.2218588780063518
0.12052127875166635
0.11064102148387411
0.03207999769979314
0.08695905264863146
-0.008800565815631267
0.16029628636939308
0.20628309934922573
0.11008274027740883
0.07312259520617526
0.11440951103270952
0.06822438424857774
0.10743253391284868
0.10457521659005925
0.12102712100475194
0.025788971375865444
0.08617158764471894
0.11155467885699843
0.11778498819266536
0.16447367806522378
-0.019187708069396292
0.10225198097370869
-0.025425024551028574
0.03881219978913947
0.13228771685444063
0.005874751671488376
0.057019842264620035
-0.04455045748692121
0.11900536565759023
-0.04347741787564252
-0.06900602339484074
0.13744857106010777
0.10494277560967236
0.17984822221022378
0.2667260404939461
-0.006576612537839255
0.020301577659615877
0.11437480030424096
0.20215114664779532
-0.09628132458726268
0.156542512178661
-0.013106295376179578
0.1306552182487205
0.1486742666189917
-0.04359826279825241
0.15819563860514224
0.012707258401095156
0.23633155122225302
0.15424805537142783
0.08780052981893283
0.11931009669469628
0.12888931412687832
0.11564837303257963
0.25441634789855033
0.07657923393598537
0.01231632460658777
0.12263038001248355
0.21956652030432477
0.15152283846690773
0.06286857192075462
0.04910268286667713
0.12774426042055798
0.09586557009362612
0.12133422830180912
0.16672707711132434
0.20415000198374245
0.1506304246114561
0.13707778994820613
0.08508570333412752
0.0031431253231829492
0.0018579465062494305
-0.058280958176008646
0.09403383556987993
-0.23778619067548012
0.0495547517764926
0.11588772496944477
0.09722471157810031
0.11672554467117435
-0.11601231635771558
0.09766289302841852
0.21514388796308487
-0.0011718197169992006
0.10386485818354096
-0.07420545317492977
-0.002815456910062464
0.001456320473544881
0.24202869815857414
0.03473448596958356
-0.29261056377107764
0.08580584322365303
-0.1516979441962235
0.06864276827932747
0.17482951228326227
0.08753054133510196
0.2007203728259433
0.2343219864249491
0.06296464643035382
-0.015427256571403425
0.23953330100953524
0.05730547935115432
0.22593036332623145
0.17164468608250538
0.050406613629162766
0.11085847042554026
-0.07373435645475057
-0.15736642299965742
0.17598625632543435
0.13976409709814164
0.13434245598957545
0.05176016444917797
0.12504501586706623
0.18092909018484266
0.06620407825304575
0.15951491391935035
-0.07481442881072176
0.10431597250692637
0.07955259575083817
0.11764073301686179
-0.0393487186234559
-0.03646951432643475
0.10168306396278504
0.08720824787435993
0.02498570247572529
0.14171491895716032
-0.020630995370223837
0.08337375718070833
0.07941205339151686
0.07383925782724698
0.224186001735869
-0.056658362581524235
0.1742032375476707
0.11861747904381448
0.1753219368769744
0.20677164660329578
0.18768742876235417
-0.06120994162506288
0.0781536936059335
0.162667643869363
0.03431945832467276
0.07118765104004804
0.09109997899311562
0.14628528005840952
0.06987339890494809
0.14671809741434072
0.1348077238676481
0.10749545219160966
0.0491180860870683
0.06831138230706574
0.016362852997463317
-0.04304002415062169
0.0854808988474911
0.19957074933691205
0.06362755345342175
-0.019561349859066768
-0.23185297449271136
-0.04538671993269883
-0.06382889099473554
0.14662509460338974
0.048752414063064575
0.08438892185716701
-0.09465536328113489
-0.4179246772146007
0.09371418430223855
0.10250364503897758
0.005823154566082012
-0.07562147817882958
-0.09383245977852417
0.10715629681904276
0.01891931804809821
0.056390396542169985
0.1936695360218647
0.12146320424204149
-0.018382600362555568
-0.029668000950311524
-0.045114793696914735
-0.23675930525355116
0.12171204742115121
-0.28277505588689655
0.026819041152694567
0.025594454198960725
0.03830585032567291
0.03115308182794141
-0.00279100359358464
-0.574719302616487
0.029734372380156804
0.13813326885227795
0.08686141695836203
0.09741521942284515
0.03444802566783711
0.06855858107659679
0.024539932501411843
0.02535348719825231
0.04836750038106413
-0.14928624120154355
0.18274276910178083
0.0797393390936037
0.1265831289322336
-0.06540289146468214
-0.10706364520710199
-0.10653567030561018
0.22215111833634443
0.062024582721973365
-0.07763271690085305
0.006119661176908098
0.2524742749691467
0.10224542145558213
0.14216593773306108
0.19657503450646158
0.20920602787364107
0.24825625216777075
0.04741595728275738
0.014979196841083176
0.10609696338363728
0.02715257946595001
-0.0034931667064482808
0.07870605708338735
0.16703869727673154
0.02189819972679019
0.2275810592465879
-0.06190661207827319
0.223351700945237
-0.14136808516544874
0.08790570716146645
0.10590916060609279
0.15581290486069527
0.10213036508874374
-0.012100612805627353
0.028774950723882642
-0.019080955953376555
0.14393001183006976
0.07260973255321446
-0.044124597428736756
