0.44307393371520765
0.4429831725850109
0.4292582945599859
0.4234503897297854
0.4161569419627584
0.40996162780234646
0.40516849090697155
0.3991630588397992
0.3897480510128549
0.3780683186420889
0.3713406686145725
0.36150912470197843
0.35660637312746335
0.3502554309660488
0.343704707940485
0.3408180698615835
0.3312872627693967
0.3255332553531063
0.31490708237993614
0.3063156561203634
0.30514203120039785
0.28883074220031263
0.2852350813378993
0.2769880313512422
0.2675602037049959
0.26708132003477286
0.2592951577700838
0.2524300013026407
0.248609502150408
0.24812570080450036
0.23693237753353552
0.2306743033613114
0.22903155264996194
0.22956468273024944
0.22345995751458975
0.221707015016247
0.21996687621211347
0.21236754341773045
0.2080567049365462
0.2143106897013085
0.2121457390658446
0.20917656846147048
0.19289866154585905
0.19007825259175593
0.196535921155791
0.19904896149921236
0.19171403394377595
0.17540445726737192
0.17730378402956032
0.17773086370628977
0.1701933578894252
0.1843635795025667
0.18028618275379588
0.1724588151277655
0.17803480379734626
0.1733765199413268
0.16504477398544587
0.16083292860340387
0.15137452270420365
0.15173309345320102
0.16790916762424435
0.14888262127150748
0.1573361165687186
0.15617348189017083
0.15057253632570955
0.1555615443543235
0.1418719755579413
0.1597536203065389
0.1536061964037903
0.12928944543970006
0.1388034817643965
0.12893572757484795
0.1383851241351572
0.12882696320338588
0.1164745040418913
0.11584882789366113
0.12685741426849756
0.11901421908536225
0.12339733922700491
0.12111412276278999
0.12931149430789385
0.1323724482543302
0.10672203484174259
0.12298267785443912
0.13334317482850788
0.09610482010109539
0.11213651927931306
0.11485674706515553
0.12141105461893037
0.10315661004279592
0.0965001335221316
0.11126075060545909
0.10379140428717992
0.11169547764348864
0.09886529515894243
0.11239524049204658
0.10888677690189102
0.08386274980201597
0.08749122188575698
0.08656629006682481
0.10162914351583341
0.09018401260720127
0.10369282734746482
0.09591484791673677
0.08748616983484214
0.0952781369057007
0.08181779234970582
0.0695225317831637
0.09174756780261145
0.09287599029149002
0.10608463914129174
0.0711990899308827
0.10179579384389703
0.0731604461932377
0.0789608221881109
0.05904593206794745
0.08302715077562722
0.07079866413007319
0.10512350877447368
0.062045249503812794
0.08048740371289054
0.0672816537415763
0.07128653125131174
0.06762941543735584
0.061231966482162115
0.08936466323765352
0.04052607285723492
0.08348279607035619
0.05197634471051732
0.08300449583172342
0.07343257854234109
0.07228013194931154
0.06562622218553044
0.07406675572218757
0.046910769305514355
0.0618436297029345
0.05701809387732376
0.07931468384302887
0.08645797885869627
0.06686054230525668
0.03465303239874051
0.07969839548486485
0.044013634323056605
0.05549178255867837
0.03452152429516303
0.03578011548048676
0.08739680720830328
0.07585778940453325
0.0697013153792494
0.03920361277630008
0.06609979783678671
0.085855990066807
0.015428516693459515
-0.010028819664904653
0.05599084979151042
0.0914493885667782
0.08694688677701251
0.04165228747960947
0.026564535337460726
0.04340215216669174
0.0023977292138349093
0.05858077821084723
0.08963480149853392
-0.008105042594460987
0.06882619938371581
0.04244235263517615
0.04680589736414015
0.03552084428378621
0.06876425343971804
0.01543833760454405
0.06734384252140108
0.08727966780945307
0.0583018165561584
0.025218788590308072
0.03748702099838935
0.0198656826133623
0.05722331486207538
0.06130204977147086
0.04072115048858749
0.0580981289031664
0.06296460887115035
0.04608616126132853
0.09571718220446368
0.07255190330977168
0.03271233101555843
0.06303587281379242
0.059865189267949204
0.0288097455116208
0.07317304040938855
0.017729634677196404
0.04154980474304237
0.04856540137035026
0.06558319472376067
0.06080700773780262
0.07311048353962296
0.03335995997137481
0.06699670531545449
0.05018757553098879
0.020351820179456803
0.020600586383348996
0.07810591138701212
0.06636968724844589
0.04907052238762272
0.02301060302224417
0.07160543208449038
0.0843897720076025
0.008727212091556746
0.02165636056057413
0.04208576177555634
0.028350377952175543
0.0194219494005749
0.04098146981385775
0.04893967230348073
0.012340749639580872
0.009381772065533867
0.05315318628154048
0.033570750344416034
-0.02994079267410721
0.04403757085705706
0.036974848688723805
0.09668458237874478
-0.04308331777296803
0.013062694315214507
0.039560387489888604
0.12185421556108189
0.05326621407549559
0.07900125387029189
0.02951393171475092
0.024020368962572702
0.038468144878064325
0.005461234935805415
0.06857604131169759
0.07759622995818494
0.0005041369402473683
0.05704940816663451
-0.03883927427193523
0.01721786842099876
0.06281345882540412
-0.08031257053986829
0.060561977075627826
0.05182996606474766
0.01806061918252072
-0.052580959426334783
0.032369650606972944
0.08349422083512725
0.0016565682403425486
0.05973056846714786
-0.023604797664017685
0.014697295813940248
-0.004584292835307924
0.08366446825125856
0.06907345638777684
0.0022250651794719634
0.024090015156955913
-0.03978156900255381
-0.009211800174075746
0.018736346255080527
0.06163952950147206
-0.006327079899726917
0.03334542929444073
0.016215517929308088
0.044480087812110713
0.02880025708234918
0.005458945325360787
-0.05497739339973873
0.04713738458750799
0.06209465967058175
-0.00027891812549940553
0.050442633690050476
0.037672308508657104
0.02069439612576296
-0.02506847563061787
-0.0025356434008922957
0.025938491356358118
0.023958304894287907
-0.019067029760657772
0.04862943096128575
0.001109993334198811
0.03338897043170519
0.07534323690455336
-0.048218827851026935
0.005748462899706541
0.045630094795540976
-0.05688946420219032
-0.03733374340799556
0.004000346987667436
0.04974776838199818
-0.02609120692377065
0.03337158813937685
0.01748919588560177
0.07561830928352786
0.008055392170334796
0.024225170845227406
-0.02717002444340788
-0.07625967977595771
0.044458244239302
-0.045704033969134805
0.013069705954493083
0.08231632676824613
0.09706581004367038
0.08752749504997148
0.049313199970196286
0.05346095003648205
0.07436514054759191
0.14811740430337367
0.06989955408226006
0.03373948785472952
0.06867656675759848
0.08974723129613793
0.0014927849712315644
0.12266523891614045
0.0650501335765693
0.057698812940844224
0.07190243550379688
0.030621076163054206
0.03786162571202312
0.02810962866060196
0.0077246682264175415
-0.01612393343895402
0.035357609344451535
0.09617304861278142
0.044412515815207165
0.061449063370519086
0.00729039745734017
0.044078642986104255
0.03407176666584372
-0.04166087397585794
0.019130373327729322
-0.05183185364300058
0.025195588257250878
-0.07398025735289637
-0.01536156903856456
0.06340944471696242
-0.05724648256350995
0.046185282340302614
-0.043763110730090315
0.07053647090820436
0.030815409336998
-0.06233309849148372
-0.1571145703198068
-0.02434253537424791
0.10186462351953518
0.08737409341817304
0.10022371872159352
-0.10073276630516659
-0.02312995643324589
0.09710253085201753
-0.003211120372471732
0.03562896103871255
-0.021054211464101025
-0.014178700511968345
0.1456178363058126
0.014730113539357381
0.002242040917318666
-0.12628248676105147
-0.004271812435681088
-0.037741429481742195
0.040139399075621474
-0.07293730169712909
0.010842245579936405
-0.013868522519925874
-0.0009384954855374827
0.12193283150291073
-0.03470252388569672
-0.10574891588503232
0.0364085250476886
-0.003524592963451423
-0.04751647729885444
0.055067230550585045
-0.037291367230770645
0.08182519241633684
0.1543730345154279
-0.02469347717991832
0.06111576440823252
0.036315525611003485
-0.021137961492956325
0.08393409758108983
0.020912934201722244
0.07668352580995819
0.01911127655711159
0.10195445363270061
0.02979538942584742
0.01748752001688708
-0.01599371261047866
0.02122598936497533
-0.06073185349793231
0.06799711147201087
-0.05943337300352325
-0.057145812657524164
-0.07166339548725575
-0.034953131985268504
-0.020709039346828884
-0.07973378905786166
-0.052656715735751036
0.11754845128656743
0.010817804228989314
0.062897518093812
0.031438772717277796
-0.006379022011523516
0.026501214428500064
-0.01361484055605744
0.1001922427112793
-0.06741178467465492
0.08406042339381953
-0.07779398231899559
-0.033448180378936265
-0.012480455497804854
-0.08339871055175774
-0.1558887196754597
0.1628382585580197
-0.02988244750381086
-0.18091644411859875
-0.0389195856247353
0.020410262083213893
0.021591948193705968
0.11537397329974342
-0.20631545055484513
0.004718266827484996
0.06586229257936599
-0.004328440110345055
-0.011891423120522715
-0.1749354225047225
0.07754854580615805
-0.1310293489216049
-0.04162477650383489
0.05811786563579685
0.08459187874602814
0.08111553571863228
-0.05924137156611242
0.10654009175766915
0.0320604539790727
0.012986604161213111
0.02723055082197484
-0.005023781062326482
-0.05854694916442593
0.07573933911647224
0.04050448997408207
-0.036624142758553524
-0.0024357554370207923
-0.03037846018481183
0.09741518869862553
0.08366870034368379
0.020050020491976073
-0.04792666257776412
0.09410050994951447
0.031180316306512135
0.04360892720269105
-0.07505719178097159
-0.023780572315574733
0.10872830019647489
-0.07266465934325117
-0.03717810699256796
0.09201173063579932
-0.11664075599072221
0.019564170337260878
-0.018954659679716657
-0.01846972529834523
-0.027266433782700772
-0.03589345551541012
-0.1443851872687978
0.0762253907069621
-0.03349948806665848
0.08995448616687396
-0.06090533198251513
-0.10677560863726654
-0.047726068107279196
0.11000257222485604
0.12580932855185756
0.008297992758872552
0.036040712666032815
0.07840642798024106
0.08007055032510257
0.040388311191529636
0.16996861149276898
-0.04130818367018452
0.08645182291170045
0.000113199678284992
0.08406621969872685
-0.04994050101164049
-0.013325179059367143
0.03061795740026746
0.011160112402181399
-0.022788624589175854
0.04926275550908549
0.011479396738138747
-0.023471770715592366
0.029172759877677035
0.02250863786654872
-0.014810090744078797
-0.07311641653237044
0.004977044838415656
0.07295152350765854
0.01928753914612047
-0.028530185110133055
0.008210242343576535
0.041833185491207014
-0.03739160160359434
0.12475713368757896
0.07511005725118863
-0.06949297249161845
-0.012341705735093078
0.004986872046194246
-0.03097087858091707
0.06352824118418682
0.0185781943160509
-0.011538467266823837
0.06556101463071157
0.1455542151302079
0.09214034860055081
0.01071689602855952
-0.021079682922780507
-0.00837350073639076
-0.026509969071679906
0.0578999191823969
0.011796729927180893
-0.0208714182504679
0.032105932658694436
0.02699567273711656
-0.0005165983263270002
-0.012995537359304365
0.023891295017180958
0.08053483315376408
0.00055747625487651
0.03239874282149058
-0.03984760113954411
0.008395570094321847
0.025963394397308603
-0.014149427733078923
0.0369997947934117
-0.017193452899675887
0.046498463104220344
-0.06645547448885314
0.032792597572460114
-0.04389184440702243
-0.009265294136097224
-0.01865471928162543
0.08343395904032386
-0.024589399851653093
-0.014551521308216908
-0.0029496560304231867
-0.06251798316205892
-0.022700526715913494
0.05706451258296358
0.07648934527656026
0.02369318974713297
0.04000752362221399
0.08950440436497314
-0.015407699424333732
-0.1386150953021571
-0.07184973763925373
-0.01650494397705282
-0.06578462780821448
-0.026442245857971725
-0.08636806778921446
-0.017667612087755136
-0.03714796146006338
-0.03933854174440132
-0.0020556303003714804
0.0066375289882426025
-0.13252581531308127
-0.07763622952730409
0.06396529000731
0.06862797980219049
-0.007835699861444834
0.04276444168725013
-0.08884036192049094
-0.167052706187521
-0.06483917207541479
-0.11595065431713891
0.049125087117330934
-0.05315714412941175
-0.12513571246927047
0.08343893827564924
0.05343351985197131
0.057945673753140026
0.09276611707287258
0.05031197968386608
-0.08179478428107989
0.025615485994483267
-0.12937615540013558
-0.025413940016439818
0.056928666409786555
0.035468546745651974
-0.1536060278794359
-0.1295916758100203
-0.008206561810940483
0.025265857392855473
-0.1313047931482202
0.06286857724180311
0.09646345675635404
0.08428182681985391
-0.02563837623191023
-0.05566442046856057
0.031121665373679663
0.004038184725449034
-0.07907641639937124
0.0798519874205903
0.04165879688209373
-0.036392969214819715
0.06504918054288578
0.0287738946404808
-0.15811467684305502
0.06891325872351584
-0.10732349111137174
0.09207031022986956
-0.01712988397526649
-0.04199496761775112
0.016111841901058688
-0.1039887552430373
0.06771257741281228
-0.27000251681218457
0.02821576464741199
0.11787483480803651
-0.1446099263230628
0.11213853800938756
-0.006744274362353253
0.04890301226839722
-0.027626537305007304
0.129295695216538
0.08635483107617437
0.04191237046329649
0.03866090080081236
-0.08404939267646439
0.02506057975771353
-0.09701057275524305
-0.028255708097279952
0.016502805836825896
-0.03772107772698308
0.10647235442008396
0.048080782552040235
-0.05734009919233374
-0.0036045381675988697
0.04828559226318824
0.038246005636231706
0.09827873545824906
0.08713138001766535
-0.048816262945579725
0.003754031874492192
0.046289956991351466
0.0435384420751494
-0.023276696319779244
-0.099424685720929
0.04767790335965022
0.05572621760282037
-0.007841913276305124
0.025936108679624592
-0.0669784000606457
-0.09035622740755045
0.005128916737718814
0.0006569101555562451
0.022785135841901172
-0.0497680912475158
-0.026597096387798613
0.07364431271977845
0.03860847283187535
0.02694604702635789
-0.0033096000188798103
-0.0014296968210325556
0.055149951240624606
-0.0044162304239961925
-0.018620272667289717
0.1272971636680671
0.0009541922086017673
0.05672021074611583
-0.05135114616603387
-0.022567307617287646
-0.03989654253721919
-0.1258704743794351
-0.037016715211878104
0.03199775563266716
0.023985066258089105
-0.10506767609422718
-0.18521323067633366
-0.014312869097634517
0.08734305503170431
0.021514736956332936
-0.01830356153612811
-0.0019090299630993846
-0.11672784058888386
0.09662851329716166
-0.04365542771065278
0.010962182105731966
-0.21296531675208696
-0.6007638731976117
0.024237877424781784
0.1080453615694455
0.007577409290083659
0.11816261117919136
-0.049872463770593956
0.03670178692708098
0.1108501021188007
0.18908146069622872
-0.14655621294645382
0.1111459067760025
-0.13450698206293632
-0.1465722375164471
0.03354628689572564
0.061527282143640505
0.04603730782091503
0.025014473283079708
0.1554987169719586
0.09038985743152672
-0.04199836380863298
0.038375091776616466
-0.04568929651524578
0.09284173937206458
0.04499666645074807
0.0416138803577597
0.06067467876073429
-0.09781868004864358
-0.061997497377700994
-0.0895123861600694
0.1249227807405972
0.09654829645579793
0.028705756150846473
0.04259230140881831
0.032811812443863164
-0.05826334208121031
0.04521512614463746
0.004339997576940202
0.05489399775329068
-0.019699297499215618
0.017278217895756343
-0.13932615466792486
0.0737067252801325
0.09243415824795093
0.05286022630455933
-0.07032476522265452
-0.16307199425160113
0.07123275645144905
-0.039279111821265644
-0.12007005113501468
0.06302901529338728
0.046567359776247264
-0.06663993808091573
-0.1298124512316302
-0.04884957704481063
-0.07143522733617147
0.05186189888045589
0.0003702122569559374
-0.010751781062667276
-0.16449260264780374
0.08190639160208524
0.05544850408528407
-0.006172410455063004
0.10853870183709702
-0.023491043071039774
0.08011659809461624
0.06252839807554306
0.08554172723402848
-0.17308707824895442
-0.008722908795142259
0.0898547506097026
0.028012037728048944
-0.06353326309429785
0.04785826936578236
0.02158553233794569
0.07731739003079463
-0.057502499863036016
0.0018034171900863094
0.0349804011651742
0.09967685333828302
0.06062553168341378
-0.010073587170999931
-0.08612636691336328
-0.010991891525952369
-0.009215356334899005
-0.002668826337513308
-0.06428465448957477
-0.002302237013754538
0.009926288030926211
0.018961252548691243
-0.021226565317140955
-0.013585188081546962
-0.030429656225607116
-0.06352140102914272
0.06403046749084157
-0.03431684339711227
-0.10460885795136832
-0.011196619152564868
0.03033564372280284
0.06895045620047485
0.12135292801964431
0.025770760858545183
-0.03104204821770773
0.14519135527819393
0.03857641272296597
0.023222948297210166
-0.04055863618024724
-0.15627777054161995
-0.07982111650202106
-0.0031482463036031083
0.05489213879554494
0.04605263139578514
-0.13402899013666691
0.03942281726277125
0.08570376686531672
-0.06790767995205527
0.017841590257076878
-0.07279911896820901
-0.03435830447115873
0.06823148904668119
-0.05513915316867546
-0.02826239801064412
0.09401001846481066
-0.02962864262979048
-0.13227474404368544
0.07759040496689174
0.01293918105050218
0.06305592197451215
-1.0882667153100378e-05
0.09897597594950774
0.004938987753500768
-0.01138525535434709
-0.025575723953903062
-0.0022395635530486624
0.05212360680721606
0.11420019983711455
-0.06378028701558325
0.04713142420235211
-0.035896293176949534
-0.018663634025270492
0.038521655620831374
0.02710840480634047
0.04021152272232581
0.059529713832952635
-0.14080667232427124
0.10369584984002839
0.07103601066079229
-0.04197369052505484
0.1191951370237429
-0.025183828569875888
0.011943902626476488
0.034131172860880354
-0.06508015448651405
0.02187714091405235
-0.005876542420262698
-0.03827573549051144
0.06945733618139277
0.012823128604536327
-0.035756007044248195
-0.07885189817110105
0.026034127753153335
0.01392185201591617
-0.00278309730941817
0.08422879675621298
-0.011068519413140354
-0.010518676187587839
-0.015590534676089396
0.043979378731726415
-0.14231058163925037
-0.04917182438396139
0.018817436463556936
0.02226917038269538
-0.0509191716705133
-0.04117854772285634
0.014116398599008817
0.01686406636581106
-0.019327100073966097
-0.10970931978374054
0.029688630933323412
0.050785423185321754
-0.056725072745299365
0.03339924997014193
0.07550268814209216
0.08876345949940123
0.012685216131350374
-0.004961669578526617
0.06486291707889674
-0.059994112043896375
0.05474675346969948
-0.024664009198321457
0.025497990491867517
0.009507544715855687
0.013591626262800804
-0.11747224886210661
0.07956690907224417
0.012260345302764208
0.07831677983702473
-0.09111386393001986
0.028722974608141383
0.12365715288005552
-0.0037366903089977033
0.042597820415898324
0.08560809468642783
0.028603102817418624
0.04496574627149047
-0.0808806633766066
0.06722779751121177
0.029977353024668918
-0.10591402929961768
-0.02471660266503095
0.08269159405069587
-0.0491678134387189
0.04549352385502631
0.047292890731328474
0.06300827406747223
0.01932427071795839
-0.016063855400048843
0.01677927975314364
0.050434796112123426
0.0067876527813147125
0.04917145393472899
-0.10940203513285585
-0.06396630049312402
0.01079654624485793
-0.025227821702685005
0.1246753831850605
0.05130311176575003
-0.03951987172283544
0.09797822001928902
0.0720585822471887
0.061158081477116155
-0.13027892789359075
0.14213075232298422
-0.023953834864343215
-0.02004641778653904
-0.006246006316148578
-0.13865233843335634
-0.07120988771790104
0.02401130766511894
-0.08545858047194299
0.12069603591531086
-0.01128312091727246
-0.1287437209415888
-0.0427651685167838
0.02874418811280116
0.03995715182184545
-0.01968758335135956
-0.02614629484569697
-0.08362855301971872
-0.062349288756769816
-0.0429882370648782
-0.14134917963040194
-0.03472267368987603
0.10821248184440102
0.0600440275957137
-0.0703137786755621
-0.08773595571581305
-0.05226511647925869
-0.17150915282695323
0.0059789889152930265
0.019895938732686635
0.0898120578248639
-0.07519522123078981
-0.015987833804226748
0.096337158415787
0.1319807800819946
-0.03995717167586932
-0.006006537788581956
0.043293496984440516
0.11773324774086769
-0.21935592678809424
0.021429424648215845
-0.052396380780187046
-0.03297130953739613
0.1317610340647426
-0.060293615736743855
0.01574835203913333
0.06296698708805659
0.0627133317550726
0.016294557455539427
0.015699426493636703
0.07908749515313013
-0.03772366415767614
-0.13583677898594249
-0.002306662304682683
0.027242530665403886
0.05646979053301593
0.09636344633628874
-0.035351867955100924
-0.1262557105444938
-0.026924815717327855
0.0015748218556340676
0.01380585761414399
-0.06991901127746458
0.02626723464226277
0.08711453207239817
0.08120731481610177
0.027790964011551067
-0.0537841228806033
-0.024459262266003368
-0.07660413668028276
-0.12890651269106335
0.025750035644173164
-0.1433538599761479
0.028064079122904095
0.08587325416910713
0.006883245794841675
0.060480061898502135
0.13832476010444528
0.03163068022775578
-0.1011149681467427
0.07682196150810539
0.08399878378528397
-0.08923204194971124
-0.024589069860447954
0.05232053648862339
0.06951390155568804
-0.21859396897702976
0.03685992180443831
0.04108241838183613
-0.23221612846433737
-0.13773541429432745
0.0733634687619269
0.07568957692798639
-0.04485391660838878
-0.027763187725634353
0.09644737941022696
0.024130619968689537
-0.2125089570169053
0.08074767429800678
0.12664568765646217
-0.03887290364085938
0.008604704822015752
0.10249551944579244
-0.05797486883509462
-0.017378160670777576
-0.03285893973565712
-0.02088872034024003
-0.10772639867956169
-0.2422001551743671
-0.1640717340564125
0.017279258658545016
-0.1537792356576877
-0.01579549223874288
-0.1212175867303098
0.029165207084647204
0.007639489655718978
-0.16533018890055073
0.1965069530150788
0.10697348517371863
0.037187978902136654
-0.17403741139547668
0.01798968241658877
0.10881658716528869
0.03832766529459841
0.09229637001639662
0.01717894316725843
0.03543427009271466
-0.033761083996548646
-0.006466722022436477
-0.04127083365825679
-0.1469655582147663
-0.1059155249011281
-0.17641376089640248
-0.06086085602411262
0.0686002253747236
-0.046130614928065916
0.2090400256439955
-0.13163555856473197
-0.07120546477029166
0.08714632990976412
0.04424591660109567
-0.04417873021703589
0.05616893321658378
-0.05198362574029358
0.09355048938943383
0.05051263826624225
0.16023329531283598
0.13807286308549865
-0.012212174036170365
-0.08631552271996867
0.078489392436916
0.05319760571507681
-0.005237694665588877
-0.1597198569367555
0.04897901383285225
0.03174846483596
-0.13406785119143183
0.12538392526392855
0.08232738340085966
-0.02198478175494034
-0.05961481720159889
-0.039698741977919005
0.00015470321993105163
0.0010596710043405122
0.010874886239938708
-0.0029458266787492082
0.001309980687613732
-0.0693613620480954
-0.0431781470405489
-0.04921325894796624
-0.013835487344658892
0.056885881456424925
-0.013202618977413483
-0.030186419287012822
0.0110720937163295
0.1057739197427896
-0.04368708346133776
-0.001918567388063508
-0.06509974827576581
-0.15717751959078108
-0.06235934294100354
0.11434739390379911
-0.06444260562874393
-0.01561791467005269
0.036035417358809996
-0.1536098881762853
0.12587490233980808
0.062165054776841255
0.11486292424271088
-0.03285586163168952
-0.09990745634656495
-0.022423662070856776
0.11580206368085111
-0.045912437706545295
0.04546875413794549
0.08767956398166449
0.03938259886840628
0.04973799292342179
-0.018848245296641197
0.059498086780568615
-0.18149753016401504
-0.028390646235812445
0.12843553743150804
0.03652006288279536
0.022664994921880344
-0.14393127700315234
-0.02135735871346167
0.07608380108762386
-0.05489562769744771
-0.04426009933334818
0.0029957066527394605
-0.02051820261488213
-0.20129589198570308
0.01555078061434323
-0.015769545763473558
0.06738982053771092
-0.015932994613469864
0.11722321079872045
-0.2849151675951249
-0.0011795271640995253
0.060423115690477036
0.012740291372117851
0.061089407270518314
0.14032378369361798
0.06469300115080628
0.029397774857383208
0.00933374242150814
0.08043176648003214
0.0015738519051609057
-0.0780446884516216
-0.09060502187167474
0.06547719412932712
0.07656183587573917
0.14579687644006556
-0.016724191863628612
0.08493521491467676
-0.05720650631700508
-0.01300985357358675
0.01094186395179031
0.04370481068505094
-0.12281965921010163
0.07904651685410663
0.011804385839793041
-0.1940617835733347
0.07329513802787041
0.054610867337771096
0.06951072944566311
-0.12227565294457365
-0.09886973906676422
-0.13490821819193233
-0.11479349094290547
-0.0007712501714046693
0.0854344479502801
0.005125308667528805
-0.15489481330687216
-0.05142605882424334
0.044280859248643
0.10206333644318
0.000568996411746181
-0.01853642317692028
-0.049309097240179955
-0.02270963512859392
0.05432210369880863
0.14110709519365644
0.13111380604893846
-0.02216819535197312
0.09156392415666265
0.0008933564253631454
0.07350461595337343
-0.17149250113003478
-0.02340547397303394
0.08223840100122976
0.0014511229763161104
-0.06162871290703198
-0.224092165075098
0.10473560910795338
0.08331629610356212
0.013121448532684543
0.11071174376485782
0.1532372511222181
0.006441913898492246
-0.0011295361152313665
-0.0026433458390362485
0.010304805105882553
0.04055171654617973
0.01571699126611731
-0.0005873394944795329
0.1087642902880287
-0.039279217821252765
0.04893922897701586
0.10011581977440043
0.09281075409542983
0.14454863801403622
0.026968988503974722
-0.0500884815561039
-0.008397275990190578
0.00448704481521095
0.018397241056283764
-0.013485451666447323
0.03403762804074523
0.09983039418813683
0.03142489127330206
0.08355501933583959
-0.04112453051831355
-0.12405608285876246
-0.027302783432407884
-0.059770257325084564
-0.04371688682658381
0.017915782972206362
0.010147689793273795
-0.010269921883987454
0.04468593240473656
0.028404738546045027
0.06954392511803403
-0.0980474859846826
0.029616579863992076
-0.09064999757278891
0.06024349173978499
-0.005946313989666274
-0.10892591273906405
0.05309118738905144
-0.0010234339199066689
-0.0009342793911195635
0.07667890105621655
0.09582487043667776
0.004309826211203571
0.055924666132230794
0.06332344704054299
0.019201631721604162
-0.10424470857737489
0.0313409395840501
-0.05131432451416895
0.10055198092357853
-0.017405519142169035
0.10536349582826904
-0.011607827187856468
0.018590701940411125
-0.02744371583035521
-0.0493945100166846
0.07855686404615486
0.05843092475275374
-0.06254138452368918
-0.01611738935863738
-0.06389934825767041
-0.006382591340716726
-0.03548137243672289
0.10897708756159646
-0.049505030094367686
0.12324014082170948
0.014472693204342801
0.0076482937632800785
0.053453753612655974
0.005113981064266859
-0.04421114176018759
-0.0049034055752845696
0.051902688081927995
1.3420662032193054e-05
0.01488140285172218
-0.0896857300007019
-0.07952918852167445
-0.0661902790905039
-0.07609252082920026
0.06396221000984015
0.01422607222783323
-0.04093473420178395
0.018538546958652147
-0.06099040715313464
-0.09793035598334432
0.03172931643249721
0.09880750515413816
0.02926459358518574
0.03231982681217266
0.0008404530584025793
-0.020068736630070694
-0.005602076522081445
-0.08983913087798312
-0.08675954323018875
0.018069532917492526
0.031173964657184527
-0.08342337026685553
0.020820238775370425
-0.09413903068019258
-0.04672194483117931
0.025593605297126454
0.058779737735481896
0.008675636996584413
0.020367777659905717
0.15250542729616234
0.13009622865982295
-0.023220847020198
0.09312364094963915
0.12108123627715112
0.10977608989962861
-0.09509106184599692
-0.12099696681349381
-0.1146966501799207
0.12318497995499916
-0.044593261663535055
-0.07452706464929082
0.06752571975363925
-0.05846664066254481
0.030751138303141135
-0.050202560405870456
0.024537582996708385
0.017073500093739757
-0.016150988989057424
0.08163420004850341
0.09747503965443349
-0.03347423335046518
-0.09896083519727128
-0.016226536200807273
-0.0059806759732127235
-0.0006329151069481842
-0.18200292954639852
-0.15907718667778714
0.08673235333142054
-0.07205852133650092
-0.03714441804673296
-0.022873590755666195
-0.18426605450772737
-0.2578713767635201
0.09304040401877561
-0.07333553058463782
0.0435900361279517
-0.1362626489241513
0.0699483593382712
0.20339808745945015
0.06984787720622537
0.1791841348157857
0.23357039203835223
-0.04044031820136296
0.00800420061507029
0.07527864443871096
-0.028030656000657572
0.02163647376022093
0.06243082011734419
0.14881707277556278
0.038256851841410866
-0.016812489723301294
-0.10969100441520763
-0.03665039054566188
-0.04117261653621096
0.03600308582640255
-0.019473510097322233
0.023319144227511968
-0.11372134699792258
-0.011018414549438638
0.08520515366308556
0.08600606038761993
-0.2329923013302585
0.02236553726054691
-0.04714918119031741
-0.0766151431189136
0.013685486574325223
-0.15498839723634317
0.0024919240985100677
-0.01794776156171063
0.13035170788795764
0.07824180722659152
-0.0202292733216779
0.017050369361817364
-0.14336513431565912
0.015954288452090015
0.05718964309905705
-0.1113642604344407
-0.021131629529142493
0.021898896860126416
-0.0628706006515084
0.08921376747839871
-0.18823200510786697
0.06664261851122733
-0.14127460321411
0.0372278318663008
0.09093665275944546
0.056027097382169266
0.06277405355883697
0.025170272666010185
0.05327764894964837
0.022222092677303518
-0.034485655929363146
-0.08847550318916997
0.05855236605219233
0.04547482863709984
0.06685366213334898
-0.09420567089679022
0.03738621071736181
0.08288468876728639
0.07014268959212944
-0.02194549558940151
0.14520179059448096
0.003760751533766038
0.1227400088892352
-0.05779343066852971
0.11482906920419916
0.05146655007341988
-0.06340331693666934
-0.05438420251967169
0.1363952197365425
0.017264767914026036
0.04231452892476317
-0.005305534447764049
-0.07758646111646061
-0.05691244867646861
0.09012734345119261
-0.01173605391002197
0.06640078800154164
0.00214049061722682
-0.018926805058683605
-0.015791054156643503
0.12183699703925704
-0.059753989420090026
0.028403175600269392
-0.030366765951618913
0.0005219294101790894
0.013040654921111006
-0.06350389803338341
-0.11522401637726454
-0.018133475578297475
-0.05636497858383438
-0.0055945055587746095
-0.13470545660416344
0.14831226294893984
-0.05170702106169678
0.036839117998770654
-0.1619987626736341
-0.013241663119577973
0.08063925110796105
-0.18290409872121294
0.05580328233020809
0.037939771460612726
0.06603327789607627
0.0019106604895381407
-0.056136139803060425
0.1496458807272928
-0.02520243938750666
-0.09131402396931776
-0.1148477166301447
-0.08749200755270814
-0.012238315501232555
-0.009655411409316361
-0.024922186080198583
0.051607814052577916
0.06174771894465719
0.0012457194400345428
-0.001625452271428629
0.13713288734590012
-0.05536413820648178
0.018338410583280118
-0.41503632262443013
-0.017325877820779656
-0.055975324951525574
0.15544052126225844
0.052734366731374216
0.22575496081796975
0.048359221623030635
-0.02500265394981349
-0.023689917349574596
0.06318671627985767
-0.04611860414973279
-0.12141239688421224
0.05956367954556352
0.0003919588847428601
-0.00391350595810358
0.05389725278259394
0.09738598870355741
-0.054559075891489894
0.1120463888500568
-0.08838662414794973
-0.02796627552128772
-0.0006770785515026745
-0.0278795803380254
0.14148235722794988
-0.03801373604668079
-0.09597598899355486
-0.06077663857822024
0.047318581759225264
0.012105523929360207
0.012414256958674152
-0.20684209709860102
-0.056216540156405204
-0.16022769191650055
-0.0619129545787096
-0.09156735003549965
-0.03238147300445948
0.016132886172485927
0.08314441882947043
0.011367264648877717
-0.10354207618478661
-0.03732704161525935
0.07915421156937508
-0.005099317410584447
0.08831076867586257
-0.26943338778242887
0.06323071216949072
0.016702641031748067
-0.20925706400920097
-0.03870481748698862
-0.06922863284212022
-0.0708070921935594
-0.01549412370200165
-0.008092144564840531
-0.15014307591717446
0.07147639417823154
0.06446499200970318
-0.0007148630040804127
0.07043151246430635
-0.03644463983384405
0.06252561404393564
-0.02746177163901864
-0.06279468081495221
-0.027709247476840893
-0.06358864492751992
0.05218970034746795
-0.19493201948811456
-0.09198286569920056
0.031813155138879945
-0.01258760359869937
-0.01706330326247185
0.07842391959468525
-0.03835519166467649
-0.020127677607293837
-0.02540254837874001
-0.053123481179109366
-0.07129436748566742
-0.09866065252775713
-0.015533415969193554
0.14938215337574207
0.08167869109057202
0.015434179494650813
0.03466171879502539
0.07411201362551367
0.006424258254914383
-0.05769566695605588
0.06697948554889266
0.1256065629893819
0.06363512862498394
-0.08960991680893282
-0.02529177432646834
0.09288722953598821
0.13188347929659272
0.049036567904598816
0.00813180679283676
-0.01033391185796706
0.030254868562609172
0.024557580858493355
-0.06102080320408099
0.09825196882918774
0.032927093737159796
0.021673138206288523
0.07103128088707322
-0.06704152640314709
-0.06587459993894906
0.01825956652787558
0.06958107057285856
0.04847521499721896
-0.07108077564690918
-0.018452520107715253
-0.05405483674148859
0.06122299502400347
-0.0048436445034614195
-0.036698992346411274
-0.13205268832273698
0.0018678322304485628
0.00798404223229443
0.007000334615656134
0.009823412662554598
0.021074268739248447
0.020393332141637577
-0.017892361749514363
0.07015688510731077
-0.08203811261906402
0.028546553432541644
0.08312111949137091
-0.007121552908920137
0.004909042369489969
-0.10722379626968503
0.02050367731718794
-0.042110591397265806
-0.05469356384041846
-0.029558356182553647
0.04864294662504964
0.06951079055433335
0.027180461354383567
-0.026881736125137667
-0.007197088542197916
0.03870961856651556
-0.05098147067961567
0.10600439219211782
0.04907582298067675
0.05163732713958913
0.09561132593153343
0.03241232385094028
-0.03598958600687552
-0.016341354581913103
0.0833137852138256
0.007222839044152052
0.06121420981603587
0.025019129195909373
0.004261507773434814
0.04920693310543489
-0.03230367415586133
0.0017957893860101048
0.010472624952648557
-0.011243788207765282
0.055570974176537946
0.02432139881339529
0.00397521145012214
-0.04661774035175381
-0.054047589204672675
0.006001080957310001
-0.07855436717655151
0.0007856386907821866
-0.12564325041756985
0.07156005515453695
-0.01981231418178775
-0.042222109008019704
-0.12728473734752332
0.03862128107161694
-0.09620152274008309
-0.014043987088542043
0.07670609362710079
0.07232900726198205
0.009964628075045001
0.06954172332777925
0.038504581059107756
-0.08182033728424654
0.06685677077030727
-0.0009225125329771489
-0.03654856470098122
-0.24911625191112496
-0.044795360422007824
0.11696407965554323
-0.16038120553787716
0.030391457063348837
0.035330848173766416
0.15637535254607943
-0.17206359656329417
-0.0009635977714764765
-0.05720471009169292
-0.1569633142022856
0.09745457497104665
0.06972844633282699
0.13875953651394318
0.01709896192058552
0.11649491240633042
0.07535097697558252
0.008256438824554457
-0.03982655364568399
-0.056272862514821775
0.07799988280268705
0.016998289599871597
-0.04046088596208053
-0.03240316903552498
0.011182140287610942
0.03973991639287494
0.05492879264783462
0.08422697621981334
-0.007713967490375562
0.07555556393750396
-0.04871032989948876
-0.03130340514235863
-0.10211889809735941
-0.052581799126244166
0.003973344674292667
-0.049302038002248416
-0.03384278006134833
-0.0823273294167155
0.1276562727455885
-0.0053400017559182
0.04133761064619418
0.12334506627175235
-0.02387543631677025
0.0084045233923693
0.058343161356583906
0.027259291131753904
-0.09294302757560613
0.08341277858893581
0.023973506670177835
-0.11539849982721584
0.01868225844292104
-0.029778785879588265
0.00975985131002266
-0.09079199665691395
0.014632466236330466
-0.0011563804765484242
0.003971108598323336
-0.11443921570506055
0.06807553903442709
0.036157018185414
0.164418513304405
-0.26536627235768306
0.02889013064464907
-0.04581655334141488
-0.14726683358238202
0.03492881591031499
-0.030569294946072745
-0.03941020532059514
0.06817377794476404
-0.041014619559488485
-0.01394074643864407
0.09471590383915801
0.04756276100293255
0.024061288362592637
0.08394930801953993
-0.056841834482738496
-0.038095540002809236
0.021610481282427207
-0.03432445538771267
0.026684698992785916
-0.012539321315111818
-0.30207681666627173
-0.15055655795028955
-0.20858019773605097
-0.08474687057701202
0.017517471634960702
0.09786945399087166
0.0948865339648598
0.05282759516157709
-0.08358922734615326
0.09519908021566009
-0.09869119469114762
-0.07478035320701881
-0.05664752148314056
0.13472593040655745
0.11770652615840677
-0.11594664358190365
-0.03094398920055952
0.03718717749010969
0.056089003320516084
-0.01908787316192584
-0.033063669942871576
0.08230108760749066
0.051428787911817986
-0.028673475511445612
-0.08806342239865117
-0.026547384373408978
0.06405230104725579
-0.10015040489432081
0.010488210365494244
-0.0521290363265291
-0.16662416576826844
0.004657944601654085
0.04109093798014646
-0.024869961472276936
-0.020527751854278575
0.17040719529946974
0.012330696953272768
0.05412763140505261
0.025454089077553643
-0.175355226837681
-0.06805316976965414
0.04457255124859133
-0.03568204163742261
-0.005327742935632207
0.06676656170413597
-0.028564491598265573
-0.002388689855995385
-0.18923694092668375
-0.13189255845300907
-0.11198144639363006
-0.016174968124174183
-0.00482489491257565
-0.08294760241927335
0.0035092898266982364
0.11992710071568552
-0.03311960375436329
-0.04953324709691298
0.01598020728701105
-0.05869097460716788
-0.050111016048370205
-0.04932968867969312
-0.13372515872576551
0.029825767715695395
-0.0065573796173808985
-0.021936444800266908
-0.052970150614821576
-0.06971899881338295
-0.060315346565798955
-0.002507319628428095
0.039718797843825704
-0.08722836753954011
-0.26583146082170483
-0.12628387823497267
0.03795938023254403
-0.016526150127100014
-0.0834504845078361
0.11931042153185001
-0.04128427742718488
0.05845024801240267
0.020918193083053926
0.16063452715091125
0.171416176057832
0.016948775264306937
-0.016004192975675013
0.03975866098921432
-0.006103439448540637
0.07170299503742844
-0.1228981883538206
-0.02999965569479124
0.038789206964769896
0.0938135283408722
-0.020020823253331987
0.05350348597869942
-0.05435262882902758
-0.11911751677454252
0.08641670227108184
0.0319869488014492
0.06981340940003816
-0.042545815209055426
0.09162888067849068
-0.020919313853144494
-0.01816035443331332
0.06218863615079351
0.027780686841634983
0.02536523877588548
-0.007454898011054589
0.07886973168626515
-0.16305523863669202
-0.04986818895559175
0.09639596168922898
-0.012302712101263547
0.06305437821844906
-0.05162904477181263
-0.012821009620308965
0.09998418953959787
0.031676393801922886
0.030869816645095638
-0.04515542065739875
0.007629243921743356
0.10814216041690977
-0.012347686772040456
-0.08732044111503601
0.01554764363909289
-0.10091703536104313
0.017429221107204795
0.019945966422174832
0.007202389966779854
0.007962455034907945
-0.05127813217767996
-0.10205841605849841
-0.04983705694470686
-0.08981196747701714
0.11675795006036632
-0.06024984102452058
-0.04322165111080456
-0.021096537959930384
-0.012101598188407614
0.02284096234218075
0.0729148174821716
-0.12743340259442237
-0.002955207218451328
-0.06787434727992059
-0.04290927015572399
0.18000665099264362
0.059774055220443156
0.016943444528837392
-0.26559114327537325
-0.060134092706683684
-0.04109809347743476
-0.027640953003803093
-0.044560696997275606
-0.2903395943134771
-0.004844574287082071
0.11900275673201488
-0.10623229160248648
0.1305806616845248
-0.021360718991296324
-0.014004202603265625
-0.04286022938596934
-0.3829104215010075
-0.029704667782899374
-0.003076412932354722
-0.22267984057329393
0.10171895820004939
0.11036689395141275
0.17508488477611373
0.10351228742179458
0.08740577766372004
0.1323603206962683
-0.185520399366097
0.14844116198773494
0.05302016633712647
0.04581089390529641
-0.029299631999988862
-0.14319114195847293
0.10630511057381581
-0.05868178446126604
-0.06386503147419464
0.06464105771775691
0.050145415427478746
-0.04281161827457591
-0.06641870664002447
0.062484514018658344
-0.060668647918012186
0.031407226605678074
0.05187475988216739
0.03239244872467989
-0.24510257987327344
0.03918438411354713
0.03751453546610717
0.007886488383698154
-0.03385530392574554
0.08987894877017871
0.039562303352779216
0.02858224056921993
0.10964525816831094
0.03664662949122649
0.03259551521394166
-0.05792910816476493
0.029748640184459163
0.005556096009632139
-0.09404664674054042
-0.09607875359732143
-0.030529069946273468
0.02262611087755717
0.02604846686708756
0.031922105712660354
0.05865823140911014
0.028523292497782793
-0.013900604118574744
-0.051362362863925926
-0.061880982047541555
-0.18614344654187787
0.018064378459426877
0.008848934626489002
0.07699421287777264
-0.1412024858310924
-0.048547858616205586
0.0013686060259913702
0.07823755085416917
-0.30690654090286107
0.010140228381541272
-0.05685825797180921
0.18291643773453453
0.04323475502154811
-0.06372414578335672
-0.009401288558772425
0.01296563561423869
0.005425703949219263
0.09076763195384258
-0.18380636145623652
-0.04155167550851935
0.07274244847902678
0.026578786468567706
0.12835995697694014
0.11516886836835943
0.09487045365357039
-0.06266013342074483
0.05241611487865666
0.02013863695114204
-0.015035898986614393
-0.018852349513746813
-0.03969811343087004
0.008418170299745842
-0.06186812219525717
-0.08267664159776744
-0.06327904562683351
0.09416728899865828
0.10586177244108036
0.14052917131876042
-0.056706807659662184
0.0617803464965041
-0.015718947195573874
-0.21801789870690802
0.04693047616868573
-0.013619435301004512
-0.11961806341893177
0.11399592091618377
0.03700072462907922
-0.04340836036582352
-0.2673965782796245
-0.009821441816981857
0.03743593398611589
0.004795392365779805
-0.012289668964760248
0.024288674587520986
0.10111366619374151
-0.0097154819037919
0.059070011356958
-0.029966514835599423
0.08352061310009468
0.08701724817774176
0.15752217013328518
0.013207452166843492
0.04467706160989565
-0.060828999956601404
0.045216888952124945
-0.008490478403995416
0.0544601935176397
0.14605586618280514
-0.060634319129586944
0.03379934163864884
-0.04617900276925446
-0.16292002518225857
-0.03896618066723245
0.11116062596506232
0.10182056797306033
0.02003646318634228
-0.11153553127714122
-0.0955722179106051
-0.11447407676989374
0.13117926406577496
0.008031244023620432
0.05230093265090047
0.011037887164887905
-0.005176266561340626
-0.07459004702330052
-0.00021218292661639993
0.032174307699530946
-0.011683407753120822
-0.014721199513938021
0.05238405379493466
0.02616599041870299
-0.026714166871322442
0.10309763916996795
0.03688131278925788
0.12036465232876092
0.048230800717328215
0.03182531694803059
-0.11618898316120008
0.04730244696955971
0.02920752735168508
0.011419864369540234
-0.13347578819808614
-0.03926556572320217
-0.11824416811480842
0.0695159402167615
0.10332684902909844
0.05720146047559621
-0.021444779860449237
0.04217573700148419
-0.046525187113399924
0.032529882796060505
0.09158119011633947
-0.04071442284777116
-0.03117389069496146
-0.1316611891657289
-0.036365195722898425
0.0035880411506288845
-0.1560478839161623
-0.02174253420461769
0.07617652459552515
-0.06920765094129722
-0.01739511400240379
-0.05669470486061312
-0.13530341559801684
-0.03531738140859064
0.05201038633324628
0.03170977381616613
0.09669078522355268
0.04516434320799728
0.024516221617846945
0.08293136563946746
-0.01484449059582782
-0.17802589496358467
0.042950644301278096
0.028526302924806846
0.06222316503736741
-0.123123448354712
0.01301000657982615
0.0969495205671364
-0.05906628158714555
-0.08443571912750492
0.046476673388169354
-0.05779666861158117
-0.02116285742287005
-0.059423070498167196
0.07094768405981783
-0.1180444606716855
-0.029179286462261533
-0.04761888381234303
0.04922174061189327
-0.03629161551040727
-0.022236335502640703
0.07490188149307953
-0.03832112655271491
-0.1800237388839071
-0.030902561503597936
-0.005614349433957222
0.06553690892623726
0.040362158711080454
0.021121195400979675
0.036744273818585305
0.08949755733861875
-0.18578323382393425
-0.07935629220853191
-0.029035757200865153
0.10616171056922108
-0.029242473193404228
0.04211501945773455
-0.03165278975878838
0.07321099976627521
0.10416285097947042
0.04120122953254263
0.0210449432641715
-0.004217742168281302
-0.020520675473939876
0.0937885552168069
0.02635761685795185
0.0047283540149156145
0.021151966459783178
-0.040267831305472734
0.09590003007134323
0.01567572257981381
0.007874483316076375
-0.0361820381850495
-0.03663795150867355
-0.04643003326290074
0.04343155171883095
-0.05738838553440129
0.08343798050202111
0.04602003355843298
0.05503744138204919
-0.002053244387266173
0.007089549131776229
0.051148546754785584
0.015496233137687998
0.0368393513085874
-0.011654365929101629
0.08251362648765775
-0.0290933943333036
-0.22592096417751006
-0.05533172251812701
-0.05940489901036117
0.026338485225656405
0.04306660977435378
0.04274947021582454
0.026040078167699376
0.07545717616587244
-0.08724341406267866
-0.12349685434697855
-0.021999135020880245
0.08163158083522759
0.0906883717630721
-0.016155290169092673
0.02564618269929636
-0.04285799415195424
-0.009313703934681561
-0.09799946026316209
0.004107655695901435
0.08483181231641157
-0.05517611966135849
-0.1038979160121214
0.1112004250024845
0.08051179975282313
0.12514543179645926
0.11620856926168177
-0.13228759207083673
0.14222633523201172
-0.02650151234100795
-0.11820670990151705
-0.09993762619764746
0.07064618561145997
0.10400489616061348
-0.04633584569781246
-0.36207954058027003
-0.004198364644761976
0.021108662305062698
-0.08727710453239834
0.04149778472874821
0.05521153899515785
0.0011973324677849173
-0.13907539156974147
-0.058131138193561305
-0.027445161905443882
0.09088551956505941
-0.029497894610663766
-0.27161998830983647
0.1252710569015814
-0.15367544810817135
0.054891261763867105
0.008665444207426376
-0.03628152213349933
-0.08328862572193363
-0.06498477264551095
0.12141655932544926
0.0005666144322843403
0.15715874994007217
-0.27270434947399325
-0.2219155092300199
0.020058232844034463
0.03188683304831297
0.09094468460164007
-0.3255457062661937
0.10749900731407064
0.06179762733693328
-0.013706102763090477
0.020077786428410516
-0.09770625633724606
-0.04725945128319664
-0.1813742511035733
0.07579202939207802
0.09447096801140237
-0.1711889874296808
-0.037132001677065984
-0.22825650011679122
0.009819102789780154
-0.09052577423593544
-0.3132044827573154
0.05907759669231927
0.012153562381354954
0.17407672975256144
0.055484508882376715
-0.055791244458618494
0.05048086952818198
0.14283933986034253
-0.16238004830889574
-0.06016550305150581
-0.14797912236916155
0.04945302272034696
0.007818962622355652
0.043935696863720064
-0.10453221564904325
0.045648839671088515
0.0029087117247724725
0.16800714754342128
-0.035509229450851
0.07595353035123736
-0.04349272660796877
0.027641352693231147
-0.0988190184586969
-0.036350356204919554
-0.006399610726927629
0.054324858561251965
0.060445890256707324
-0.10547074903111264
0.059212664059820175
0.13891971435555206
0.08187783437055074
-0.13972176073028542
0.019755246399368043
0.0413630236906527
0.04411775664458861
-0.18967375930391206
0.08045965945045791
0.0683750696323066
-0.07601386974553737
