0.4441199534449154
0.4446088449546463
0.4304513322946602
0.42567813013857475
0.4181923080883027
0.41126136947526026
0.4063606049156392
0.4030430969235887
0.39349159053371097
0.37828077609088495
0.37607760313789296
0.36740148467851247
0.3626256946199221
0.3527786701580472
0.34765493550102505
0.34504583332764294
0.3348217721411606
0.33065535352069975
0.3210688780198365
0.3096750421029073
0.3083829162945144
0.2970748926328712
0.2919957108504415
0.28102718889588707
0.27231217441160527
0.2700809438768136
0.26074478382768684
0.2567554904690869
0.24760413134062664
0.24118441484569741
0.23010035287137298
0.22701885423286083
0.22206418710089387
0.22345818471478035
0.21376382366913965
0.2114180736572992
0.21321780335237717
0.2056986253807473
0.20014131743112962
0.20513415999425821
0.20400813120721223
0.1977578422536006
0.18223216030252237
0.18803287866843954
0.18924410999842134
0.18890468400101185
0.17580576165520956
0.1647639017194495
0.1738693757737791
0.17152721609033483
0.16011767440493907
0.17859331086603242
0.1727680970232353
0.16589996016073771
0.1726526479158686
0.16251413564431483
0.16211842252695668
0.16263466421062106
0.14814185695392407
0.15694519798172057
0.16365127212288189
0.1547613344428398
0.1592264819353525
0.15091627534751462
0.16123212657373592
0.15250977951850647
0.13841443039515222
0.16121547808985798
0.14056229016295801
0.1410033465237755
0.13355879049041464
0.1266090183087626
0.14201045273370538
0.12898572789113788
0.11549058835962817
0.11502952604801125
0.13386398549187817
0.1151937586095731
0.1295662861383376
0.13209980754612533
0.11470446909783633
0.12816513003575097
0.10120894094894262
0.11697434812573265
0.13199100137166864
0.10164641800879493
0.09797290505703365
0.10077141240992271
0.10465526006722237
0.1025850873500791
0.08416500780192931
0.10483718297074479
0.08997880456762253
0.1115591712159032
0.09452182405902748
0.11665417275958406
0.09476949005977958
0.09400061054328562
0.08864440341957397
0.07405100161191358
0.09067049161075225
0.0731191797254293
0.10126903738739701
0.08179179479761506
0.08726010560581315
0.0905870235902651
0.05890102101196687
0.07106613157821584
0.08714594328396341
0.06964712845967602
0.11531985930229566
0.08059975976602235
0.10310904718412073
0.08192023228188416
0.07739962676580764
0.05298948248342583
0.08999130868997762
0.07242185213458413
0.11100897205772409
0.05759102381847364
0.061234745512125544
0.057713480943426765
0.08650718492474158
0.07197985846598365
0.07145546755446147
0.07365386516632477
0.03531440036084771
0.07545243935840773
0.048945225725067265
0.09057435191005153
0.06235194094658597
0.06984808918814445
0.025806343976130075
0.05867788842560251
0.028470333556281646
0.04803932165611968
0.05965896747535948
0.09848800110472122
0.0859853789505004
0.04521955528263144
0.03565127082243691
0.07718110832543335
0.036030155008117626
0.05641058772470808
0.03009338138306894
0.005985848419484907
0.05405484659023568
0.07893735403293228
0.03808348859300237
0.011299823546110921
0.07119372476693403
0.0804016739453442
0.002313428819262331
-0.029681984729633015
0.039457483389883974
0.0693915222133194
0.06738596269746727
0.03410446169630499
0.006026902430446013
0.05591304981580658
-0.007539661925302754
0.0431840191349005
0.0774175797788767
-0.03443129908748066
0.05504316217451627
0.018394521477379577
0.036287605159488534
0.013987602826292023
0.07418533875707434
-0.024304623170880557
0.05999696106646113
0.05811705712338483
0.05725073930268754
0.010043052430847355
0.002878273036733381
0.02920278234237078
0.06277799011565638
0.06244082946449708
0.04168033244522318
0.07371766155027282
0.03888025052188604
0.048246625930601916
0.07990252559704603
0.07184772923932248
-0.01809288231045081
0.03668755972652776
0.05244665734730031
0.03910245568571036
0.061192212484106834
-0.022588295135762215
0.02428975067539324
0.04898946738949611
0.04115128574458932
0.06919137335340747
0.07488076111502029
0.027311872746356658
0.04643838965055824
0.028764738149629876
0.027416573501170993
0.002747810933965922
0.06593106175583191
0.048267090814226254
0.04164018231558986
0.027791280683614472
0.06699974333116432
0.09085087446942514
-0.0006890038052176362
-0.037714878536580954
0.042029600099025566
-0.005439727316040366
0.03073314257749582
0.019758919248139106
0.024341979385457013
-0.002639427404993233
-0.010191263798063899
0.050103426362513526
0.03578852483483774
-0.013228070213499032
0.008027464384387784
0.021434785014805002
0.09627581371378313
-0.046495038905303154
0.03423832711375552
0.026494653178359806
0.11362847927809289
0.08011662824866161
0.04272720467933738
0.008350602145469954
0.054584857990330526
0.05416622694152168
0.0378645385566071
0.05564328324387269
0.050268673957644505
-0.03771123931525433
0.06353815856543671
0.025261718914321718
0.03970927489010384
0.036264504642922246
-0.04223279054242279
0.052273194442858884
0.04739863357581742
0.014084898238332533
-0.0488197865168174
0.01768229819206757
0.04419109925480552
-0.0299154972102762
0.03125766230818444
-0.04606316658905829
0.013392146447950837
-0.019791839380936094
0.057652239079577894
0.11004030409314347
-0.02958092162946746
-0.026912376180765363
-0.030142287382898036
0.03122850886712203
0.05265098492687986
0.034217456274157565
0.014006211458358953
0.04188514656843817
0.03329497908089807
0.0420308186265026
0.020374087372671656
0.025939973882464606
0.016820997940626026
0.07329366326266812
0.04903106734454665
0.03611702125819566
0.00472464167790837
0.05283905937439731
0.025560482384250682
0.025923532287062123
-0.0035859690668130773
0.016676228567764628
0.015533842349670146
-0.02570958077777985
0.04568798364510007
0.0015275139591561238
0.013308388482830003
0.09103995849964053
0.040011006726419496
0.003404373826532303
0.06725383410474639
0.028016400061782576
-0.024573826345031358
0.02329931395417839
0.02732590367131399
-0.007551916530806335
0.03496404790248514
0.022792231401078056
0.02782663651289935
-0.005317562407091581
0.007794621722123141
0.050215787296488845
-0.03388717470952973
0.01948985968734357
-0.06453928168181788
0.01029790985334389
0.062098944266417266
0.11865562137285668
0.047657919662575765
0.046372876090073345
0.04801570736706323
0.034700757218792844
0.11755440318177024
0.024103768628023936
-0.0071404492982752865
0.07049760133869015
0.01117275084849717
0.01443930708148844
0.09879705762118052
0.024906181900398283
0.02026532462942049
0.055249975735135515
0.039781386913671446
0.03262592556561905
0.0018284136992116617
-0.008132379811678359
0.027934109052075384
0.02038933744814886
0.06709155506274722
0.06589907748333484
0.02883547705298356
-0.00048246531922824243
0.041932057504736164
-0.0006247282671481003
-0.007447593727225366
-0.00828043404288703
-0.014858823140663446
0.043537877547666415
-0.08119824457849067
-0.003884114812776729
0.03591307661267018
-0.025608692035565928
0.03099626692470936
0.00034883290338355577
0.03727000129139979
0.01639571782734872
-0.04385229510921529
-0.13927925138186292
-0.020165704993025835
0.08657818799426581
0.005059490058903882
0.04641853791535849
-0.03647625180105263
0.02120846722617814
0.05380470862893216
0.03714738793982625
0.054829509032074175
0.07250852264530705
-0.0027857388445164943
0.08510837175942382
0.04442718203678825
0.009561074363846456
-0.05321692264229083
0.02880138791662268
-0.04044383335642443
-0.00444369336983963
-0.02004016802422426
0.004455386913763237
0.07468409583390223
0.002892651692071868
0.05186594594970767
-0.014519146703582675
0.0028031117776071146
0.03775467232405355
0.007905450367927114
-0.002615395605030768
0.03557601329579457
0.012098700782675664
0.015661219714151853
0.055874246906076175
0.06656517789312799
0.04122692791257643
0.04889931054002439
-0.010479124438826815
0.07068376381787017
0.04139044114998397
0.08271625242143849
-0.011949653182899866
0.03885699785654734
0.02504431742727553
0.030279741808393434
-0.02114195601169333
-0.016633769435439705
-0.05070261764762107
0.05280870408327781
0.034118432897471684
-0.018098559464397312
-0.020886591077198258
-0.04161618414071688
-0.03349693054895542
-0.014824128638928236
-0.02345664066480635
0.0873674088580274
0.003304462363995231
0.047150805343507685
-0.0077522552201299
-0.014521298796934978
-0.0031288011310910413
-0.04733851031144909
0.07868936765374629
0.007844450441857442
0.03894751168843191
-0.04174946378533684
-0.07666402055947441
0.010441491593513264
-0.02071865388018035
-0.08031465090088574
0.16325381029725589
-0.05141944301585011
-0.02986391154025614
0.01564089334900398
0.015367437085386626
-0.006817545685871229
0.07937899340567695
-0.003854102383219926
-0.039927344004422216
-0.0036714021334335323
0.034079716657424874
0.03379394897828458
-0.06655308696143736
0.04495723719196404
-0.0567309896935031
0.009855057277984414
-0.00038326839609170715
0.044393992073200494
0.0033845391056858687
-0.05694277978561746
0.03484159073657589
0.0004824717370791598
-0.01825455854254332
0.055066008710587366
-0.028782068073577527
-0.03297237277688425
0.02996851287469099
0.047259927518499445
-0.10290965706558775
0.07639527222846682
-0.0252098662265392
0.06206878194376053
0.04434770028135143
0.015080807442313549
-0.0421623266973411
0.033543681411523474
0.01603241840146602
0.04091386686001208
-0.052469452377012504
0.00886862526179466
0.07382423831583185
-0.07935509754130732
-0.014711959103149264
0.11787783991501938
-0.09320240051557604
0.031204055374999096
-0.007759677403124443
-0.12353423603857205
-0.03152372571224071
0.025738889449959668
-0.09569249668728563
0.09408654983797443
-0.0716716994664719
0.07491233994426416
0.023029089187977192
-0.06466783931519637
-0.09555162193577649
0.07577634821581897
0.101186824615346
0.0026701048689127815
0.05233295225170326
0.06940828590659975
0.04668802322556298
0.07017482416214327
0.12756745608738967
-0.003246060872595047
4.813805892184275e-05
-0.022091648744189785
0.06689862081006254
-0.026237545615983238
0.009913442870866929
0.03983157728268388
0.012819102386491255
0.05294943279330566
0.015629937085435974
-0.005892580025024685
-0.0030691213442733956
0.03458083453291699
-0.06819831231474915
-0.026711685591824907
-0.014805431691875426
-0.05120255468564949
0.04491688984808123
0.040717779328604264
-0.00445256085715684
-0.013950679923424025
0.03850988978440678
-0.009078880559576175
0.08968154415149793
0.07928089957342577
-0.06018913970060291
-0.00971662894225822
0.01599797081507165
-0.013867037008569172
0.05838822804356497
0.007185705861908476
-0.013877165819445314
0.05779571911167225
0.08885850169781767
0.09593130065065714
0.015493687872108253
-0.008826882737598574
-0.021902835894720418
-0.026858780191406084
0.015500569183399315
0.03223454235253781
0.0009317078090421704
0.016043733881343003
0.004462942713048812
0.035208636180511954
-0.012159987906673164
0.04241240909400673
0.038411652560709164
0.04901810950289853
0.05754107724452279
0.005867143997508928
0.015086219865871942
0.041370693348894205
-0.029683381552493837
0.06905522837934075
-0.017171104663363135
0.04352284890077873
-0.03260813165426424
0.013969726140656169
-0.006698996015295222
0.0018624684848804751
0.04738824649073031
0.03272929262986307
0.028238480908295005
0.005798539274773751
0.0006893841550977275
0.0034212670793134503
-0.02018252290958178
0.1005179110837563
0.09620394796548393
0.055041788525309054
0.04172900204953345
0.08366899023698965
0.04070819948045534
-0.06728934627975625
-0.024815460695434943
0.01306898737272455
-0.01205660830370292
-0.014129547150169564
-0.07044426717441099
0.01719681227503167
-0.011391409201438774
0.00770321633472798
-0.023029041722925192
-0.010768717895030089
0.006659930731097441
0.010814545563742062
0.07190590900969768
0.060301059433191584
-0.0035991932456415077
-0.02370832861265204
-0.04631858399085331
-0.05073102996396972
0.021256248327680693
-0.040581582831410445
0.032092911101493427
-0.00824616723302718
-0.122033428965592
0.06934249512605156
-0.011700514181378296
-0.008196018551087425
0.024139329014130628
-0.02274808354591329
-0.05707941087121837
0.056766008921233124
-0.051445261809802134
-0.06987520816229964
0.021998282851416695
0.04966079703356119
-0.007688350490415052
-0.041093923734694005
-0.03900771987241869
-0.02110979960982262
-0.06440441801102337
0.06874673378836038
0.034786733994223884
0.01961320575965375
-0.030714116335277097
-0.009030204303984823
0.06639806865425585
0.004112402746203003
-0.051332097879833616
0.042492658256112315
0.0630152945258391
-0.016041561174352292
-0.00831183342557451
0.016898359271242613
-0.10682389217571953
0.048485112713380074
-0.09266817745256939
0.12741568468054437
-0.020834281155102774
-0.042238009303276924
-0.031286047029819075
-0.11440069519434493
0.04551764246068246
-0.25150375881249154
0.016530716645362875
0.13189203592441423
-0.0642681938227434
0.07667339756060931
-0.0006465664840853425
0.006715236290150917
0.005937514543692013
0.09823865196556747
-0.00697667308161487
0.031970018209141304
0.09199100751747752
-0.0393661760044246
0.05095647029690964
-0.04683586151866581
-0.00841542992607891
0.04584555113750455
-0.017116184466322792
0.038045203998573696
0.08265846956571776
-0.03448165624841326
0.015975910143811778
0.02613050233317088
0.01396191215154885
0.10157481755455688
0.06291693438365614
-0.0490071905949897
-0.01979933123097921
0.05301416129711933
0.043740165779259765
-0.02907339155003308
-0.05800466639870683
0.030489702522650708
0.02860985266136612
-0.06453967172712971
0.030087219454212
-0.042308044551857216
-0.0377680783632357
-0.00314693071225558
0.01212247019866819
-0.02315091948515291
-0.0771326339077707
0.002163410292077783
0.08081087823138505
0.044935917681102056
0.025002472230333583
0.012122842725867888
-0.01931733754719167
0.052259424235267526
0.011472026058229667
0.008688975065591631
0.07567310777748204
-0.025143140488259386
0.028832468453374505
-0.02387736459327927
-0.011710737773199864
-0.01471370647103254
-0.055452170108480026
0.0011249987692752983
0.01779297368324928
0.012085131631072277
-0.16488678831810155
-0.16441793283975237
0.006826419828714347
0.0604147721347148
0.03737820098267847
-0.05245012489578893
0.002218938043473895
-0.04027818657534832
0.04639658766142346
-0.012962177575657208
0.01714355486179503
-0.3009685308783602
-0.2410139168312806
0.0632898911347744
0.03357668564698668
-0.06968962588066874
0.08305869282376316
0.03027634772271809
-0.01758750391959374
0.07439951069940448
0.11532734390621607
-0.056675398534249743
0.015536073646336801
-0.10369627573915119
-0.05356706060287786
0.07817527864905038
0.01735355852822873
-0.004478484801607285
-0.11368429955019721
0.10740990637661851
0.07372782062802408
-0.04653386547854743
-0.04096189210439782
-0.012809314916738535
-0.025601738344936842
0.03545706714515007
0.06942586108721233
0.026091358490936523
-0.05770482779675534
-0.09391293738363338
-0.009543144203972065
0.05384102135028562
0.09825733639925227
0.01944316538905083
0.08998073643549748
0.01679053741205555
-0.02426771671606298
0.047872808585776305
0.03414787514027717
0.027969291844694155
-0.03634132136009749
0.010584998749396113
-0.08690757426969231
0.03573437435221716
0.006118953043683817
0.019494510999457204
-0.051501329863799294
-0.17290955882064174
0.054373040321585187
-0.010696753336378761
-0.10425000739566481
-0.0011368669814245669
0.031945302301291
-0.023496924336031788
-0.09484830506020381
-0.04319981028946218
-0.06270662028996843
0.03549071822558808
-0.002508329355844663
0.08875118394112336
-0.07199647221105154
0.012939150010369938
0.02190200987822627
0.040014838924108564
0.09883819334146882
-0.0038518795218253077
0.044304897587627456
0.11002605259861403
0.06776443474280969
-0.10891413687267948
-0.05200356286503005
0.089286342932276
0.01069494013763278
-0.0024801164552411548
0.010019957598788654
-0.003078915655261305
0.10775087675571193
-0.06333695043153464
-0.10207585742907166
3.669456231780721e-05
0.05038217645119847
0.08360457188349113
0.014054454930139848
-0.058331501695707666
-0.009962264470400162
-0.026547806805780616
-0.0040294006992270814
0.017364142392440274
-0.07042185178907412
-0.0014061507832370257
0.04670625030653247
-0.005654448423913605
-0.08241527398352266
-0.012348857692506932
-0.0923157379508941
0.004556304779591902
-0.015447481907535088
-0.13539055366822061
0.02114010484279122
0.07080424018894271
0.05478348632495694
0.06138150940166187
0.022968214806080023
-0.019670910958808907
0.1422417959571312
-0.023838486843096196
0.06815603380422536
0.03159568883179076
-0.2657533440778924
-0.07726546328662975
-0.03247238587034762
0.029429777377470434
0.03780495661450589
-0.12548655801589503
0.04839269946109209
0.07274655676370506
0.015322502177946784
0.048426829959537565
-0.07478146264540186
-0.016473088848411255
0.02311650540921467
-0.02626315063695228
-0.025985813124631885
0.10901065131538801
0.01103064614890592
-0.09735756045695854
0.04575402490722108
-0.07079336965534733
0.07635288324562928
0.04633148990785346
0.05677570361344697
0.03961933675999313
0.029664931255477145
-0.02788085195082457
0.04418504882966473
0.014285231455081648
0.1053790503800282
-0.03715045100199443
0.04701589357015956
-0.019440170840103188
-0.0382397719960299
0.0070083851632952165
0.028969025236674606
0.03515085832843562
-0.018996823685696995
-0.011447060703822065
0.1117070885739892
0.07005156562740594
0.021391398000308703
0.08514019314273324
-0.02783474776703032
0.011712065885920442
0.08491572402380926
0.009866691739179811
0.04256933212189906
-0.0016936276691816854
-0.006633642023956332
0.07368207737397753
0.009761179295493916
0.010418975357394167
-0.04503906528644175
0.06618782712461324
0.02827408416327698
-0.007007929607017238
0.05404184294694886
-0.002028625161298314
0.0041459344668182685
-0.030603817578171433
0.07724128787456547
-0.01608825651365675
-0.04022195932215322
0.04644474175720814
0.03775976043049645
-0.012600444608555916
0.01872093501700317
0.04857646505061708
0.01362213402172674
-0.02031019988429872
-0.0028499178568053285
0.07064488794575469
0.038494142557989386
-0.07161635203146366
0.03877917605449205
0.06369236001384748
0.05716317853781139
0.05640597915667872
-0.0033315275370610076
0.06382317500015833
-0.008060080061193742
0.04409402012400704
-0.03322861245370767
-0.0262244498387596
-0.07989503058616065
-0.0016262160935697212
-0.0010438412257181007
0.09020120109350666
0.007083052673948098
0.03231730731998106
-0.03187879016039186
0.08277800464852753
0.07942469723125906
0.037116835431182604
-0.0008336505006023565
0.05131983997995987
0.020479521988507443
0.033599976025109
-0.024805151093814204
0.036997699788559046
0.0694608048646081
-0.1394689342891462
-0.03337016969964246
0.0580006057828924
0.0077684626556832614
0.021538677976209508
0.09373278430496679
0.07322298151371248
0.017911386649152428
-0.0324109405675177
0.045963803193732444
0.0481485447529878
0.024858000566651217
0.05306675617215001
-0.10243799921914487
-0.013442530122137586
0.06934574258753473
-0.026394355944806103
0.10320241519060214
0.011526488827475811
-0.011826826937701429
0.05424569884520847
0.061592362417687285
0.037005498847591856
-0.01986236025574961
0.13245473279080977
-0.010412585278216757
0.013864620166984976
-0.011297063977062649
-0.0822471574732655
-0.030161951542295062
0.05288947572261665
-0.09355408051568248
0.09682889677903489
0.023700736394288935
-0.052597127866503945
-0.03233478915899035
0.03984846711406631
-0.015624239008207419
-0.014943942012991318
-0.0019203015502905485
-0.008684587553528855
-0.0333394927445414
-0.028152865158967755
-0.09638200519885809
-0.0077898397568960664
0.06949240480472485
0.05509918839299055
-0.087535225876326
-0.05100515786302673
-0.01524395121021771
-0.10730146179520694
0.002342283165935377
-0.01505310464761156
0.026489535359899896
-0.0255231889697336
0.0037507103351881455
0.0311694476551162
0.1269881973263962
-0.10728073648605185
0.012251916605540536
0.002205999942181014
0.05915972510643158
-0.13800862040508066
-0.08021126236709852
-0.01776301207726827
-0.06240672974861616
0.07390793604649287
-0.06177735973690168
0.016689067118191292
-0.00861254648430243
0.10203168445422772
0.008093609377945121
0.04018441227702574
0.015200602478866898
-0.04378437173623084
-0.18191408577369794
0.025559626644606648
0.08610776501660605
0.0775780957271418
0.12013765652812919
-0.05696760064901718
-0.1269209092399981
-0.01817704036513146
-0.01726628647676065
-0.03694190882162618
-0.04792060576124857
0.06427999252320715
0.06526481509115878
0.04353620517454393
0.0025491049944057487
-0.08902761734595299
-0.06792132590944644
-0.06776822062701082
-0.14240909478075503
0.010820898085914021
-0.09329276279295773
0.021376008905565014
0.11521870312435206
-0.008496937660525172
0.0978637188283808
0.09975055497979407
-0.018723702374239037
-0.019803815876232367
0.01995591712262329
0.0837076106353068
-0.087963455723291
-0.03591145984543864
0.04567194804347674
0.06771777559408187
-0.10025237728123759
-0.03204210948506592
0.05162757340503221
-0.1927476674612355
-0.05913505436299482
0.044464964703233856
0.03267688404621444
-0.05040005610531706
-0.060970674628010646
0.04402663346763841
0.024315123896052726
-0.11049549616159049
0.010555721489094394
0.09550296382444268
-0.03827352374221227
-0.019677090133608188
0.04207999935548101
-0.006332216465433804
-0.052777032878122965
-0.05228758758304375
0.012066624719317742
-0.11558480153512019
-0.17382576666393068
-0.10158374254894986
-0.0011805472534234251
-0.08096256274614733
-0.060901480688889786
-0.10166733538378914
0.05810594825379367
-0.04463199523866701
-0.1789021366320389
0.12498919223130306
0.08370073041043363
0.04054829428373441
-0.18286716649915846
0.0019183170677828931
0.12887484408683442
0.014888860473650678
0.09157611109005293
-0.02426891363434125
0.055470978842080076
-0.04046859943611214
0.03343534070080045
0.037982904191061595
-0.10363202549937423
-0.008747730032851453
-0.2214622935641053
-0.00457855150746056
0.017139768339176742
0.03396952961648947
0.19123849297908374
-0.17349674682305405
-0.11376651585366782
-0.036367806666334546
0.002895097970701088
-0.0005745125688846331
0.01235670154648516
-0.0975474922623768
0.06529602830559761
-0.003027935136280746
0.0737429956096789
0.11592450424020656
0.0012575261634699686
-0.02713913764057796
0.09844554604445299
0.02375860324991197
-0.03881758631366117
-0.20370005335943653
0.04894500630918103
-0.0034681669975594742
-0.07797249644663162
0.11522429030235437
0.029376464125462853
-0.046338212619594255
-0.02413476741323506
-0.10283918478452403
-0.04961003738191383
0.007673123570095641
0.05835940081394447
-0.01418960082029963
0.05811083518138965
-0.03648154098735079
-0.0015237188353321995
-0.075621445579787
0.014797500094161642
0.09988131862793181
0.01851623237490191
-0.107200815209192
0.03488897768826893
0.0686449536671907
-0.09253271779772754
-0.006536993514141609
-0.035378418670700906
-0.16450640887727985
0.004029403910086771
0.10429010022689505
-0.013270015445821404
0.024941071586216
0.02971005945516969
-0.11117765336525287
0.1346450936783271
-0.015150823222573884
0.13864288450729123
-0.07837176243633082
-0.06635536271009457
0.015778819960361234
0.08272623879023994
0.049854269073274005
0.05333695178141751
0.0587858568570962
0.09393083824886506
0.09199192409733298
-0.0256353897505589
0.02061138511271432
-0.08734308861955975
-0.06766880734854885
0.08458308904757589
0.04518205326796404
-0.07923852690303967
-0.141702817017622
0.008773200596696229
0.045732352915847874
-0.054813292728982055
-0.049102920944347206
0.01934731145969265
-0.09560331847904346
-0.2010542707595111
0.009246047294483195
-0.0006284181656934784
0.12369600512842449
-0.15088856004611495
0.17820953663032835
-0.42052481265754516
0.09013866513238133
0.04134637217692816
-0.029648294235985695
0.05138788355725271
0.16253551407802008
0.09676329305201448
0.055037583890001074
0.06657150920768151
0.10151472053748611
0.059956385418342195
-0.03557947018283336
-0.10938895193486864
0.08789334345071931
0.06270469385863675
0.14785125158686147
-0.028218396416866187
0.05111715900806696
-0.034583864784482166
0.08944217467771387
0.04107999782863697
0.0026975099159992078
-0.05909741348600572
0.0845103446691306
0.03530577412174468
-0.2115456733232638
0.09339071690244954
0.07937946077738872
0.10975239661660796
-0.08872312654032577
-0.09456832917978986
-0.11137615563065373
-0.08263264477570476
0.02317597408850247
0.067137078004602
-0.02022164300285545
-0.19621727895661467
-0.039978544365731006
0.08465480199892922
0.09007778892064705
0.005374029229721855
-0.03696329086308647
-0.02055149547712487
-0.004084332988912198
0.067463095297283
0.1333903605252425
0.11717810651605809
-0.015389812566461769
0.08694558396261676
-0.005871765672833762
0.04690736685156788
-0.2003140215599306
0.011218482566704824
0.057128936728741364
-0.043081083846028934
-0.027419723852991407
-0.22181093531865503
0.10498632328659419
0.049225673186842234
0.0435911243321398
0.11513170754395596
0.14156936178177176
0.010072866399881364
-0.00579280330625076
-0.023320411231964155
0.021149629903468747
0.06668677782612076
0.011200796201029206
0.009203799947233915
0.13592424857451912
-0.013577949141044598
-0.008143665287599466
0.10301825228554157
0.09006121929378907
0.12556089675678228
0.0027891241020842616
-0.06571900386874086
-0.05351697318067483
0.034764602552330826
0.04583379909654656
-0.030234243315656384
0.04696209579855043
0.11458652025169752
0.040873381023336264
0.0862709164683721
-0.07322633313497362
-0.10479460399845364
-0.009899164086364376
-0.06476761172169865
-0.03429640810903056
0.003223318331832481
-0.014061617338482435
-0.02360102731314684
0.05980251857472202
-0.017783244830340994
0.07812609416732474
-0.08989986604472189
0.016258230477404323
-0.08601487751535808
0.01616110450879721
-0.033275734760633946
-0.07674486101124689
0.03332878447620813
0.005781221254625046
0.010359035202497535
0.04548209544385584
0.07380569462290149
0.03365889289861429
0.02487057522383118
0.04453652032058286
-0.02286965165035637
-0.09062260540676526
0.050267687147717566
-0.06305513043636868
0.09739096894228222
-0.028418680597892654
0.06655253124047444
-0.020877196245776886
0.013010815226802419
-0.056955271934228
-0.03929818717739009
0.10467615866313806
0.04502454712506099
-0.03421801401813773
0.04415053739369229
-0.057719943943350116
-0.018193334990441734
-0.04487741661527567
0.10225814337228567
-0.09613848819244541
0.11598171533485302
0.010474849791080154
-0.04338009652488484
0.08681725577839733
0.03929139305800977
0.0020393449085209236
-0.03470614240207048
0.04290561997574899
0.011777662263028954
0.024884687646618775
-0.10059630082912463
-0.04683206481925428
-0.04246840764770066
-0.044733137298721526
0.06985747089898847
0.021974205220361587
-0.04886459080092975
0.02064722295401339
-0.028014336070363632
-0.05745833755383867
0.04158901136284404
0.10427251882041616
0.037463564728246745
0.0667596937315511
0.011022905422129359
-0.041685072271431034
0.02623553450812305
-0.07977659278287386
-0.07370392866166897
0.015112967284757639
0.021257205075831564
-0.06748862559061419
-0.011278810794824734
-0.10951428416165476
-0.08328780071771547
0.014485295369219553
0.10048385416907296
0.021461430614835797
0.0041532497513015465
0.11643732281773606
0.08913572511377654
-0.044760678886644256
0.06937975176680544
0.12562992767121833
0.08587892009944126
-0.09989882539218231
-0.058575996361814875
-0.11371254280418186
0.11641708423384434
-0.035705401133437564
-0.02779793043413148
0.04398681123907444
-0.0729794070804074
0.04247696854323235
-0.07634626143615642
0.024748759230418305
0.03153778381369582
0.018126694296216994
0.09459475318754623
0.11096375064894043
-0.04557827654887647
-0.07028372512249359
-0.008141828404713114
-0.0462376362979261
0.05520274826576865
-0.1823715719073844
-0.2205648175164855
0.10769155755623594
-0.03177103944840898
-0.020152898249579998
-0.0009461081601093158
-0.13642779709961583
-0.1641266341724391
0.05370387395573745
-0.06325916851462221
-0.006222275426304269
-0.029804993121272272
-0.011239759433053442
0.15724081456795913
0.024163053978891624
0.16379252857291732
0.15690120939719832
-0.10774316501668135
0.07681422565840951
0.0838132541012116
-0.05439679726139346
0.023791905826484105
-0.01075295259772413
0.16724497985224773
-0.07111927020213848
-0.04854105579071699
-0.0965568913487651
0.018721757777639403
0.014900805927597294
0.004836895604835967
-0.023094277733112678
0.0058805166356477034
-0.13542740458648672
0.0065196091164769765
0.07328186557775179
0.052832986672674664
-0.14951617652631244
-0.03098497555918389
-0.07783010174330163
-0.018291227712359137
0.008626615757482137
-0.14242854577472053
-0.020270286018509
-0.03596490472969538
0.08735315311327646
0.0869923833726381
0.01573899618087904
-0.00872210061283274
-0.07923056297366782
0.0005973152304030727
0.014238406679490112
-0.10017637232191734
-0.02022900497333424
0.025134212044515936
-0.039111826427590035
0.09276177893635168
-0.09044747436160461
0.07060791497174318
-0.15192379579437099
0.023089469888436964
0.06190956601601744
0.10613049798275254
0.0783989854632558
0.011502511694895134
0.07264239716890525
-0.028797547976789017
-0.0221150959176859
-0.05361320332790853
0.05594246360488303
0.021838730021849606
0.05114142970509422
-0.0618376793537464
0.0425155857950999
0.07712796950415313
0.043332520876856184
-0.038145316924071304
0.11851402719142251
-0.032925640961138924
0.13130065115932404
-0.002186258841954669
0.14629213714791334
0.03556427376056409
-0.027125577714959492
0.006895307055080457
0.14390237592214494
0.05200527111744652
0.0386910278976722
-0.023544385215201857
-0.0666558235687269
-0.03659497183711424
0.07957128481925513
0.01957844320991614
0.04892386469881621
0.003347270942204328
-0.03292876385400623
-0.022291718651077375
0.12077076682193166
0.013339157464559603
0.06643000776976998
0.00782106734082555
-0.0005834549604749606
-0.04401297150351802
-0.11371236977346266
-0.10800617679744096
0.03967478464169222
-0.020303469214173253
0.009174781267131837
-0.05506457066992454
0.14710961259635869
-0.04387180256242551
0.024116782106837265
-0.1452724468587302
-0.01241691274781287
0.10353978237469263
-0.06831296149904498
0.06386888001108726
0.06957284335701158
0.09671370790517159
0.007191268478904611
-0.0448013364868286
0.09844018882902766
-0.006876717511674735
-0.03201057236997196
-0.08653344233780091
-0.08145845060395929
-0.0011044970723749215
0.0060583887731268105
-0.05806480019791038
0.042134478170995915
0.055520853838144646
0.03183245910005689
-0.08678095153808729
0.09383099935696043
0.012106485411606638
-0.0019134645058749289
-0.3354671926025643
-0.014085242247208862
-0.03393734780777524
0.1328928278105126
0.05409822271110226
0.18262357580801641
0.04641927603441126
0.03213460227854542
-0.023435536773196652
0.018446055282634377
0.016370447339850602
-0.06782870149266307
0.025950629113178303
0.06724994296943448
0.005215873215050293
0.032876395429495275
0.09000800745255572
-0.06425845759183846
0.08287603476940136
-0.07481483918192977
-0.08062685040075568
0.02196661682915657
-0.03516255538325541
0.09340602912536938
-0.1404388767620055
-0.010855610901247537
-0.05196183392297893
0.044808669025766246
-0.03309223000685735
-0.03996173500931066
-0.20893785861622993
-0.008046951250281986
-0.06977728487585177
-0.0791497366339724
-0.03239201671435743
-0.019067856712927433
0.007861748440979144
0.04475323193247005
0.02538687077274221
-0.12826312752255153
-0.02108529493935285
0.045792412759877
0.03888801454097207
0.06753660701456121
-0.2062506978883335
0.11395408150478248
-0.007574313166199387
-0.10751513830866022
0.012078824638334651
0.018667319160754592
-0.051986717402950355
-0.039363664588694
0.03729250506039161
-0.14348505988518012
0.01555544439316292
0.03561270460718674
0.02808197805837198
0.0011292103279644805
-0.07426223730474579
0.08217219409004994
0.012670932269593593
-0.08786178310509818
-0.03100869056194322
-0.06332942940687591
0.03786299708542468
-0.1830460240127637
-0.08062819562880219
0.05944853669732725
-0.07431863515467596
0.0805999533145989
0.10065555660577008
0.009119524412140312
-0.011293343883262308
0.00021219869093247468
0.011928403120783027
-0.05138524619584206
-0.003948570589233702
0.008212261902703744
0.12035432248212163
0.0972838283274915
0.024907876485141422
-0.016853561762475877
0.038434687827195446
0.04098764032630359
-0.0687578470268363
0.07968303881823896
0.08528302845434832
0.04438917201613962
-0.1538070241098537
-0.02980564684450271
0.07213028265333926
0.05740491034807077
0.019617960385764244
0.023865011377225465
0.036040066302227114
0.023566791313374025
0.015024078801107121
0.03379725099650421
0.1327354580967316
0.020359745176889377
0.01401750919406669
0.05850550497325818
-0.0664548637384893
-0.0796051721220482
0.009118557031694952
0.0849103851963483
0.052046445232571514
-0.06187680347899316
-0.05219995574113645
-0.0585253120442234
0.0653380685284859
0.03126659696911477
-0.05328414703535311
-0.10139932914525607
0.04004843350287651
-0.0036840101075030773
0.004379847848495988
0.05401403215173922
-0.009510294089884463
0.04284034936931641
-0.02774916863988608
0.10319552145395594
-0.04824016326688696
0.017396618089896454
0.07709166885065416
-0.0014513383281554715
-0.03739890089386966
-0.07127471426916043
0.023114751115593912
-0.09299838116604364
-0.02116908539124107
-0.039114157919940995
0.08912852292828904
0.0785116164186721
0.034488935196264836
-0.00011563853998342033
-0.012791459254328008
0.06675749236399914
-0.0031567056445470643
0.11281295141515701
0.05888752894709054
0.08089733660425386
0.06626318697741074
0.025813292012815403
-0.0037636832526204422
-0.004227467517759931
0.09817736409667899
0.040724131211703596
0.03383382703391713
0.017319636711951414
-0.021173697059009622
0.053619204927638
-0.03832637983916998
0.003833790172872331
0.029510287194053075
-0.02651990830401696
0.04308863287603509
0.008080877592039348
-0.01993724800853114
-0.04660645874532854
-0.03235695882108114
0.04038840908159813
-0.11632096523839419
0.0019245449953012028
-0.1333108420057414
0.033517642609137754
0.014189411322754086
-0.030060318845722467
-0.11547111920718411
-0.010190450475462076
-0.06110286110138052
0.03466227152678619
0.059756513226322194
0.05357799475113317
0.02946780672937327
0.060450609977058145
0.05210722074502422
-0.06131191872982178
0.06660215869933223
0.009338623165423221
-0.068224578059497
-0.23316301044341503
-0.03504631896316557
0.1386120193669273
-0.1652166729838973
0.021890620135350092
0.0008059736823153862
0.16617451424883145
-0.16960791656506458
0.026024050795935505
-0.0814234702531712
-0.1478544502453314
0.11879181809555639
0.004302063429849012
0.12421473881845047
-0.04213233521100168
0.12076195379042409
0.06444960907908975
0.00715153553466602
-0.024430701027638668
-0.039519003853408896
0.06199000874092053
0.015339665430527893
-0.0001440086939492602
-0.025348633607251037
-0.004407064147986084
0.04344957187465642
0.07604152993539326
0.08567813600600316
-0.008334359752730447
0.03847650949327125
-0.02818215216509934
-0.048783529937084236
-0.0732619001492969
-0.029253582088072383
0.038860167520712974
-0.03122864869783104
-0.05073830092270726
-0.05398798725383491
0.11519049449091578
-0.014743642332521234
0.020305224883260475
0.12905872797261453
-0.028776357052198054
0.02699764993696596
0.06480769773847023
0.028087023130728084
-0.13996362996284573
0.07784624364601933
0.023494027982271626
-0.10019903293197652
-0.010650489900691396
-0.04255953436970039
-0.04959049424537243
-0.0783747905799057
-0.056915648648020456
0.013969962209909259
0.036125897066153656
-0.0859729135704066
0.09847191228523244
0.06688218826947345
0.1311689246245124
-0.2714678592804082
0.008829666868122144
0.04380656133716426
-0.17327701920898353
0.06481253555181837
0.000819731739405527
-0.030764812269635566
0.03416759583280399
-0.027497849019352927
-0.007123228525737657
0.06857047356006196
0.009641729278783595
-0.02531932227428535
0.10769770822450286
-0.04651588784852578
-0.03996656414142219
0.006653625494760229
-0.01542087452956431
-0.012158433794594692
0.060337895618668314
-0.35056299542133085
-0.10105425479653984
-0.17723567731500367
-0.1178886683274486
0.01714544258880335
0.024628285708650333
0.06099975743525238
0.11133515318246012
-0.06888186210063085
0.07925062539212707
-0.05023115460222494
0.013163492031145807
-0.02734993207006986
0.18642168609073562
0.12689797662511404
-0.12211284473749595
0.013388481279609843
0.022768337815057382
0.0282817175044901
-0.010889088125226709
-0.07106868875481309
0.08410107035920861
0.052481282632688586
-0.014387664791043586
-0.05707550317715093
0.005812033916593462
0.12461231296448394
-0.1560692566450178
0.035816017523086385
-0.03346880877821412
-0.21577579664089264
0.055681662579603164
0.046194161608830775
-0.05717083722340632
0.00884901158824114
0.1813266433287311
0.03246141699902666
0.07278479472490401
0.060842336786120776
-0.2514407813116212
-0.013931649372829202
0.018699208300265002
-0.011005847261235768
0.01510770347075091
0.08696844623393835
-0.02423786883758694
-0.001155283410050334
-0.23181488724599053
-0.12552171967513093
-0.08643105498916881
0.009224168655990406
-0.01623946730651782
-0.01721521605919163
-0.00032705240759645093
0.06706268350408767
-0.024298042004994524
-0.04090097538467585
0.028071725216323284
-0.010730838264144227
-0.04096798951723979
-0.019422411573433496
-0.04143189220339949
0.03509047507403579
-0.02580264745298433
-0.0037819713844342573
-0.012508602700569416
-0.07154790975593806
-0.07984080164979812
0.04390036315525453
0.02649966524046482
-0.07554310367832096
-0.13747816478317798
-0.20868994395046203
0.06813459689026219
-0.02370511322841562
-0.11860296765778
0.1148330354717853
-0.016820958616322046
0.016345418681502688
-0.03465100089947215
0.1695053663291725
0.15793581939428403
-0.04312689216465493
-0.017077937361475448
0.012310867409373927
-0.030542743331705924
0.058493302957763005
-0.17939316143979012
-0.045050099925985965
0.07737775106119121
0.06574530919946425
-0.022408327013608287
0.05755127744801064
-0.06274196341411076
-0.07923373101868092
0.08014516934825422
0.0379064384314548
0.048665991874368486
-0.03381229219364734
0.10255310335344775
-0.02668741674262698
0.007041519409513919
0.07731106750777916
0.004741353686549543
-0.024483866670086174
-0.034826407961909944
0.0895840711796011
-0.2087435834076783
-0.03403576283890275
0.06218516980781996
-0.027108255743291343
0.07496988255310483
-0.058818552050663886
0.003214409426252063
0.10060282722745245
0.059929700169079114
0.020104523003299735
-0.02003671380123162
-0.04233458400113399
0.122430216779428
-0.04698420014635096
-0.07531789356981133
0.004244279785594496
-0.13916053201304301
-0.0005626978782726777
0.014710403413607742
-0.00917300580611935
0.010924257621288236
-0.08572425956262075
-0.0959708244189984
-0.02964489253690905
-0.03644285609617326
0.10648893042772256
-0.10519846821627143
-0.002277746256222457
0.008165920842075736
0.026221987590365814
-0.00632017890607528
0.1294429266140597
-0.1414644745226279
-0.010348552475820672
-0.022590952923593588
-0.06257683450923623
0.15870958791667678
0.06282064506271928
-0.028211014620865726
-0.2226596579854555
-0.05302801466213203
-0.04611073707682278
-0.07424766303646746
0.007334375028241857
-0.23401049776367377
-0.0257328910494099
0.15778666958835502
-0.013309289225889587
0.16435675473734168
-0.09768757607244838
-0.008990374577773852
-0.07423780142753122
-0.2873490757966952
-0.01579265068060587
0.005792059028598251
-0.18867340734285054
0.05368207751578147
0.08161561424763064
0.12945254137784895
0.06260583988693413
0.11237566259311021
0.09711807283144985
-0.16870766779223478
0.12996807581719733
-0.005613812197448831
0.07084828355732914
0.0007172699505713642
-0.21165668532918203
0.07684057329965005
-0.010137748393838741
0.005110723950969676
0.08049171986844239
0.05729833850831223
-0.018548981587871993
-0.07451655430947868
0.019055710080049193
-0.08049179490816305
0.025372746281846714
0.010413490399819869
0.011995472068525914
-0.2303187258541538
0.07793297338104521
0.04404044135300672
0.0025935718462916646
-0.12722667772431906
0.12139846174323166
0.0516337111368379
-0.0007427157600045087
0.13440602580789068
0.08849319087387975
0.030918535019790194
-0.013008299040248472
-0.011388033029375744
0.03078073038409168
-0.10138340565790194
-0.13948828659316548
-0.03426492728212849
0.045244444843915044
0.0031939883773057787
0.05499437329926227
0.07181091368351161
0.02109830256896117
-0.012912842787151435
-0.016480744064222397
-0.08486364585154726
-0.1747333783609637
-0.026963924266703798
-0.01846222315459356
0.12725989008955124
-0.12772393850235286
0.00332018347427282
0.0005840625062145111
0.09424956050149075
-0.19818346406083298
0.01670289908238043
0.0012074201592064404
0.1729307414687647
0.0036238434417587007
-0.07044552370975998
0.004825679650559467
-0.03639782465411401
-0.05565645306151579
0.08150683145127435
-0.11572266911392026
-0.013233035765113699
0.07138005095083416
0.056627250461832146
0.0962198916725055
0.10934249116363287
0.07071904740283891
-0.04881870557933965
0.04517442170418157
0.018607268267033072
0.030432581143847448
0.012786636721837774
-0.06333948805282419
-0.052893112096940476
-0.03694113231196772
-0.03245183036773758
-0.03115939335068396
0.09599526689708965
0.10388437343306367
0.12312257525260722
-0.013124609627940376
0.08839572440493554
0.029559694440556783
-0.18004971456225383
0.040714090645289414
0.033201491835277486
-0.08056081941661364
0.1203566233328277
0.02997932263562164
-0.030688916419450152
-0.27619097108778556
-0.007453561004419074
0.00014954824300339453
0.060186709265050875
0.040894236104032644
0.07704927141741585
0.08515092357780785
-0.017307807944189513
0.04950717471844246
0.015104902107096752
0.05240922097354328
0.13827747668245322
0.1088435230881224
-0.022641020753275898
-0.01751536140049592
-0.05286285652213951
0.050105912286220466
0.004389424427835575
0.015242075007850298
0.11813043369972509
-0.029060418576359992
0.04996360673768596
-0.003569641877480878
-0.14853049790930262
-0.06663106956287479
0.07785221707556628
0.0902060882098808
0.005029844496516556
-0.09149125981260131
-0.12730391380134498
-0.12128378635262038
0.11645662872936902
0.04137506006355879
0.03668621825241458
-0.015471553684359152
0.02849218208790838
-0.0901238595386823
0.09430781042299069
0.042342677919718075
0.012617797214979798
-0.00879506992132506
0.049160644847991763
0.021803610319847733
-0.035773194331508384
0.08862193115813305
-0.00938661809752217
0.11383463178773123
0.05097584231259594
-0.020175205295221765
-0.11997173911093595
0.018711899818183386
0.025499008108529064
0.000535746058722697
-0.11242590123753227
-0.015791966388796652
-0.09276466476752132
0.06197696770373973
0.12023405807206539
0.0567532737665003
-0.013888941855420334
0.04728237011562342
-0.03160070739178178
0.021082015041201496
0.06900866694036673
-0.016474578498230086
-0.058920952469576404
-0.13940223710224475
-0.06816021871488231
0.009618663751269796
-0.1639527826619238
-0.02984493333727367
0.08446773321423223
-0.047105066567699194
0.013754741147940674
-0.13777448427707628
-0.11157395999691866
-0.005145958533618544
0.0728990127251028
0.014463552472268382
0.07968005974234432
0.0115486404162497
-0.0009017723510151843
0.10796166330442947
-0.038746475265920344
-0.12747374497562725
0.048236780925343836
0.030978535950340336
0.06021747767158353
-0.07859255080232341
0.009403583178868302
0.1216047881521869
-0.1057417158014392
-0.06955837075675408
0.03475672398522495
0.00016316605441157872
0.03916307602366753
0.017277618061606603
0.10833963451367512
-0.11614950346825437
-0.05990953669847887
-0.028700135013102646
0.0393118213982801
-0.0437242306320047
-0.03242708639124736
0.051858488997614416
-0.020309838411034842
-0.12354154039114307
-0.04416783399625446
0.01763870239325649
0.02883458467242145
-0.033042986454150824
0.04556279232369609
0.01769401363909584
0.1349703165837215
-0.12882472699154723
-0.06005674443632869
-0.007282066690705413
0.03835332714762485
-0.025797046270387036
0.0669386327278173
-0.0031817124814734754
0.05532405198371215
0.09599325634205252
0.05728020687274149
0.030209990307166312
0.01130728864280206
-0.06888775394289748
0.0827314630472673
0.05227291745540358
0.006676290262822182
-0.014696531410560598
-0.06865479792808649
0.09302480224520698
0.003697395512255952
-0.0007171603043484298
-0.04382256444286736
-0.0107628598954711
-0.09412376031530378
0.030815765165611797
-0.09520528536680484
0.08667325815387544
0.04794521399351537
0.051201185851194875
0.0007383955357398442
0.027388454805630347
0.03840640224898639
0.014999463861587015
