0.038280299583063504
0.0351799593655124
0.0343740471108974
0.03568184954719939
0.03592781103817497
0.03700067096957241
0.04012263097814241
0.042259893596202636
0.044105342092321705
0.044856886943412264
0.04664164956184991
0.04836211972188992
0.051084707708848605
0.05507737454961198
0.05957272590601212
0.06475412190984776
0.06996249709644527
0.07552907608421418
0.08102479456231983
0.08684600979767033
0.09319115471454859
0.09904985473877166
0.10461994652181046
0.10931145071900181
0.11395085734194854
0.11786643440466149
0.12179643252539027
0.12618696044094493
0.13088968831443681
0.13578798678116352
0.14056831579902018
0.1452954880408442
0.150260298565275
0.15522279145713105
0.16016721193521746
0.165124472269968
0.17017250941284365
0.17452308702617197
0.1787164967567182
0.1829512467194498
0.18699744948946556
0.1906259558146601
0.1940929437733878
0.19782331295979147
0.2022077498253355
0.20594868706968714
0.20959328697665042
0.21227463346081066
0.2152828716800475
0.21894043336136984
0.22192789032067037
0.22491041069350592
0.22765976853020753
0.23171786888102167
0.23546271601627403
0.23907602636136027
0.24292016907009206
0.24655573126609934
0.24987334322108218
0.25252110368677566
0.2543485720985296
0.2566186770390796
0.2581862098669749
0.2593687480386317
0.2610128466746061
0.2616528311270427
0.26178276494012537
0.2618529626846176
0.26201218850598523
0.26255246942774746
0.2636983609531744
0.2649931803972548
0.26593157700926323
0.26611157871087604
0.2672047278866277
0.2680817135909314
0.26904603110078046
0.2702803657918456
0.2722114279603861
0.2753339654025367
0.2784048517935114
0.2812945651489896
0.2841999750776723
0.2867872526777338
0.28881714725792906
0.2908897453743815
0.29251808869702334
0.29436112835521755
0.29644760425507644
0.2990991421098834
0.3009332130161713
0.3028683604277532
0.3047204549472273
0.3075280873790957
0.31091472093933786
0.31485087618342084
0.3182795015447316
0.32233893552471543
0.3259030973453308
0.3293122546102478
0.33325982545836164
0.33621747963141313
0.33896050833947544
0.3422695888531372
0.34558592798949234
0.3502260211977219
0.3545974547166634
0.3590771466982094
0.3635313631269951
0.3672382066966356
0.3730080768565891
0.37864841301418134
0.3846735264585766
0.38941787934959765
0.3933032615338237
0.3988914730480058
0.40420983712635955
0.4100785453544013
0.4150364781066775
0.4197024658447417
0.42523908846762215
0.4289380761163375
0.43224738040509253
0.4361261966485929
0.44222524145500924
0.4490428439591026
0.45526572380878544
0.4615920736978828
0.4708845433274357
0.4807357414710936
0.4898365095723326
0.4980942864316886
0.5055485491450307
0.5135119105143978
0.5217467396125416
0.5287999949291181
0.5347266493399042
0.5404657173002335
0.5459190756186696
0.5503602706269833
0.553533414084489
0.5560735114173003
0.5595388032207619
0.5633405955202406
0.5682142630443155
0.5740395082242735
0.5785328639339761
0.5819039120852363
0.5858700079121056
0.5891467278883715
0.5929349285198454
0.5976012093479546
0.6016072345531595
0.6048934679415374
0.6082307792379827
0.6129427864143894
0.6197777912520852
0.6260384095401902
0.6326203407496058
0.6399259346705872
0.6462564738584112
0.6532772283307635
0.6590724168218779
0.6650992201907282
0.6701259392374136
0.6747300144333442
0.6791583033128269
0.683502294542614
0.6870254145705913
0.6899571617622893
0.6933370683484064
0.6959603191441982
0.6985172285764972
0.7008889340660137
0.7027849465707336
0.7040548248850717
0.7045517586865657
0.7050155367924342
0.7059953458746551
0.7062376849520725
0.7069264022116347
0.7061656082368779
0.7046900107466001
0.7052164911069747
0.7054112480631197
0.7062882970266567
0.7078165820093344
0.7096983258600564
0.7122102704407052
0.7157808084813901
0.7193206450810936
0.7225611679029598
0.7262714133971969
0.7293458775609964
0.7320076148380391
0.7341277185332061
0.7360147198332538
0.73731932081513
0.739549342036253
0.7418529151641234
0.7444672603208519
0.746826551911232
0.7511800869331444
0.7560956609376966
0.7599875770147233
0.763522924281636
0.7662378423630546
0.7681078461593541
0.7698278882443201
0.7720308818606199
0.7740205641570672
0.7760929553709973
0.7776449890067697
0.7792580568884517
0.7815252424201682
0.7848316751175894
0.7882351152565584
0.791881643521061
0.7949613290276027
0.7981220152092074
0.8001620585896859
