-0.3706985771308569
0.27381292126991835
0.25075694256069014
0.7783546535905647
0.1706526938009849
-0.8161936662731812
0.26630114012612605
-0.27727779266311453
0.13763753508630722
-0.06606559003036556
0.5886226027365924
0.1408430880572646
0.6786445249168362
1.2704760042120844
0.4397775028883127
0.7776985707502648
0.030133535768778058
1.027482690867927
-1.3888410356775254
-0.9876450033901718
1.0367735005386722
0.42127191653767637
0.16086624458533377
-0.9913216481061505
0.45193959218613045
0.9965351094739036
0.06936391475056165
1.109190259019122
-0.7272212333814989
0.14241004257821271
-0.82172217463182
-1.0146741955479697
-0.29908944391849274
-0.37268762177955916
-0.3477130186139219
0.9437097762557547
-0.3357811546960345
-0.16615543673303718
0.46455755096959006
-0.3633023791017037
-0.9442812884788475
-0.8368251553737056
-0.9620487714992951
0.862247428307112
0.02892847234445679
-0.45143924378792594
0.8526416675870291
0.5400455993863584
