0.44341767189281717
0.4578967884214233
0.4241907416255363
0.42209212703499327
0.4253705102728893
0.414392703043469
0.408630395948567
0.38027329086625844
0.3969670736748606
0.3753358635485283
0.37839847889452927
0.35375185542208587
0.36947056280349155
0.3604263736429552
0.34587114423371546
0.3530068826503161
0.34768073417843853
0.35015221778148176
0.33747732789163687
0.3423483323232927
0.29598840382394354
0.2931723604282277
0.3267148756220736
0.28622291415742207
0.27922585660417454
0.2817024482621999
0.3010370719758854
0.269160480231136
0.29598979298442407
0.3164708794336736
0.2621687684212904
0.2832041646433432
0.2670356590431765
0.26924955507334136
0.2636080293772123
0.2529195056079122
0.26129751602157236
0.2267426931241479
0.19233209294975717
0.24486208531505876
0.164004826883347
0.2182303415848511
0.18089424359849987
0.25062696463782497
0.18174811218550996
0.20531476311901664
0.19198917036316399
0.2206429890613511
0.19548818151829395
0.17112484399863076
0.21255327288866133
0.17764894870563042
0.2123349447721225
0.20021208693889198
0.21299646490452673
0.17859198426932632
0.20844657657746196
0.17883064242807972
0.18903677747381492
0.21406262917718233
0.17561828015753805
0.17520669980120573
0.1590879760012603
0.18887021999432224
0.19946742539377
0.22046818478756852
0.15722525944501303
0.17516995995728368
0.17611504696277236
0.14127164983132312
0.13953324697307923
0.18157885840209387
0.18860103543064388
0.16804939241421712
0.19094613693555368
0.1781141910318157
0.19316723958345128
0.16533837451342348
0.17401919084999895
0.1713737616951269
0.18205670519732797
0.15679246290788057
0.16896466709728297
0.182001152762779
0.20449953254111763
0.20003203280107806
0.0956840446759098
0.1975830849330975
0.17930742447867204
0.2057282764927305
0.15198762924753678
0.17423417679897446
0.13853223370270962
0.16410991661229962
0.1684194426063081
0.17975316316769613
0.18119695980339617
0.19372753013498778
0.22393836393505523
0.16278733919405491
0.1498503479797615
0.1431931026558721
0.14235919898366733
0.1266948155194088
0.10438682305088315
0.13795856086427033
0.14445183219579782
0.11632934671739537
0.1782868006171861
0.10993723832894742
0.1525240340381961
0.1656659358546097
0.19106326583358546
0.23597899652032678
0.1374107174604003
0.10345564876061547
0.13544198462021528
0.1506547699939338
0.2004733103497341
0.14204921951098703
0.08595568953488658
0.21415184141362104
0.15138953735406435
0.12877212499957774
0.12898797481991148
0.13160500331231656
0.14247453641286123
0.08002206775776832
0.053575202942896305
0.13972213821172136
0.1587342870283756
0.14573023439824
0.11596946674945685
0.16047887750091772
0.11829248756894517
0.1888040715527698
0.1360020739647544
0.1756852371158097
-0.017021035060155176
0.08912377839929442
0.09414694557184827
0.10157669769264466
0.06820311795282508
0.0960446452567027
0.07048205644634281
0.09966695486775767
0.12139388504175835
0.06360090345717795
0.1226418901853315
0.04062494827048657
0.15788375543661298
0.10996816573562662
0.19534229800181063
0.04889738318922854
0.13304698391150888
0.1071394491845265
0.20390353839789938
0.10403690139421878
0.08151807544629591
0.1270916552947316
0.09569935590369194
0.13621159106596203
0.0754557391910306
0.02945339581587847
0.049261743143355685
0.15359300097777484
0.1475134680473839
0.13227304507655285
0.1068435220791853
0.06875574350662295
0.1483229076615198
0.05597041055049895
0.15002913124897965
0.12072905453580679
0.05620871659979171
0.19804865630026497
0.13687548561283558
0.13395065519432847
0.09580619572293442
0.08593859677769677
0.12234178365507897
0.1570436654067413
0.0014500360841825932
0.03386335661940676
0.15872630377977454
0.07593982141030603
0.13633368671178486
0.15865958232832877
-0.0010417486946427967
0.15208916644905535
0.11421204627078096
0.1871108103104147
-0.019290327767097604
0.18878622383383492
0.16107903103709392
0.09639921268493085
0.06397785820393637
0.1752356926409045
0.07379409679416349
-0.22699227455785498
0.09942362748394429
0.0357142905888892
0.10839035645296685
0.08485248384878469
0.21061609017120908
0.00948742782964157
0.16088749141298275
0.17693782316557538
-0.1106032375907734
0.15328991791742258
0.09297911225665162
0.2396891966661619
0.06432388724099847
0.15531398323465412
-0.020359608493776604
0.07328878422464036
0.06910230400895567
0.0729653351248486
0.05540593118646703
0.08397180134703641
0.031037459480385665
