-0.25795839284493577
0.4006514322378667
0.24442287343103497
0.19630302838724986
1.0758163143368273
-0.9756700238591072
-0.2077735497027996
-0.8500626753070984
0.22394471894852971
0.8442454530725759
0.3437195707265704
-1.0966407415507238
0.5351532273810115
1.2357192121832172
0.983067801329255
0.7502465891095979
0.8264956810849836
-1.099535686245864
-0.664487396312296
-0.6387174578863021
0.538513723302672
-0.5267890829940317
0.5529565660520831
-0.6527490961580754
0.21748372579850309
0.8262764299875097
0.17297098363414296
0.9389848053532812
-1.3457013558104785
-0.14630292466247174
-0.7700492481928978
-1.3068533400445441
-0.5310590476444315
-0.10163928763330424
-0.00795998817806352
-0.023292346149548917
0.05223688908797198
0.09165755431116791
-0.2455482660154246
-0.17920808908677718
0.03848057441760498
-1.1682263451832
-0.9382144348912494
0.19625063664906833
-0.17659596751770312
-0.01882515038524506
-0.5502389381812071
0.616641907236619
