0.03238767009932983
0.031653244754089135
0.0346391947471502
0.03658013385567466
0.038242375985008834
0.038000785896708564
0.03946527405001571
0.04216727157608107
0.04645507541134553
0.0507881835607034
0.05570516736176194
0.060896075073828965
0.0658147361533312
0.07182843948043262
0.07760225206845983
0.08303830649220402
0.08925382897113837
0.09577181187106915
0.10118409816686233
0.10640623919336589
0.11193235517364844
0.11700414864936665
0.12200932811245774
0.12639739587454568
0.13132804604201745
0.13625441000963268
0.14134622404602487
0.14618513404931083
0.15128717671949385
0.15647270156539
0.1616255230039087
0.16676026204796165
0.1716505971076234
0.17682146486170253
0.1826800182733827
0.18863226101837538
0.19483481868737737
0.20127955119799384
0.20766403007203482
0.21370536243003277
0.22059817637827125
0.2281336359753493
0.23584263891153695
0.24297729197965934
0.2493385500750242
0.2560693562792319
0.2622104332441206
0.26879720418644043
0.27641670035758065
0.2834047892691358
0.2906187789654104
0.29767254508084035
0.3050680671727226
0.3127421897226643
0.3201617664459163
0.32772106151052227
0.33506860833381885
0.34214651717131617
0.34804856797333816
0.3531605361718372
0.36006079033803456
0.3674599129429903
0.3754522499202525
0.3830278300441497
0.3908547232893064
0.3975797724939032
0.40420624469905236
0.4101897425780892
0.41513900316250946
0.42057307889647616
0.42385840132256036
0.42638408864926775
0.4290866081696296
0.42937129061315527
0.430532300378273
0.4317327183434338
0.4329986227486595
0.43568136034614
0.4395618533886757
0.44487794713357703
0.4510408277949762
0.4574793166478854
0.46227935174589657
0.467538391612403
0.47319004439797924
0.479092905041185
0.48618701813916987
0.49382742756693615
0.5006518934938736
0.5064259743485495
0.5124228640098382
0.5205883528253263
0.5277654369331453
0.5349878576197106
0.5439135895959747
0.551445586047146
0.5562315007948523
0.5624527707373534
0.5683486494350757
0.5742655802916482
0.5808122428052015
0.5902510508857975
0.5966395930916042
0.6010833883609641
0.6015924510450971
0.6042337480446842
0.6070594332194382
0.6111798171838114
0.6144339163908175
0.6175003840883445
0.6205122895049192
0.6224841792791337
0.6253371432576236
0.6281909019967856
0.6293484042195561
0.631695240427358
0.6318819800897779
0.6325794088086684
0.6323066326706978
0.631984569695617
0.6338976799694443
0.6371305306196774
0.639428753351371
0.6410149513263496
0.6428019427485847
0.641529612398746
0.6406619427770074
0.6395189679905997
0.6384897636372935
0.639481804039709
0.6424125289428378
0.646592796238539
0.6509646429249352
0.6560064712057069
0.6609286681657117
0.6652660395859638
0.6695402207596175
0.6735799806910635
0.678783206436205
0.6830250465241163
0.6867037553610759
0.6891337258154759
0.6916150221357033
0.6938014300951508
0.6957301832362842
0.6981520750681326
0.7006103889823413
0.7025996058946092
0.7050926635868712
0.7077800761275651
0.7101192047748338
0.711595166308763
0.7122510406475145
0.7123858297103701
0.7116795368063302
0.7114367901365412
0.7113328009343625
0.7111058223932514
0.7111575262283302
0.7100910279938443
0.7090649495383423
0.7073954690965679
0.7055844116591012
0.7067615132751683
0.7072161159843767
0.708442093151161
0.7091790329871935
0.709962170937649
0.7107785051607471
0.711544451197548
0.711925961216576
0.7122135716019224
0.7119823584385547
0.7107197958448359
0.7107074742972639
0.7107540100823615
0.7116428719107046
0.7115922311255407
0.7118886775320731
0.711712208290012
0.7117565673356466
0.7116141209561035
0.7116133590337251
0.71220462958064
0.7132641825048248
0.713914384685907
0.7149873117545529
0.715902144588803
0.7167559127782577
0.7181081053203301
0.7199431069337261
0.7215221433513409
0.7231635340657829
0.724998684461605
0.7267925132714687
0.7285101760994525
0.7315339411490288
0.7339070103923369
0.7359838637583236
0.7382215071468915
0.7401369118047876
0.7423516371080904
0.7443749351918829
0.7459536190207257
0.747468618154685
0.7483955461100807
0.7499991194110088
0.751302048508903
0.7532228550359263
0.754792102490495
0.7561925985378595
0.7569109440755974
0.7570802126401076
0.7580594483879782
0.7586447224762816
0.7592575054128881
0.759762330332104
0.7598848014379762
0.7604684010182355
0.761277892270483
0.7616658146050398
0.7618906070531378
0.7620245921475111
0.7621942022080919
0.762504377487718
0.7632664818611349
0.7639148997585777
0.7644804974159656
0.7652019664385625
0.7665306276357878
0.7684414316878068
0.7708046157382917
0.7729024786489704
0.7742009746092968
0.7748868013561802
0.7756440305732292
0.7763273456751199
0.7767188085340387
0.7769200058071116
0.7776024697029077
0.7782940655909952
0.7792070657808512
0.7801194956573115
0.7804649057121467
0.7803499806424722
0.7791996574200576
0.7781041474764885
0.776802154487884
0.7754790489570522
0.774315174771091
0.7741651391826652
0.7751753979656917
0.7761350358415964
0.7770059440121131
0.7777771074428964
0.7785346588300999
0.7792334962831129
0.7792795545575965
0.7789216032805077
0.7785696308828904
0.7783550251515365
0.7782344303949722
0.7779516294332589
0.777952253539234
0.777930973598066
0.7782108918856601
0.7781476623828114
0.7781494976519999
0.7782440570561154
0.7788832603117005
0.7792786547224515
0.7797242227900937
0.7800948325809475
0.780427014824733
0.7808730520345953
0.7810752221507151
0.7810852936048607
0.7810673534952632
0.7803957862364806
0.779985525128607
0.779545597243283
0.7789524734221692
0.778251154883413
0.7772619747809056
0.7760092566347123
0.7756461802732997
0.7752981838637479
0.7750371729681554
0.7748968308530682
0.7748427753748838
0.7746844936814516
0.7750210553107943
0.7752242663463367
0.77530782493898
0.7763809277971415
0.7776057534223522
0.7787348684274052
0.7801033095454653
0.7816715079255732
0.7831622537390556
0.7842542396908765
0.7852502980605088
0.7857679784067795
0.7858941117348853
0.7862090932413934
0.7863279913503347
0.7866450524351786
0.7865698276587748
0.786194584230587
0.7857142193733142
0.7858074877296628
0.7857912562676997
0.785858452636127
0.7860718485088771
0.786120377223838
0.7860913489584237
0.7871457812136845
0.7879207160908309
0.7886529608057383
0.7898306317055783
0.7914358200170982
0.7928111020539094
0.7947973598394001
0.7969705039572642
0.7992289406454617
0.800983581164719
