0.02588074972365293
0.0189256832685461
0.014872628994048266
0.012078516057469629
0.010182515671394537
0.009855015559661793
0.012290241946953832
0.016122572669129434
0.01872660182502512
0.021781317856287417
0.024471454094898912
0.02832380554751343
0.030315770048317186
0.03265655104103041
0.035925383751495
0.03863285710736058
0.04094070704737339
0.0434846616992169
0.04643565418433626
0.04975783101583965
0.053518956261244546
0.057305449226309035
0.061664718652263924
0.06579975250484955
0.06999312656715657
0.0743386361673032
0.07920796360808106
0.08409403460546597
0.08865457165782968
0.09346567041737461
0.09853351937355168
0.10424538305973084
0.10995076337741369
0.11575998897361804
0.12143564222186803
0.12700849421915458
0.1329097807797538
0.13898383995713073
0.14518420426350837
0.1511464454487515
0.15714869107215806
0.16368569636088637
0.17035273368253837
0.17708766961458142
0.18391943909834557
0.1908198369885414
0.1976630014163411
0.20559726569381787
0.21437966944067902
0.22274788279025434
0.23056592012702015
0.23850327341769154
0.24673867471852604
0.254339200822371
0.2613338524577843
0.26786001983504193
0.2743769746442519
0.28054571925991395
0.2858524326187769
0.2915827085467579
0.2964987062121427
0.3004119794580542
0.30313036885043076
0.3051193509060798
0.3073617390158423
0.3106247038447784
0.31435976574702656
0.3181463134564728
0.32236111278881546
0.32559734667814483
0.32847543673150537
0.3316882863727563
0.33498297380682157
0.3373720182445314
0.34033690637432257
0.34327275037579763
0.345873684729049
0.34972884414945216
0.35204511700418756
0.35337748899323035
0.35549065916217654
0.3585792658409537
0.36141463335453033
0.36497279813548156
0.3702483175036773
0.37604362031237726
0.3804918982602948
0.3840213916843875
0.38987383760642913
0.3950135787369318
0.39890517318405183
0.40321448121680686
0.4061960881833507
0.4082473619640713
0.41191025243585844
0.41550750971658357
0.42125571994975625
0.42595392470374505
0.4295834094553871
0.432483796362725
0.4340238415786029
0.4353447218811574
0.43906816121947234
0.44230643663994534
0.4458749311229143
0.45101856876416097
0.4541926575332021
0.45709149740054333
0.4596734616508062
0.4626682508690709
0.46450113518804503
0.4683771518778453
0.47086959394578415
0.4726597758897397
0.4767108723482044
0.48101780243925457
0.48323673546843554
0.4863751916257795
0.4896702693028383
0.4941178378417923
0.49914593817104647
0.5036327431108378
0.5071403807538485
0.5091480930670578
0.5109600219333252
0.5123933795552976
0.5136602472057387
0.5170266236218323
0.5206940239652483
0.5236491479509248
0.5264833293459724
0.5280332503111309
0.528301560783912
0.5280700825308111
0.5285842307338716
0.5295857101900209
0.5302898771186122
0.5307023957056196
0.5309395320372047
0.5312855324366069
0.5335173888803565
0.5361431087360504
0.541540551932258
0.5467228749445813
0.5526761282496424
0.5581719634543326
0.5643918444775385
0.569683813714317
0.5736311826213988
0.5775167748680009
0.582702094364464
0.5867111452837294
0.5911004647540704
0.5946527190405595
0.59763436525534
0.6002279194239666
0.6017492714062941
0.6017011261473736
0.6015748148516713
0.6010075561218927
0.6014476672763166
0.6023194452289049
0.6028104306708512
0.6039219091294885
0.6070744880191166
0.6099242812852286
0.6136051285300417
0.61817068771215
0.6228391995784119
0.6275469645110698
0.6321581110973588
0.6355301970231226
0.6400392271274203
0.6444431156396835
0.649729745065328
0.6546852036660735
0.6596555810133913
0.6653552362209363
0.6704622221121441
0.6750599312972622
0.6790459114428584
0.6819648486423019
0.6879178979497901
0.6936868336157305
0.6981715124570541
0.7017838556367817
0.7054579020336798
0.7086749831448209
0.7119603387181046
0.7146513366301056
0.7163902835842458
0.7191027486407011
0.7217709423922279
0.723890928938003
0.7252200929179148
0.7267598611471744
0.7277622398401046
0.7289489122648548
0.7304886806804655
0.7319890685754495
0.7337372340642552
0.7355781061601504
0.7368476914187003
0.7375017782471139
0.7390175736442995
0.7399484406164767
0.7403127659746865
0.7400550996825037
0.7398017816901263
0.7400695270604019
0.7406743180172233
0.7412285675316106
0.7413880322831247
0.7421943914774471
0.7432459686043534
0.7438603268890439
0.7441796152499032
0.7446967743679827
0.7454524338175945
0.7458149519742265
0.7452685232732467
0.7452370521283972
0.7453625048616689
0.7449727266869056
0.7441038924781296
0.7431381166327659
0.7430280826802402
0.7432379578540019
0.7433615119644038
0.7430813857139374
0.7432140886838078
0.7434254786989528
0.744370589612172
0.7458010257730314
0.7477808177126056
0.7495005586708056
0.7513344392364278
0.752887353012282
0.754665712690661
0.7573282083661989
0.7600086190941315
0.7627295526554632
0.7653768591785655
0.7681705571760474
0.7713075494215546
0.773371289439467
0.7754329116024411
0.7777234821255027
0.7801445687365735
0.7820559700794998
0.7837476855951345
0.7845046786456615
0.7853233930319188
0.7866376926480428
0.7876992358076701
0.788929067786015
0.7895572428121607
0.7899603781237117
0.7896484374241313
0.7895131886514521
0.7896807279624964
0.7895633920070219
0.7891325411806295
0.7886760344407033
0.7881367593412929
0.7872546689444564
0.7857011077111797
0.7844122683205733
0.7831334031082822
0.7805919220130619
0.7782671042263524
0.7764355580255943
0.7749786720348514
0.7741912868825717
0.7739806563227998
0.77426848120258
0.7748378631314063
0.7753614093553527
0.7761687091782915
0.7766564679316601
0.777278997802391
0.7772703308193238
0.777659952994993
0.7778035670862886
0.7774978120219733
0.7769072748141181
0.776841693883503
0.7768758825967996
0.7771746619933667
0.7779274950763405
0.7783621936507261
0.7791891408504376
0.7799854823580912
0.7804727496815801
0.7811678655329158
0.780956033718581
0.7818256765815166
0.7835819195562417
0.7854808205960839
0.7873623107412817
0.7886662904725575
0.7895914047862278
0.7907426738463424
0.7914048952853565
0.7923058909195596
0.7933173599223208
0.7948823857787313
0.7954302652693841
0.7959124973884694
0.7963180036122857
0.7963534169739187
0.796151020219432
0.7955030401143006
0.7945221758697384
0.7939514169952644
0.7932476978657476
0.7927390281663006
0.7922564857708266
0.7916491676196397
0.791284318105409
0.7907113788610027
0.7900385564120176
0.7898530524564336
0.78993824845641
0.7911695325605597
0.7922703602415031
0.7934190671337893
0.7946907586778105
0.7962647066311506
0.7982212731810712
0.8002506115613739
