0.4680055609781701
0.3592712800728923
-0.245069683822846
0.32657561408988883
-0.1345907488859381
0.050226457599381595
0.24809232279590185
-0.6349952578964557
0.24259265721951057
0.3327556946891359
0.3564414550321701
-1.346539144795627
0.26246445854295064
1.5148187129991362
0.6937022435123682
0.763315043248788
-0.3730940699103108
1.3492036223557728
-0.7210451241023768
0.3966470979453615
0.33150663247097456
-0.10432154002468791
0.8520570289953556
0.1279652719535684
-0.27704866028351743
0.7020861551023271
0.3401224769022645
0.8165682432274667
-0.75091991898201
0.13838143265633499
-1.1207925481654653
-0.48691333065596615
-1.0247301890850697
-0.11321051074824551
-0.2017533218954948
1.2182530237707172
-0.034848973690373514
-0.13121569434480912
0.8768691213173138
-0.9125243321545458
-0.7410279289800522
-0.38293148898130674
-0.6892652737808418
0.3294176997022074
0.08563700207631181
-0.5538967057148485
0.713545344093013
0.6211692585532683
