0.4469512569338709
0.4319111858404535
0.38718715552263266
0.4351134334781167
0.393678654712234
0.3943717325827244
0.3909918819019317
0.3759874054569319
0.41298946006231685
0.370850610818781
0.39652214670233094
0.3795485251649635
0.36614131296639096
0.37733780675394263
0.37875500216745056
0.35499009364570433
0.3587329223912603
0.3829365284319907
0.37566523587672446
0.3240668340808658
0.32825979373353886
0.34192785960303423
0.3370884515121957
0.2966119249466401
0.30280974137715344
0.3007813204417601
0.25676878216533994
0.24259291011593792
0.2656067033582046
0.2501947698873248
0.22993021148223491
0.2561604604249321
0.28020781778858816
0.26530674539693133
0.24962720699417906
0.22520054502638492
0.24577101175016963
0.22605869943722678
0.22212893905554382
0.19081433695653366
0.2274138604102673
0.20674117065681108
0.19506518581198928
0.2134323866095439
0.2377908580359741
0.2038823939776837
0.16609278630323027
0.16106638288538289
0.18771438082544356
0.19310509248750285
0.17760390666166803
0.13019541490046804
0.24083676799769443
0.2017700569703268
0.20972990270742126
0.14480836197784086
0.2048724271250033
0.16914616927157727
0.17683610243567655
0.1735101256730005
0.16943673392450298
0.22445015647899874
0.21215622814303498
0.1815103785189654
0.12969067975884185
0.21385368561411866
0.17797900569227781
0.17205148115765984
0.17071820701206408
0.169912827656643
0.17708577035034007
0.15259288558392636
0.11685767068092107
0.2048748115153748
0.2127301433555342
0.18416168330310723
0.136876330664564
0.1659862994833416
0.21870553831524087
0.13152934926083404
0.12674754425294704
0.1983801739890782
0.17516581276719873
0.1078425604490259
0.15127003933522548
0.21265313942106034
0.17969872730205416
0.1019016339276057
0.18188794700488042
0.2069708523612413
0.1586668125466989
0.20731320922239876
0.20024416464945477
0.1338153048387598
0.1733631859650676
0.13117038491462207
0.17658153237005497
0.15421334126130254
0.16826655451343164
0.15184715745738192
0.16527738931096536
0.13617327487084263
0.18506051176111865
0.13291566059686477
0.12570104381975833
0.1802697831561354
0.17125645583678112
0.1510715851219812
0.09245181545482661
0.17787199249254282
0.09736833602164835
0.17941206585659947
0.20642308730859926
0.03662731583484835
0.15800780973541584
0.20095866435958598
0.10955868366682836
0.1539225687566823
0.14875832054194638
0.11354859214408924
0.16294745172114822
0.18581636936940538
0.19521334078620228
0.18981726153082917
0.18661356332842238
0.19005275405540684
0.1168095458214275
0.15247034248797764
0.19020402621085108
0.191532993263422
0.22195336663040338
0.17314319476465262
0.1679172942094012
0.1130156248117134
0.1739570849410863
0.16935883494151122
0.1538642708208559
0.12315714941979322
0.14851819896121632
0.07839699635725222
0.12455914583699518
0.0075219870445150105
0.1177336529892104
0.06649630091182596
0.11621842085261719
0.08620651894185494
0.08245684162953293
0.17678508282796795
0.11526717710292178
0.11264780613386832
0.06606919299095942
0.08023576558256612
0.15671430634938321
0.04433732035102583
0.06534346652585671
0.18367226566693778
0.1844461798816861
0.17192941822454738
0.16299107666776463
0.07169591952074705
0.20801805402999007
0.19797119479899844
0.08479930823607695
0.026612871199983457
0.05992689255260558
0.11600610884468782
0.08383698790210148
0.08890150392280544
0.12114117586467277
0.04931596183603476
0.13684654994707013
0.029449993117874496
0.09921284301629102
0.03662050589679139
0.08620181775232783
-0.08171181253981408
0.07602743537348072
0.10973942523815317
0.06122864873868028
0.11264070953485228
0.1913563428886373
-0.1624172012960492
-0.033368445746633224
0.11249399064267279
0.15279398062301514
0.10456453381566322
-0.023571212540251518
-0.18724419795909686
0.023856875555902934
0.1641467888622633
0.0717207889570341
-0.07429419938258552
0.0695402829150571
0.17248705363948302
0.04092073660564172
0.1617704028256
0.2204073093695489
0.07210716221644614
0.24844309258364755
0.21238486095193643
0.05898945296907221
-0.01777464643901394
0.23451779535909656
0.14657339049355433
0.24856149394283517
0.19706062939159608
0.09684786807806867
0.10326130087371488
0.11462117362624324
0.053235849173820626
0.1075941680184212
0.08096618828169644
0.07015392180635927
-0.05367594224376282
0.1240012542933982
0.07350421683110786
-0.050211512304501715
0.022043489153535822
0.05030409570713623
-0.0639555262996836
0.00871146211879864
0.07179676390801576
0.05539223660025816
-0.049959604384683165
0.1324059688190331
0.037828334803865826
0.15653617046103857
-0.09689599897404855
0.0704031286166873
0.264857650166403
-0.049958509907028215
0.0759419436752804
-0.06827291829365745
0.12138814576998053
0.13077206139183156
-0.0741300482026559
-0.05976706860093428
0.057413246222686676
0.02816133379988256
0.09821200848658163
0.11215297785694317
0.19817015046786662
0.17787153609580852
0.04516767979818859
-0.03278592241335587
-0.2229489722476562
0.02790646722645279
-0.14396294797286757
-0.07668309080288871
0.23727727476104166
-0.08994346028240963
0.08819326068179556
0.06865875401123717
0.18797002073498315
-0.5130048695138969
-0.04586801267164109
-0.058642265572814156
0.09882695563496141
-0.2174429834005316
0.07517353641790847
0.18971256439618256
0.08436665596871284
0.1782967926644476
0.15081919887552853
-0.006663104531890562
0.10971921186046801
0.10968841031934035
0.17994957860189081
0.034387089866616316
-0.14797203317837326
0.03159373509628427
0.10696210613425378
0.048007028115103045
0.08531126540287498
-0.03513040811441648
0.11198252190330188
0.13996291325376464
0.06381415100967286
0.17002472217066794
0.12926672595596428
-0.14330604203506692
0.08678644196677804
-0.4254846853711667
-0.20193289410636206
0.005029527651423282
0.020867656441348026
0.1727164318969452
0.08111195290483292
0.0937314560440149
0.005418092396994423
0.18096741867676708
0.15267159451607282
0.18862397131898512
0.013129456686462648
-0.22389386156698554
-0.38795212614153507
0.04542828086694489
0.0937786274974971
-0.0010224664513711623
-0.18404302886801616
0.03500739731378416
0.10070936159402316
0.05143562055960266
0.2181552872447795
-0.0009296712930443318
-0.019236639957975976
-0.030795077421073125
-0.35667384716752704
-0.025411881640912792
0.009354191917588295
0.09318904648606025
-0.036715512631019576
0.09423872615917134
0.1160358586467432
0.11554975371463655
0.10507580983404996
-0.7329814166774742
0.12025342945252754
0.12898689088150295
-0.04415465740531521
0.19322209385374478
0.15603685067563006
0.2106530577791179
-0.3437918674754893
0.22232209416862753
0.09771995157129992
0.09936199707821591
-0.029709635315773086
-0.4215276969668409
-0.2619781078748755
-0.15079345112320952
