0.039336717263602765
0.03374438917845756
0.033017754921100186
0.03112828853938198
0.028227566539809807
0.02496890185912565
0.0216294859743758
0.016860710698496772
0.013256486629891798
0.00866016974540821
0.004352132614008384
0.0011153083900417495
0.0037110082745525313
0.007050384378954854
0.010436901959157556
0.013145980918541357
0.016143028077998424
0.019230976325691193
0.02173860401488767
0.023942347840309183
0.026445654851603592
0.02765374220703991
0.028405041893063015
0.028789890735138095
0.029837149113895702
0.030106189308751082
0.029193071034552792
0.029622905502164093
0.03032627748984688
0.03154668172979674
0.0348165253927673
0.03917846764248166
0.04381858299483717
0.04951750763410146
0.054615073469957476
0.06115015536026454
0.06835779623443924
0.07595892709032145
0.08470484543049837
0.09393364673681918
0.10404542469757659
0.11452549800037116
0.12475107068255797
0.13484414228731093
0.14511047263958324
0.15459500207934615
0.16427901307078271
0.17474070392527868
0.1846254463744123
0.1948124220623206
0.20377323842738818
0.21144982171640714
0.2197270063091872
0.22713832040810641
0.23299005383297378
0.2389573045341305
0.24453241438711396
0.25013377182650276
0.25587800778075553
0.2616178292596284
0.2681087815674459
0.2744013021276426
0.2802503953968014
0.28589078353905234
0.2921807742296874
0.29915059995218435
0.3050733825812005
0.31122758682365237
0.31724162881740525
0.3216831594504941
0.32562672924094
0.3293935846215873
0.33325014173227674
0.3375725523006514
0.34202295386292014
0.34551014774304606
0.3481665755775988
0.35007837198547187
0.35150238861699606
0.35299652928404196
0.3543209248411192
0.3563344955621949
0.35877852652787523
0.36120539363380544
0.3637430065012878
0.36618422977596277
0.36776371809806624
0.36978914189310935
0.371708670717079
0.37383530067252185
0.37525153529482697
0.37683770846241305
0.3772318956391194
0.37790546518558293
0.3802827850079666
0.38274834046366457
0.38451297075237023
0.38685663467334713
0.39060531708872576
0.39511812062656
0.39911685834319877
0.40312283547979266
0.4084165377310172
0.41336583674782496
0.4178788810154607
0.4215150437595402
0.42563953239302665
0.4300276934160692
0.43452323827952893
0.4381846659001273
0.4413197818526396
0.44413117613754544
0.44688312229527405
0.4483628813846391
0.4501224553113184
0.4506140745045492
0.453533258890886
0.4563442880024884
0.45830636095628746
0.4605394485061809
0.4646642454064295
0.46828775501323205
0.47151613256107605
0.4739782284789463
0.47697928645425175
0.4795603441516381
0.48171031074100523
0.4840370615773061
0.4881437287753926
0.49403547870107944
0.49946476925320127
0.5052529263807204
0.5100743265436966
0.5151533345528505
0.5198715721489728
0.5246613402125212
0.5292011904892133
0.5330713225472509
0.5367894056147414
0.5401642838088346
0.5419411925283611
0.5476680063539358
0.5512399184370377
0.5537950549234567
0.5568053392403218
0.558115401573905
0.5588974535146256
0.559571092487659
0.5591638563322322
0.5588808191235307
0.5589816875625413
0.5602446238074569
0.561192852647088
0.5635567862194936
0.5660835445197689
0.5691178748251775
0.5735620993026194
0.5768245312871201
0.5792889404874744
0.5815070386508686
0.5832925495209246
0.5862338196481539
0.5892963440864328
0.5928076962855643
0.5959214082408116
0.600583225823128
0.6049421399952197
0.6089735251099747
0.614182683844449
0.6192753941964118
0.6251675437183689
0.6308061192584763
0.636032529164822
0.6399756199305282
0.6431994080688591
0.647050479437739
0.6498012280742159
0.654715723371121
0.6582724818590228
0.6615713529671923
0.6654968893488845
0.6710259608029767
0.6759328026486535
0.6799202064558736
0.6835964981551896
0.6876879836390201
0.6920724166119624
0.697638279812529
0.7034358791609888
0.7080429106513175
0.7123947056108473
0.7165472528017902
0.7204210044873953
0.7239212681137983
0.7271682655128789
0.7299107389871493
0.7319813040690449
0.733184468837738
0.7343040716938779
0.7359574144117669
0.7366573312068649
0.7376849093992254
0.7381943568075953
0.7378874196956627
0.7374096906559836
0.7363035011516746
0.7347062563519277
0.7342817656521692
0.7343103517853454
0.7339930027912325
0.7331437821210839
0.7337185037945383
0.7349140142728082
0.7357172374903289
0.7366222462612205
0.73781661287649
0.7391508325936988
0.7393950759202298
0.7388405664877904
0.7381088006916252
0.7376768274378764
0.7377702762338719
0.7377648231066455
0.7382109449288019
0.7379175968404827
0.7373402128121169
0.7376433974968808
0.7383757235241376
0.739813712303067
0.7414646411131717
0.743251342013335
0.7446808102056629
0.7457762723906021
0.748014296971219
0.7506145931577864
0.7533642577762337
0.7562322705729714
0.7596372030688382
0.7599545071912275
0.7599320871163054
0.7608004613622797
0.7614051369888114
0.7624978230566721
0.7636850023452613
0.7649798018884785
0.766227089186834
0.7675553946527764
0.7688225581135244
0.7707172585103597
0.7726212153603182
0.7743566056814066
0.7763153374577878
0.7783782326048578
0.7802450267534057
0.7816582457836276
0.7827306761222405
0.7838115474181573
0.7848326370888046
0.785639863757366
0.7869275912683086
0.7882051272269877
0.7899091202446326
0.7918292231274109
0.793789876132296
0.7949523537412222
0.7958978616952951
0.7968695683205268
0.7983026802199296
0.7996915796353061
0.8007461396947071
