-0.5640779748352158
0.7667496158948811
-0.009767068313996239
-0.022537535503209694
-1.1954215342535635
0.09430599307365128
0.39627353706527163
0.3958675507263914
-0.8027269399575622
0.21103990833888953
-0.4017995697769314
-0.1205644567178936
0.5480044457043097
1.7089194995709884
0.6932754718077583
-0.15810425745925907
1.0956913866948539
-0.5464271797272521
1.2111531906635926
0.677399195964058
-0.31103397171958486
0.3982532404519103
-0.5662715278781996
1.1857845776664566
1.340390237337488
0.15716365716136338
1.354134138205147
1.6274598024027083
0.1440945460211698
0.12933799535080417
0.027863925417259034
-0.5495340109366192
-0.3611877059260687
0.8758074312224343
0.21037818510069659
1.4905541433894633
0.0024792494855326907
-0.2626422806236921
-0.12364319431192912
-0.26804249700654936
0.3223169099949444
0.25592020480789673
-0.2066614967634735
1.2408822962147268
-0.4626834640282504
-0.183548633132303
-0.2186831055162221
1.1878992092699392
