0.038280299583063504
0.03599348243921601
0.03722020120988652
0.03622778628338243
0.03464926162127798
0.033952668094469216
0.034792538796763174
0.03738781129218872
0.04181837337309316
0.047830122052782004
0.05462759452555841
0.06212008247898014
0.07008177787707442
0.07801587461093928
0.0846728609238806
0.08983632818950212
0.0942201394839252
0.09819422912905816
0.10174446090974906
0.10495592102795306
0.10797712027397845
0.11114467379921368
0.1146018979382169
0.1182469575146363
0.12228380894992112
0.12708512889070944
0.1326015260470834
0.13865694718439756
0.14537204150566685
0.15261584315932863
0.16070026177958843
0.1696023456664724
0.17916755299423026
0.18922183213773783
0.19949906626670608
0.21064377689659802
0.22237760095117218
0.23462855198544313
0.24658065812276525
0.2575413737016733
0.2684917502327639
0.27899949262416857
0.2895344319080161
0.30036910683395507
0.3105472775161899
0.3205212035476958
0.3301093451906032
0.3394853761778509
0.3485460086993451
0.35678176478174456
0.3638919951877861
0.37104277697780447
0.37736912899917957
0.3842479126939339
0.39142617308783173
0.3989257596743722
0.4059800645092685
0.4128460722661771
0.4196251881916253
0.4261093002955838
0.43163066332467703
0.43727558111459564
0.4426431183857932
0.4479044129986151
0.45296940941034036
0.4571291390116608
0.46152098813360487
0.4662873435846804
0.4704696616557728
0.4755503309462683
0.4818226561084955
0.48806584738299796
0.49457480453402486
0.49999322391914774
0.5070105525001153
0.514308604221673
0.5213838596161696
0.5285065271549751
0.535154218990039
0.541231033102392
0.5471555321130276
0.5530179538307688
0.5591097854823026
0.5662173692497743
0.5727883072365234
0.5790286209746498
0.5862956980545287
0.5931684543504593
0.5996244074264871
0.6056740062274029
0.6109947108740889
0.6152766063480122
0.6197986530126126
0.6260958885464334
0.6335505909935575
0.6425130679640848
0.6526602404984483
0.6626864550776267
0.6716999119387199
0.6794234863131244
0.6846668978727913
0.6882496821031191
0.6911135878583213
0.6944111756343414
0.6963929663429904
0.6997266849782784
0.7034286305773854
0.7085760773526517
0.7134163619867854
0.7183458810805785
0.7226070249357183
0.7265614182687467
0.7295114354694476
0.7314677192414752
0.7325894246306648
0.7335630119518453
0.7335216412465677
0.7327927217501493
0.7334928967422789
0.7344811142458946
0.7359818652872077
0.7373554486156293
0.7389690511593412
0.7401300034948451
0.7410724762605054
0.7422697642066258
0.7428606490721694
0.7425998298955085
0.7426294353260244
0.7422359297821026
0.7424626470100004
0.7436095930785278
0.7443800007997495
0.7447688357298282
0.7449389644692705
0.7461963473717748
0.7470246044115622
0.7486863855353983
0.7499291527266545
0.7507014961069483
0.7509417278299114
0.7523350266703757
0.7529593504397375
0.7541218744750022
0.7548281262752271
0.757917721589866
0.7604142009122891
0.7624734682478228
0.7647124788957973
0.7672186881844507
0.7689077264861066
0.7698738646833992
0.7703309194677498
0.7709019002869684
0.7711570432848475
0.7723438277878925
0.7727729351684264
0.7734277366132432
0.7733607984724581
0.7730231071723442
0.7726960823719571
0.7717602888709009
0.7704908800380796
0.7691989459699183
0.7681524954139048
0.7690286155054621
0.7700265304249132
0.7707082153391837
0.7710868883119886
0.7725094793222207
0.7721236557830522
0.7727398984538454
0.7747245065094336
0.7772921731570527
0.7805581371367792
0.7846950097545757
0.7883097277697182
0.7913425155021465
0.793054086264703
0.7947304016107536
0.7967972115990856
0.7982151996694662
0.7995724584307264
0.8007186728349626
0.8027110339849419
0.8047556477714365
0.8077218891589177
0.8110379303676268
0.8135724421925091
0.8149354466036458
0.8155704918088383
0.8161710300553058
0.8168468632522906
0.8174675648912039
0.8175773445089369
0.8168087651668332
0.8157952965869971
0.8157144246839777
0.8151529328658174
0.8146564189214573
0.8144329515068012
0.8138352213089006
0.8137800799901558
0.8143502547230389
0.8148832360032127
0.8158324292734688
0.8169702784527778
0.8181278108198154
0.819293219520923
0.8194693989886684
0.8190876298947188
0.8197183853086654
0.8197368755035817
0.8195121387381277
0.8189236193762395
0.8173949981645346
0.8157475791643508
0.8139739056253683
0.8132151558327071
0.8132928290394823
0.8141925934054114
0.8155141326607354
0.8171276448484645
0.8177508541735697
0.8183174237606627
0.8195595289095098
0.8197987031633311
0.8197039958388588
0.8198656731196621
0.8198333243897024
0.8197801521318286
0.8195776989991392
0.8196435053040141
0.8203358598186847
0.8206470921782674
0.8215295611809691
0.8230848785450132
0.8245666911609815
0.8269842754334416
0.8296461663902402
0.8320383591963368
0.8342069542182082
0.8363639187507014
0.8378213730369172
0.8380801699727658
0.8369703432310864
0.8340214953972003
0.8306226942623172
0.8262762064931564
0.8225867084800574
0.8197370407556981
0.816866461788844
0.8145965126081828
0.813029489903107
0.8108422682792907
0.8095386292097749
0.8098708211378027
0.8100336407422559
0.8105257505678104
0.8114856720061262
0.8121796736677241
0.8120003787646135
0.8126330816742514
0.8131360921958588
0.8143339277046762
0.8162771589465349
0.8195729765025349
0.822420027510546
0.8246290385737979
0.8270759910425036
0.8290689780500866
0.8314846430347719
0.8330506084314757
0.8334567116591782
0.8323208682066405
0.8315652464474631
0.8300639281729449
0.8286003193859846
0.8282698796712695
0.8263322585617344
0.8250501921101355
0.8243708861083526
0.8233689543138102
0.8221438048374201
0.8206542839304782
0.8199720145700394
0.8192002898329027
0.8195610685709107
0.8202120184243271
0.8203228400228786
0.8187194117092608
0.8178177604548011
0.8177671705370165
0.8188303162279386
0.8204271578235506
0.8202558648059354
0.8199618733994363
0.8188384570514601
0.8169077519109438
0.8146778358541215
0.8123516837555236
0.8096561194210321
0.8073958714991317
0.8063481410344799
0.8062774554046351
0.8071447906106914
0.8094840642203059
0.8126757461138627
0.8151848782865547
0.8180262815520197
0.8199265611404997
0.8224600263028647
0.8242157570860872
0.8245946971627154
0.8241335728718439
0.823888419206367
0.8234824114194937
0.82252803970633
0.821905343246721
0.8212584229890866
0.8215722597794486
0.8230797942349022
0.8239498432133657
0.8249135102523337
0.8265592982021193
0.827351815915414
0.8272738689083925
0.8263671510691862
0.8250646919895406
0.8224190708913404
0.8195845447087462
0.8162743743548466
0.8108148658167794
0.8055567785318628
0.8008494028756433
0.7980082208892322
0.7969811634811986
0.798460409377259
0.8008175359102502
0.8010747129197848
0.800649727856798
0.797625304922326
0.7945523599554352
0.7927369849561066
0.7927210026454634
0.7936144748186059
0.7936374927924061
0.7943250806470221
0.7948850763882657
0.7957804568149325
0.7976966639816624
0.7988979002438571
0.7995795468067303
0.7996205824142263
0.7981972525082954
0.7960121931731385
0.7944671924702692
0.7929522795737524
0.7921398595577137
0.791043702038962
0.791263512752089
0.7925050358995451
0.795173610216555
0.7978416721249043
0.7992240230945329
0.7986479588157251
0.7980371416988451
0.7976081205150878
0.797417548014286
0.798130601919905
0.8000109762595682
0.8036194645462555
0.807618193659278
0.8125507271810204
0.8177477611539653
0.8222174669933513
0.8256426822259113
0.828349325779677
0.830099177567957
0.8320732266054848
0.8332530796660403
0.8344845527513473
0.8349187442562721
0.8354361961600835
0.8342051361363187
0.8323777414704802
0.8303149873801808
0.8280689499780866
0.8252157546343019
0.822403123460801
0.8210459282611298
0.8201728819802308
0.8189755194736061
0.8174680286533987
0.8150590424791808
0.813747465545329
0.8124392572237095
0.8112259378430384
0.8093615490623308
0.8084441801087097
0.8084052719363252
0.8081987649937047
0.8091548974182771
0.8110547375927099
0.812414151126599
0.8124064931016716
0.8126183588760848
0.8121058816006823
0.811461350508067
0.8093516217215554
0.8092755594360216
0.8089184267587667
0.8089538425713905
0.8101449502752613
0.8117890841061713
0.8128614243422341
0.8142744811095842
0.8156755287923704
0.8176001688693659
0.8194254221128521
0.8209983685131245
0.8216403111348106
0.8202107308517609
0.8179624270837277
0.8146110047377874
0.809276950790343
0.8036386264843386
0.7992341513270762
0.7960629323480787
0.7932891349811771
0.7920611209219623
0.7912859721524975
0.7905112803167068
0.7905522217842053
0.7904056971583602
0.7919163006992042
0.7944681618550334
0.7973247664236394
0.7974162641478405
0.7985970276954236
0.7993707351903809
0.8008650067250151
0.8033590169279783
0.8066267287332929
0.808832539796765
0.8105402999817124
0.8132120636936421
0.8162710136399686
0.8185183011517481
0.8190457501889458
0.8194408363143918
0.8190360646546178
0.818482358118389
0.8175680005509387
0.8156854939509641
0.8140148925872491
0.8134134098484367
0.8119656288349113
0.8109569387150762
0.8109249395294019
0.8094335845809044
0.809539167638827
0.8082570997739247
0.8072618572769374
0.8067868793739209
0.8068135159639271
0.8050030340588119
0.8023986954944018
0.7994817709141585
0.7973590527025447
0.7962247086728989
0.796388830068052
0.796190100342198
0.7951423401327256
0.7960356731744572
0.7966519452224001
0.7966060527804232
0.7958249758079238
0.7953941256564139
0.7939531773746621
0.791117988709105
0.7887365079456611
0.7868531900495821
0.7863158191626077
0.786517811447204
0.7874345190865869
0.7886676333323347
0.7903278116630502
0.7935806800098643
0.7969944907859127
0.7992331842379798
0.8010240758896177
0.8026980232334245
0.8050711275460357
0.8068759744154295
0.8090507489824988
0.8106441302634299
0.8098570496224936
0.8092843823557014
0.8085711432685716
0.8057767943550668
0.8035584465275608
0.8020317789008998
0.8002602429913099
0.7996881518693544
0.8001578235060753
0.8038399402993472
0.8084114522806225
0.8119256566732809
0.8152646927926128
0.8184343218601033
0.8202737841170225
0.8205538401763702
0.8190338904414857
0.8187317952146994
0.8181140357799951
0.8187515738181361
0.8184677673791781
0.8188367269451772
0.818213841946626
0.8170701680193881
0.8166492342506646
0.8162456405779416
0.8157472277034561
0.8145373991533973
0.8139387958993242
0.8125975583787652
0.8107751530335883
0.8075269052079604
0.8049970449653637
0.8018042268748891
0.7996006116116229
0.7978554095632528
0.7967975285432348
0.797513904538582
0.7991084589565023
0.7999115780326289
0.8002121521454244
0.8009039037199194
0.8004829194549504
0.8006796895158487
0.8017395201715664
0.8045746708079119
0.8083936149243073
0.8120093509194455
0.8158244120963122
0.8180854866972539
0.8197600016393924
0.8198218027528965
0.817037508310204
0.8116161660362129
0.8071765146605575
0.8034257123134294
0.8014192349741731
0.800558162565558
0.8001447981269193
0.8004016983447535
0.8015192756115898
0.8020475618955403
0.8024386163114547
0.801609723403396
0.7996382100189904
0.7985017657861684
0.798271619725704
0.7982195658561823
0.7977636022531576
0.7959787860065742
0.7935198520592472
0.7892084858997747
0.7843328585436844
0.7811630989905126
0.77890790744082
0.7765607518770078
0.7761381517766834
0.7750657358462365
0.7735226658149973
0.7722266939833821
0.7712324096912518
0.7684935933254451
0.7656328758985802
0.7637762694224589
0.7593495050286994
0.7543061560611035
0.7514727041862694
0.7484155244625389
0.747568385256675
0.7471536887378657
0.7474035905776614
0.748339299434431
0.7506781424336182
0.7535254889172704
0.7576711441525521
0.7617906871116412
0.7648102515248928
0.7687599396689623
0.7709240697295584
0.7700798300307107
0.7703235442594673
0.7697207489005098
0.7683642840757052
0.7663501141965947
0.7651958103725712
0.760438742845676
0.7562331629071569
0.7533265195445059
0.7521436455015985
0.7504737942069908
0.7485511898269686
0.7480743912164135
0.7427006352567659
0.739210235299846
0.7296381413916987
0.722183074544198
0.7173126969514695
0.7147717602870677
0.7139460755325077
0.7156867302968816
0.719075376600516
0.7209724726850288
0.7251486031015868
0.7298678239191847
0.7347398853424634
0.7379044807331325
0.7382170650527764
0.7366370340125192
0.7319044767331275
0.7273622251201687
0.7241525802856178
0.7227772470091816
0.7219557632699726
0.7236937202444109
0.7244919543029384
0.7259580347177181
0.7275397435077989
0.7287591916647681
0.7306691402807062
0.7342755610598964
0.7357245178903039
0.7370005981238182
0.7380160838148486
0.7397799793570675
0.7413484930115972
0.7415646444239387
0.7420199973861182
0.7426585357266348
0.744343255468899
0.7464816814750118
0.7488101817267432
0.7489935518869765
0.7487529899898551
0.7474504120784327
0.7441984691651423
0.7409398650564099
0.7354631814131759
0.7326949391932556
0.7304963665337937
0.7300594029281545
0.7294224926384024
0.7280376276951244
0.7274528301924534
0.7256044816391121
0.724939506547283
0.7266632684929002
0.7275362657958343
0.7292312580615029
0.7276334855923812
0.7243869134302657
0.7201548352856778
0.7131230071857746
0.7071581400985717
0.7032443350378199
0.7018909745017873
0.7027129634435865
0.7038579148350483
0.7070837505210016
0.7109808059250371
0.7156197999128175
0.7203208422929045
0.724276035876324
0.7250954950207041
0.7238422968558592
0.720402271146375
0.7159699674512531
0.7066726597210503
0.6965259972092821
0.6911607214727192
0.6887105505074801
0.6886641931726503
0.6909210848857906
0.693549001305826
0.6959255129075482
0.6993063639892084
0.7025681863551986
0.7035951644867485
0.7051027984129709
0.7039515578305494
0.7000218934578961
0.6995209772112545
0.7024258717304587
0.7056506452092918
0.7116198889390671
0.7185072491248592
0.7256105504684135
0.732852392299787
0.7381452914666894
0.7402988914131322
0.7410182282037696
0.7393014209681844
0.7378901681139424
0.7359822330780019
0.7328139526795225
0.7285333114000622
0.7246343533200629
0.7240934504793991
0.7247706451631329
0.7268223057047078
0.7296499084425282
0.7335084898610525
0.7376514561119013
0.7418592423248712
0.745022772993615
0.748846747905808
0.7509949971313428
0.7520259102333694
0.7502628610479726
0.7474552236666616
0.7453283503156864
0.7434879136525321
0.7419396732757361
0.7404483445998166
0.7397195264143532
0.7396459380246879
0.738608885904768
0.7390804656294019
0.7410150539873298
0.7426558170384551
0.7436526390572289
0.7438741322005357
0.7413871713132989
0.7384379038297186
0.7355924903704872
0.7339634995558413
0.7301248457095975
0.7291130674376344
0.7298498022077561
0.7303919212871184
0.7316331479247098
0.7331433276580955
0.7349046831044237
0.7367554562897616
0.7398839223543722
0.7395767320955939
0.738446699071905
0.7387531306290079
0.7390361135229292
0.7393010530733206
0.7399127038563844
0.7398159472767645
0.7402113209964434
0.7392898279851157
0.7389705287526547
0.7389834611552188
0.7400649794735268
0.7422398002901832
0.7447969624762792
0.7445891427769797
0.7428907540269778
0.741695742108456
0.7406603141136494
0.7399999891475804
0.7385532665594572
0.7391014966825276
0.7405897856703838
0.7428162177124762
0.7444054175234636
0.7449641571646926
0.7441150717419424
0.7435732372951697
0.7427357633944014
0.7427282182484213
0.7428565335940313
0.7433889903834148
0.7442193275900763
0.745635460514822
0.7453696902328405
0.7423095182957671
0.7401374865353679
0.7365288420103907
0.7330715295543938
0.7297151067585389
0.7250245263985392
0.7208024658032998
0.7176723345598168
0.7156954574383746
0.715407482600156
0.7166210811057973
0.7201483115282604
0.7241493571561244
0.7278128273951011
0.7322101649648094
0.7351225497947008
0.7377525934999286
0.7388958803289489
0.735781933077591
0.7327685622799158
0.7311046242759209
0.7297101810588742
0.7276942903865368
0.7276103305528484
0.7272690802873658
0.7279693524790217
0.7304128295092532
0.7337316578252124
0.7362852803524231
0.7375613810298355
0.7370107539741155
0.7357922418968315
0.7346992123819103
0.7349770061938241
0.7352532363323925
0.735049424088988
0.7353357088814246
0.7368155665061524
0.7386680414710353
0.7409038580340758
0.7432832939314439
0.7456834901914339
0.7484205256781825
0.752289144044628
0.755999980021412
0.7599577958560143
0.7647835321641319
0.7669977745776775
0.7681130467324874
0.7694776217143864
0.7698846961287666
0.7695528213616958
0.7681139069894254
0.7670089165349477
0.7676928659032202
0.7683660440243094
0.7703494470533854
0.7721102942353832
0.7739099252137209
0.775167638106177
0.7769072735007279
0.7792941207541265
0.7818508300473148
0.7846335776708501
0.785015733246838
0.7850216691262908
0.7848150694772971
0.7837543575453939
0.7829060883268858
0.7825276424098536
0.78185346549925
0.780688870619822
0.7800336276205757
0.7793776816444169
0.7782072899535377
0.7773394508876589
0.7777958462853432
0.7789336496815703
0.7785630634441039
0.7785273735313434
0.7787800845895426
0.7784843062472849
0.7782155148767129
0.776946856448075
0.7761542349936573
0.7742021120550485
0.7734654022107308
0.7730233004779333
0.7717068357394898
0.7707090793997646
0.7695649983475876
0.7674075607222837
0.7668184305034252
0.7674331770878143
0.7691094915967399
0.7724687379653261
0.7765757325964341
0.7810470997726402
0.7853227638797045
0.7892083361485868
0.7929768651563277
0.7956380834832001
0.7972442908489482
0.7975060654519526
0.7970137029445774
0.7956301916313826
0.7946920373621607
0.793489648273152
0.7925206988360638
0.7909410595593964
0.7910537237374453
0.791042071825885
0.7911142071859687
0.7900548263109347
0.7881653817921787
0.7856014778649412
0.7838651568174753
0.7818935974727905
0.780093063380489
0.7774471396589266
0.7752075377221984
0.7741059228328631
0.7739987285943546
0.7748327948922579
0.775364807929655
0.7768966500428195
0.7778289069125267
0.7785706703591824
0.7798305651839708
0.780618401557295
0.7819588658135845
0.7822285426851798
0.7824615506132251
0.7825148059301006
0.7812929683449201
0.7799071400365598
0.7798306564421785
0.77923837234089
0.7786168297865967
0.7772875000823357
0.7760406198770583
0.77453320342087
0.7745855394237878
0.7745183645945374
0.7726745223344496
0.7703558251013599
0.7674753162353621
0.7651712709056148
0.7640195683730063
0.7602958241736453
0.7573559466080619
0.7560510480415725
0.7544218107812648
0.7494877104130669
0.7452957955191439
0.7437631780720059
0.7409040258479085
0.7390658209601915
0.7367515115134081
0.7363424249856378
0.7354405972031647
0.7355219729475463
0.7355967023653089
0.7379360567884743
0.7409437378344289
0.7443515867245325
0.7466982402350294
0.7484513680012131
0.7468681438575332
0.7459407889632836
0.7437594495912856
0.7418704851585469
0.7403533604849128
0.7409031128173701
0.7419959328998287
0.7438651412301113
0.7471357484203195
0.7496596811934482
0.7508398054941228
0.7516826898002256
0.751797147958539
0.7491368425170473
0.7460052998177472
0.7447328913719661
0.7454786518204787
0.7480810416893305
0.7505784366072431
0.7504561363807166
0.7507207584509785
0.7506924481432974
0.7496491556919775
0.7468072195662446
0.7434077494796832
0.7418089881413266
0.7403638391678677
0.7406959710708347
0.7396436383117776
0.7380223622070153
0.7358187161777865
0.7313660944475234
0.7280255255714698
0.7220557595481257
0.7177794922293289
0.7159197293842491
0.7138687093510167
0.7123504181397481
0.7123529451183487
0.7121226526613726
0.7129753157637855
0.7136534930688703
0.7149001021816028
0.7143519734131833
0.7119374547964755
0.7100862817188377
0.7107878626826086
0.709054261993706
0.7077926155733043
0.7078978425736172
0.7034945448247572
0.7002021715067525
0.6979276415055441
0.6967702839176286
0.69536220258478
0.6940896736273016
0.693405034063709
0.6927240888273142
0.688329214288393
0.685416728316718
0.6859665113775001
0.6874990540243269
0.6897589136046316
0.6924124599376773
0.6923996127665374
0.6932724899054287
0.6954680354676969
0.697094777819243
0.6946161589579181
0.6890653853542723
0.6825122512774177
0.6751895323123359
0.6657922294471195
0.6599568827286045
0.6553730974193465
0.6546482137784706
0.6568584049535952
0.6541804830003023
0.6552129083099995
0.6570151379932161
0.6612068716574121
0.6632872689715994
0.6634396221904336
0.6656936759157952
0.6687635547807167
0.6735120330503843
0.6791350925477565
0.6835032975178224
0.685594877399016
0.6856348986864128
0.6856258767483218
0.6834282173807812
0.6797947210146321
0.6720058750950002
0.6669100982457864
0.6653284011088436
0.6675689293983706
0.6716817201660056
0.6732704772830052
0.6722453557473664
0.67211431351918
0.6743031229459125
0.6756730917641828
0.676700147728815
0.6779142676672062
0.6804526447953592
0.6846468854056647
0.689188938178996
0.693504614929637
0.697626956248699
0.6981451020777221
0.697342214588396
0.6958410606691378
0.6953208829359601
0.6892108494640932
0.6850499423085553
0.6819355571571281
0.6801262785569422
0.6795083627184164
0.6816098384643072
0.685084793446926
0.6887060080717554
0.6918033768343388
0.6940676274056489
0.6963710833217743
0.6978224888165222
0.6998268129579405
0.7022323596011136
0.7031899021292471
0.7038647844668492
0.7038904336240972
0.7027248362257649
0.702727059392564
0.7021150021253397
0.7014050246535989
0.7009999911328911
0.700961960305642
0.7019715664266161
0.7014563066876374
0.7026794471061699
0.7015778075521614
0.6992765252419623
0.6994575944525727
0.6997288555992408
0.7002420368719253
0.7043406627654956
0.70607918549503
0.7085660190072306
0.7108398914654035
0.7132709646156976
0.7147666214513262
0.7152938767875959
0.7153210600397216
0.716080112283742
0.7156571663332357
0.7163642055519582
0.7172177525528854
0.7184466763984236
0.7203857130944494
0.722562441408661
0.7244971495861778
0.7242311053506219
0.7235342379121535
0.7242687566846132
0.7247072619115549
0.724720128412126
0.7251450619992538
0.7248748368169677
0.7247037032336868
0.7245046795895669
0.7239658990976401
0.7253647109332497
0.725630770886665
0.723806761774968
0.7215606556298297
0.7202258160294536
0.7202910293033763
0.7200003332861604
0.7223776727404361
0.7203834589015725
0.7197703601796092
0.7194851612488274
0.7180866660043814
0.7157763778812498
0.7160884063185187
0.7164788000041401
0.7172842632304471
0.7186921264464785
0.7207379746242932
0.7219109910474981
0.7220528659384257
0.7196014167464287
0.7177835403600249
0.717557451790826
0.7188333450526504
0.7210438019560819
0.7244842287185809
0.727368650453781
0.7309083256531714
0.7352675262751814
0.7399725974474368
0.7435347182305325
0.7473642823999798
0.7504311642710705
0.7502967454695604
0.7500710210868688
0.7504664860428236
0.7508837283652321
0.750450954457661
0.7486095204455162
0.7458873258210528
0.7429160609726257
0.7393905694587917
0.7365161202477208
0.7337729743997801
0.7311000114468641
0.7278536891619578
0.7263962960340161
0.7266737851498953
0.7274912156131226
0.7271081599134522
0.7253246919178117
0.7236716867487862
0.722942178653217
0.7244273164307006
0.7276393301816722
0.731862516925612
0.7366417746766738
0.7405572616459392
0.744665376050921
0.7440766603248312
0.7437147184436993
0.7424965935518624
0.7404834158957944
0.738339274198321
0.7335454477643012
0.7308235649301346
0.7291332676494656
0.7282277617296393
0.7296424568139518
0.7329920692020307
0.736342077279849
0.7394763071443293
0.7405480039874891
0.7425169675830484
0.7432770081708835
0.742390021314789
0.7401757514266306
0.7396599136359764
0.7398008593406702
0.7405847814920349
0.7421734159370074
0.7446432682167066
0.747167512361057
0.7489036092009614
0.7500717190127323
0.7497870655123626
0.749172107073845
0.7490550928092362
0.7490632377187036
0.7498577457607206
0.7513609245138387
0.7528900896411247
0.7553664489874241
0.7577073660970752
0.7571429333050543
0.7564254518855309
0.7559277616696929
0.755838135487184
0.7546835105754125
0.753756538076551
0.753182559777131
0.7529796572667559
0.7537213608199592
0.7544117227707056
0.7539651570233128
0.75374300911367
0.7540377922212572
0.7541895323721158
0.7549422128781945
0.7535008099319801
0.7532742489562336
0.7518834979968684
0.7499149477118596
0.7488914549541008
0.7500925471259592
0.7511169465471104
0.752373117715106
0.7526954181595521
0.7532355556226414
0.7532639950949054
0.7539594523527952
0.7549660422186819
0.756598397030307
0.7571717386604183
0.7595707517472782
0.7610520770257767
0.7621391249577775
0.7632795152428956
0.7630263408027885
0.7639103247338859
0.7654583818501185
0.7667171441761997
0.7681680626203834
0.7698419734260624
0.7710061974974207
0.7723780770436254
0.7746921854123331
0.7752172073859712
0.7759265326108316
0.7747385920621577
0.7739403619396176
0.7723409548262048
0.7714951219731816
0.772004810162298
0.7720389307777537
0.772488739247683
0.772813347502268
0.7732807615483027
0.7709657058140903
0.7688708167043314
0.7665706659869508
0.7646707495323933
0.7638563817922467
0.7638177301766473
0.7637141326394452
0.7635326170386151
0.7634969251810054
0.7609576615487915
0.7582936190294511
0.7563670309043375
0.7544004209275151
0.7547922849887855
0.7552196897087345
0.7546305282464791
0.7545632276272791
0.753576474338423
0.752295027698967
0.7506685915193346
0.7503179974731561
0.748461972611971
0.7452253835571602
0.7415500574748528
0.7359472932336161
0.7331173740701867
0.7324160957585821
0.731900685095279
0.7324847002033071
0.7349849344738532
0.7385174097348217
0.741177873272078
0.7443515887918312
0.7475421363051679
0.7506702306222098
0.7498342851181593
0.7481146027418343
0.7423482085451303
0.7390925463158178
0.7383130823935776
0.7390413816748123
0.7409131616162864
0.7416628723142591
0.7420455392667406
0.7424302010914188
0.7419680890377713
0.7409735662611754
0.740036849201714
0.740081667681869
0.7413867719207275
0.7414189860481462
0.7387103329201086
0.7357967018515158
0.7329617040951266
0.7312021930787281
0.7271430352042637
0.72258753054228
0.7196954943392714
0.7177220242012459
0.7169375042047117
0.7170634525832
0.7168401756603674
0.7163559503335775
0.7162902951435416
0.7164092502383604
0.7190173325348764
0.7189159246130757
0.7152008850162992
0.7129544927825434
0.7119425360590099
0.7127820394154832
0.7161823427659024
0.7181854883461386
0.7207013701661386
0.7234821729811816
0.7238973961877595
0.7233235107499137
0.7235933460535334
0.7259782123063062
0.7281554623595305
0.7303262630683122
0.7299367203475907
0.7299075817114293
0.7294156623562457
0.7298661060486779
0.7318402987086421
0.7347991781515757
0.7367440445392367
0.7375595756394516
0.7389071811491221
0.7405859957789378
0.7392747402516139
0.7374258759726713
0.7361204854875681
0.7356324810996571
0.7345589323546602
0.7323180133409938
0.7314075827535217
0.7317141265119865
0.7331093636381537
0.7362730105971235
0.7399145876789538
0.7445437466051417
0.7464941749989646
0.7471733685449797
0.7473339918753639
0.7458581892815623
0.7442969900793954
0.7430832007759249
0.7400451523115168
0.7385865733416969
0.7343304643607096
0.7316407761377889
0.7282436570242731
0.726976483930261
0.7280945774455617
0.7311090213861811
0.7349379080026645
0.7388429714605758
0.7430067191934635
0.745330347466149
0.746851798560887
0.7467200162307206
0.7449250118419246
0.7445496572291553
0.7446272621884555
0.7447824716864753
0.7452592693453447
0.7482301916095478
0.7511997462765092
0.7529164273401565
0.7560213674883663
0.7594327165220267
0.7621421287568944
0.7640132089567463
0.7668813862126933
0.7692405639177932
0.7706494454829482
0.7703350606099925
0.7701307421852437
0.7695473711462631
0.7699366682410222
0.7705427365491223
0.772539706225177
0.7738565046831009
0.7764182227700882
0.7789283136582622
0.781174587340989
0.7827256582970251
0.7842883655497218
0.7854514852470649
0.786688207648585
0.7872360865168395
0.7890030105010676
0.7887164650177392
0.7890173093411622
0.7890845287360136
0.7867496961133211
0.7839242670413203
0.781033209944321
0.7788797468309461
0.7774114111049671
0.7751693875871479
0.7748994476625454
0.7761294528652251
0.7774662521247879
0.7770690302051588
0.7761084499571869
0.7767253078371023
0.7762414292531924
0.7763368103509706
0.7769420065906947
0.7767945967122738
0.7756133027499029
0.7734318591866605
0.7714822485336793
0.7691309654571473
0.7674702704475282
0.7642886238774136
0.7602046752644795
0.757895550899021
0.7565885233994558
0.7547998285740142
0.7535080540040745
0.7527380432474653
0.751906680957241
0.7493363469180139
0.7466314756512102
0.7446873894662862
0.7434160960950167
0.7346905435436569
0.7275169400084586
0.7210142196896527
0.7169563436191002
0.7144857663947288
0.7146621431315412
0.7165697411371492
0.7182958311319049
0.717814747114373
0.7190526733896391
0.7214315111908027
0.7236264292266233
0.7277966150283087
0.7329823072643307
0.7367563288083251
0.7412066387768996
0.7456108636350434
0.7487404363897266
0.7525622780784769
0.7555273635980232
0.7588602010337415
0.7625825284426125
0.7660638629551776
0.7697292214110522
0.7719752581466622
0.7724249899443161
0.7707836571567043
0.769926170378465
0.7686603418698758
0.7664483673496096
0.7637783482171787
0.7612698181033924
0.7586386101455154
0.7566602697296402
0.7554670811665912
0.7559495855869982
0.7571111844580712
0.7576697158635779
0.7592204611216675
0.7579842990994414
0.7552606570656155
0.7530481246654424
0.7519181546654813
0.7515014779228382
0.7492201812635637
0.7471205904844392
0.7440950062463602
0.7414798464356019
0.7396154777513388
0.7379288874805912
0.738031313014578
0.7379383426921614
0.7379608331246388
0.7370598769283044
0.7367801977476923
0.7368580488175454
0.7362317063391183
0.7359778459213112
0.7338773812848847
0.7324330671482895
0.7325308142584851
0.732109677686167
0.7322443086942394
0.7318203454072036
0.7334989826072089
0.7315627531944945
0.7305004606072785
0.7295015529951133
0.7270571711867685
0.7246732823198151
0.7235902429481942
0.7225045435552379
0.7226492625786716
0.723976813585869
0.7259545061791405
0.7271334218223747
0.7277538313970893
0.7292755685340429
0.732004762497042
0.7353147427445609
0.7384256557676143
0.7416572482447907
0.7439993126432553
0.7462642160066522
0.7464452832773368
0.7458162793649222
0.7458041816919033
0.7459794050543406
0.7457397163769457
0.7459934176269308
0.747589474965818
0.7488354133566779
0.7507985264958814
0.7508409804667961
0.75095303886675
0.751041000686078
0.7512452717755609
0.7520472885234157
0.7539859372189656
0.7565267742077642
0.7602946334306431
0.7640851658754186
0.7662183455980421
0.76745941480436
0.7678942299316659
0.769438536351058
0.7718095831844938
0.7704448959357773
0.7687962256374035
0.7673810347434737
0.7669185341772218
0.7655690376497637
0.7640004169968737
0.7624410957520633
0.7621819367898375
0.7615866489844694
0.760063617468172
0.7586373190193108
0.7581625809597053
0.7577219796145719
0.7567176095344179
0.7557972373856751
0.7521552710259146
0.7495103117118749
0.7485390121904223
0.7477822814710959
0.7471351006077696
0.7449952639938935
0.7429757924422938
0.739852165537737
0.7378802138432837
0.7377842799606288
0.7403181662222383
0.7434818586628315
0.7472250943751788
0.7518105810889558
0.7570240267778604
0.7620098296213094
0.7647630828781112
0.7671334486124737
0.7674455306303057
0.7676112661648155
0.766715649263952
0.7661549421423341
0.7647849561674304
0.763485485500142
0.7638381941393644
0.7654065079335404
0.7679293158480743
0.7695561786499867
0.7702816898400368
0.7713328806166684
0.7700353946422988
0.7678142779930396
0.7659946475527315
0.7644404168090221
0.763698761099331
0.7640996807759987
0.7655067480276855
0.7680470071432902
0.7717392444387337
0.7749615580549739
0.7764376783840747
0.7783428637051267
0.778949117861938
0.780079656554819
0.7811419468037881
0.7814053955761353
0.7799823344995048
0.7784217199026526
0.7770918952890499
0.7753782397078456
0.7743093545611719
0.7739439046012517
0.7732280316624767
0.7730693595372613
0.77508102739165
0.776237757377077
0.7776035969367391
0.7784196842271265
0.7784389925704003
0.775021099736384
0.772463434178344
0.7707748201108403
0.7681918784730443
0.7661559885893094
0.764544925018837
0.7645733872517999
0.7613577380229748
0.7585513983083323
0.7551379709414326
0.750787879608756
0.7495070558675139
0.7504297989525444
0.7526304291330006
0.7534620428463313
0.756289527872906
0.7586591568892225
0.7611889612168472
0.7620742120234417
0.7618424718345188
0.7629678590275536
0.7646716550127469
0.7662601277692725
0.7685174626040251
0.7718596986676368
0.7749160125397037
0.7784457400519562
0.7825738931298825
0.785551388480247
0.7889976721580005
0.7915338187900903
0.7930956553060712
0.7926898059903066
0.7910514772797632
0.7896838251295223
0.7885104458332473
0.7874680442113299
0.784396893917082
0.7826758137839656
0.7816596340462423
0.7816450221143494
0.7835196701077483
0.7850350324264216
0.7857495858846265
0.7873851029668641
0.7890972139469997
0.7885299257810727
0.7886291631107445
0.7884280163997387
0.787409463871171
0.7872121546160753
0.7862838457616632
0.7838903983707302
0.7806876386537105
0.776860636592955
0.7737592677333345
0.7719260958511025
0.7677586560291839
0.7643526148516602
0.7612046982362635
0.7607872508365626
0.755762410117442
0.751971159402834
0.7484313754536523
0.7438789930153695
0.7422719519679936
0.7415226808960262
0.7408903928963125
0.7412383769309264
0.7404432034484794
0.7396257504935798
0.7408482056331616
0.7418538292456587
0.7413908255525385
0.7420024644096512
0.7422854192461549
0.7406271550552782
0.7387790362486114
0.7356600412937202
0.7344297896015131
0.7348321776653071
0.7286716399811424
0.7215664951089654
0.7120219642633498
0.7022620300406547
0.6949524194593513
0.6918590469095777
0.6919468133271206
0.6939538599337566
0.6949896204520281
0.6983575990890516
0.7008559962858767
0.7030008590981437
0.7038267499522725
0.7081259841080284
0.7139876523457694
0.716277486358285
0.7186693305228213
0.7225800970135298
0.7272849244615408
0.732189578885261
0.7361200749675973
0.739275314740886
0.7432709513311608
0.7462849614810378
0.747587699431532
0.7481014654451672
0.748856835130603
0.7483570535033542
0.7478139857911301
0.7479303136744544
0.7477185871252489
0.7480428756006171
0.7492011435671705
0.7513354735398678
0.752695529939656
0.7547719594831681
0.7568078321778092
0.7590277912167059
0.7621092645600531
0.7609959723809488
0.7598036936920523
0.7583059523044169
0.7565628585154593
0.756026296153995
0.7558997044523885
0.7552275082426229
0.7545940746724863
0.7490610892104269
0.7416311989132807
0.7339513575383284
0.7275433406237355
0.7220538957880277
0.7183502209244677
0.7163991717864765
0.7161349065979284
0.7159707245940845
0.7171772276857872
0.7202679463460326
0.7223521102277828
0.7237168738075449
0.7245787441547494
0.7230534196352197
0.7215862513455357
0.7208714242867038
0.7207493685198072
0.720926141673152
0.7189090678921332
0.7164632395724013
0.7173057935582557
0.7201291844910978
0.7239109711335536
0.7260462805846086
0.7249551517239229
0.7262171275444901
0.7277666627068768
0.728538236707495
0.7303252516021206
0.7305864826511851
0.7319119933780355
0.7318055306190806
0.7328524388332128
0.7355484604463736
0.7383943527498446
0.739419017394071
0.73959720192966
0.739958923454283
0.7412727633993257
0.7367338458716215
0.7325785459252531
0.7279539249640847
0.7243523777781912
0.7199446593414137
0.717470862159203
0.7121594426340951
0.7076024247900775
0.7055038323028382
0.7034712899037195
0.7035831065579091
0.7051767054191974
0.7079652359590917
0.7113317923889799
0.7148547164123569
0.7201900671912642
0.7262434409885822
0.7321931393260067
0.7372533608083813
0.7430616083821308
0.7437791684462021
0.7447062201530893
0.7466590484134653
0.7479634744043828
0.7507452644672521
0.7534442463744493
0.7558581025930373
0.7584513874366262
0.7611734806663686
0.7633707160751491
0.7641970947855667
0.765755839887943
0.768178824147776
0.7696526580279106
0.770696689780922
0.7713023013733373
0.771284653503941
0.7710965286356295
0.770755131153227
0.7708481172829716
0.769492167656889
0.767601039071151
0.7643088657049104
0.7610167107102394
0.7568455405433799
0.7531146871051009
0.7493077342765454
0.7443868372341338
0.7395263364850202
0.7358383950677267
0.7337602190847315
0.7346785494439774
0.7333175591588965
0.7311872323434867
0.7304493415313856
0.7302475954741098
0.7320868894533291
0.7352328659635505
0.7378961603843297
0.7369064206780929
0.7345192875049611
0.7313869151894509
0.7283877626908997
0.7259889846145489
0.7172800497001983
0.711414433196019
0.7098632712873335
0.7102675276726116
0.7133886771881656
0.7167028580534897
0.7195436084209672
0.7209013422371695
0.716002014346332
0.7129569023535188
0.7124933962164935
0.7117684421308563
0.7117843035172592
0.7134104592149194
0.7167865675306436
0.7226173829367634
0.728687138537465
0.7355685795354965
0.7385836310748086
0.741729735792415
0.7422016869979764
0.740916818324126
0.7375958912426882
0.7330821546844772
0.7299809514008643
0.7279449279547106
0.7261487280896777
0.7259128719243064
0.7264560187443864
0.7277962253384843
0.72920523251641
0.7331457953522467
0.7375002896808868
0.74280916120719
0.7476574308896539
0.7515698062127774
0.7538132612620977
0.7552112144282388
0.7566153158865696
0.7582640851302149
0.7582616818227894
0.7580688251025955
0.7585375099664672
0.7576919441790642
0.7579063332757551
0.7587979941810346
0.7606148430161505
0.7624735916890594
0.7639252376175337
0.765999322622468
0.7669916350552358
0.7660740821563432
0.7651794815206819
0.7643388559750812
0.7647002014962075
0.7642706028640479
0.7641930944716184
0.7640777786198719
0.7644402268416994
0.7641255439802992
0.7624813985330758
0.7613285734748108
0.7604294178228351
0.7606500105863475
0.7620183436488949
0.7615856439516171
0.7610302924339953
0.7602015240636251
0.7605068597310495
0.7530134499482269
0.7467102942380256
0.741489325962077
0.7394666861715452
0.7382560194023887
0.7371756115746867
0.7369895448993027
0.7368782546858975
0.7371562633678845
0.7371281966009037
0.7351207581799704
0.7304303907142531
0.7273242966234232
0.7235160349821513
0.7212686022039417
0.7214267045375637
0.7231420800520281
0.7256242682469131
0.7292033466665581
0.7321421716664489
0.7351790163490316
0.7364671894341429
0.7369195940405735
0.738289649072389
0.7403350906049334
0.7422947800816384
0.7420763693444725
0.7421077720447213
0.7430812698241813
0.745237366721577
0.7459093739587598
0.7470678719646722
0.7482982597622416
0.7462423724971529
0.7437791240193156
0.7415024466404232
0.7375551066287002
0.7355646259625435
0.7338940347081896
0.7320892420395544
0.724961167465492
0.7182436814494254
0.7134684541334116
0.7109580181176145
0.7089658842930502
0.7088914889312424
0.7115958800980954
0.7148144248879565
0.7201648009565105
0.7254105419002289
0.7314345722387577
0.7376721874796021
0.7440956939960607
0.7495220473033963
0.7539686615114486
0.7567681841759256
0.758989839932095
0.7589062433254625
0.7584292464157246
0.7589876432302561
0.7591778110693687
0.758256461202448
0.7563998068783231
0.7524818898681627
0.7476633768132185
0.7444160617765332
0.7432406694231294
0.7430794308074472
0.7421378514882279
0.7398122086266321
0.7380824411644685
0.7387137728150864
0.740485313543214
0.743631676806889
0.7473255743429104
0.7507322167949108
0.7521478863267332
0.7544550088007179
0.7570512795423227
0.7589764988441017
0.7605445435327988
0.7632388426607676
0.7656516144638305
0.7677459011353706
0.7695928047014099
0.7699034411201864
0.7708375569219365
0.7715081753932432
0.7728155348174639
0.7719335611178347
0.7706726870881679
0.769181392426801
0.7661596785136028
0.7627130373195049
0.7593789864366001
0.7549774173870843
0.7521382872882301
0.7512187680568838
0.7526362179029887
0.755216217448726
0.7589088562190991
0.7598409804884042
0.7609495383392557
0.7623363227836679
0.7633469327464757
0.7639166973197786
0.7621310901214312
0.7586658796951036
0.7557677041418059
0.75038741887152
0.7444263038796864
0.7410470986529683
0.7379802519264499
0.7349410554748709
0.7327595437366573
0.7324041224146962
0.7341894335287029
0.7378348825852693
0.7427757094793244
0.7482121483861359
0.7529204748739733
0.7576387803390047
0.7620021791714541
0.7656945898375724
0.7666808826344889
0.7679043449613128
0.7687836017860765
0.7698910347949809
0.768204547554605
0.7664117708193813
0.7653837857064538
0.7644085517626786
0.762719563480674
0.7623142350431852
0.7609090217808973
0.7602633632688091
0.7604639058048605
0.762846551898189
0.764675430792108
0.7657971021464907
0.7666575991712801
0.7680031688846356
0.7689201931161814
0.7681351232429922
0.7674684622288996
0.7673589882671968
0.7668582147828646
0.7676304656685222
0.7689890616017397
0.7709102465379326
0.7714104500948391
0.7727664288372931
0.77314418570855
0.7744927044983893
0.7700243270076466
0.7638280186392751
0.7577474302933074
0.753838808296706
0.7507483844040881
0.7473907022630414
0.7433376469198588
0.742543112522155
0.7434494987817266
0.7442159083210839
0.7471844091602863
0.7500138016201872
0.7522214323928816
0.7546439108985324
0.756688811549849
0.7585756721917521
0.7606498473826602
0.7623248915070812
0.7641569386418072
0.7662008233254588
0.7670554442488672
0.7671624214926923
0.7674707606063091
0.766867106803596
0.7655320603509531
0.7626649784351636
0.7609858625532935
0.7598559626058919
0.7587936168162066
0.7573777988816582
0.757721587379892
0.7576599444024614
0.7579169104908304
0.7595598300021881
0.7614521722471357
0.76326076551397
0.7647237844161776
0.7625514842345846
0.7608032078946038
0.759660874419701
0.7594482119246039
0.7596869265997139
0.7608531699644945
0.7625480512597366
0.7645968767892352
0.7658513160235373
0.7657729671731377
0.7657502041528449
0.7661743097034699
0.7674841777089918
0.7680591873660536
0.7689630794861422
0.76831299861035
0.7674198554731547
0.7650994079467466
0.7620183875013463
0.7596837979038946
0.7556415094207817
0.751267523406171
0.7490101630070196
0.747697876049801
0.7486409752081498
0.7515524283049604
0.7535435887299909
0.7572818880537857
0.7611368855311283
0.7631082277463151
0.7623255647376156
0.7626689591287968
0.7633430260293272
0.7645917571723534
0.761335568946383
0.7585443610682848
0.7559694130797953
0.7519664436130336
0.7496889458104707
0.7488228609465266
0.7485723651313335
0.7466430462069025
0.7443980869066796
0.7432043160459397
0.743317622339625
0.741857036350034
0.7368878722048409
0.7338762689177516
0.7304938398097819
0.7276799123211596
0.7258817969046655
0.7245043278347232
0.7225381003862719
0.7232742342204824
0.7266745269010024
0.7318681113481488
0.7390061622166112
0.7406469679755431
0.7393407306973557
0.7382336555627061
0.7360087405498076
0.7334815509115916
0.7254039651023697
0.718742139474909
0.7144316080246729
0.7108354641217803
0.7077640764198374
0.7046459698878975
0.7020069409825842
0.7007688529212779
0.703499078115845
0.7085498661970043
0.7132915371311863
0.7171535522131938
0.7173521551621225
0.7186867907279244
0.7190847723981334
0.7165145818175447
0.714227192818432
0.7136068413902005
0.7153671202682673
0.7184064887846123
0.7189436611477942
0.7204656897422401
0.7240106354430933
0.7282364494498722
0.7301232574908691
0.7312393994557654
0.7332474790854105
0.7355755443868144
0.7386563195526317
0.7399573646402305
0.7410217959772013
0.7427647463859715
0.7448784015367793
0.7461162478559294
0.748327693080162
0.7498461726883119
0.7499889186898631
0.749168642271516
0.7484552387973227
0.7473347413530836
0.7476011494570296
0.7498319953645581
0.7517770577971329
