0.2841752016426723
0.5201958422175376
0.4499748991610596
0.6701015816157833
1.065649436102508
-0.7957891894593546
-0.43239489165140826
-0.20838757017684978
0.28098633816717195
0.42236145414503534
0.5472596641534153
-0.8705786931267064
0.6078839570610963
1.321727064140589
2.3025119005793018
1.2818288147915187
0.03024638959044723
-0.273158213812518
-0.11310764724628246
0.8551795624619217
0.28314615438364
-0.2832313107167006
0.6371777658882561
-0.16804808378633115
0.7795391217769835
0.49134188431392145
0.06853052279514271
0.3246256182040612
-1.016304600152599
-0.38116580908730907
-0.6449847452141585
-0.6043153080064537
0.32386317590929775
-0.02253574027451595
-0.24429653113021121
1.1456623187922206
0.7371183860010234
-0.6029093512873384
-0.7334518017961232
-0.5824736519298286
-0.6288624972071458
-1.0616194002063961
-0.2985933717581877
1.4078268720178782
-0.8435275689919973
0.15013013017431678
-1.0405204143597568
0.5087100941739289
