0.03026606892031559
0.028775997520253154
0.029209633967522942
0.029913016797942373
0.030912689606732886
0.03342555775480613
0.03744951976872933
0.04257949231580872
0.04896002877756076
0.05664354912273858
0.06467313566992304
0.0732623157260127
0.08240967731853298
0.09155761960481318
0.10060680623645156
0.10909709435239805
0.11725566940058423
0.12525646405334184
0.13337903992358582
0.1414648058574047
0.14949779869867472
0.15750546772610535
0.16543166220214028
0.17265830827392104
0.17951155445920255
0.18596570405453783
0.1919334554112074
0.19731961191843364
0.20269242013684577
0.20762173813748838
0.21233666054074754
0.21726870687835073
0.22238525156391045
0.22748854103679225
0.23264270715923815
0.2378692632060242
0.24320327843304687
0.24927930762027328
0.2558740441226321
0.2628301374702225
0.269912938838856
0.2771795357646187
0.28435764600249885
0.29202799723723827
0.29950160055484737
0.3068549229128248
0.31406887794280725
0.32116575123217406
0.3284573305562564
0.33569071282261553
0.3429063149111954
0.349899591340482
0.3567592698899595
0.36400194155287574
0.3711116407969962
0.37850154429219135
0.3857711592465209
0.39298992698885615
0.40045867128226553
0.407936528227029
0.415475249451148
0.4232011374562692
0.43128835171730784
0.43932988455503147
0.447428379870209
0.4550046074525655
0.46210774811938
0.46900708410143604
0.47480542241090207
0.4804225644956691
0.48714052417369064
0.49318051945220226
0.49849701648464695
0.5029611968114731
0.5083583547980491
0.5142926271211596
0.5203017383563199
0.5269666030617784
0.5337251906671381
0.5407019751023044
0.5476738880002646
0.5541018673216057
0.5600871033141254
0.566130336637827
0.5721338646367421
0.577821826182633
0.5845004285092904
0.59081087083801
0.5964489612400932
0.6019588326373939
0.607837135960409
0.6138327950991987
0.6199078616705109
0.6266160284119148
0.6341177326577844
0.6426589586584872
0.6509124309011831
0.6587126935305344
0.6657976753940724
0.6724382504629131
0.6782211169763099
0.683660176058828
0.6883876156240865
0.6930810990309604
0.6963842136127742
0.7000939790874183
0.7032631129973659
0.7065250762511088
0.7104741925349218
0.7144798904805303
0.7183327868493087
0.7220339500448814
0.7255869046527548
0.7291101555522155
0.732155983638417
0.7351004882583885
0.738113648151176
0.740306946898943
0.7435817244590832
0.7468042958245914
0.7500343489974344
0.7536348188178222
0.7575737905138731
0.7610743446489956
0.7636778708118588
0.7656560412094503
0.7672005377661075
0.7674559019920542
0.7682223161632645
0.7683207968715124
0.7685047232428385
0.7692870616419665
0.7685596976735437
0.7674744668405442
0.7666726518222674
0.7669235212807901
0.767625377698161
0.7690715855413741
0.7702490132215225
0.77113160848401
0.7718677173523893
0.773005942505301
0.7735187212371432
0.7737957088281463
0.7731971721488027
0.7733963899301158
0.773257300645427
0.7730555128581832
0.7733557183873496
0.7741174262480582
0.7742453533880943
0.7738352717586328
0.7735981683954407
0.7737277006252484
0.7736194320098223
0.7741833961647498
0.7744625819540862
0.774987752817896
0.775225186786368
0.7749631517294168
0.7746781527853419
0.7740743230818261
0.7730603757438981
0.7721750238105114
0.7709465984541319
0.7707650776738918
0.7711666024347352
0.7720153567196811
0.7730550754611987
0.775987051239551
0.7773856362930092
0.7789343633539464
0.7802140876958343
0.7817892695367338
0.78271731211279
0.7835296449448088
0.7841034044621342
0.7846886421038861
0.7852773525422544
0.7859722279979052
0.7867891534545612
0.787295244888472
0.787182462401586
0.7870742581882062
0.7876990218500831
0.7876255316065087
0.7884235545610034
0.7900849693469528
0.7916889158484945
0.793248288396537
0.7947934282721544
0.796307213487849
0.7981943035572916
0.7997288185425228
0.8007263680828228
0.8010715704662261
0.8006070725205966
0.8002883851605953
0.798690117056462
0.7964458133758959
0.794178618382417
0.7915616184286409
0.7901324590192587
0.7894124200189669
0.7892407477083023
0.7889805440753423
0.7891768815116966
0.7893602316357609
0.7899165289939228
0.790450802962681
0.7908471633203155
0.791386738260694
0.7919758959679782
0.7922574939130088
0.7926446243267141
0.792509717344619
0.792445185737255
0.7912241641216163
0.7894279419097325
0.7885367464195646
0.7886196125936702
0.7895805526206032
0.7901745727517613
0.7899608241363969
0.7894865251689851
0.790058162217142
0.7905060553074231
0.7905215136052668
0.7907341570722404
0.7898577489944018
0.789701509005426
0.7893337223968099
0.7895403236992865
0.7900938082361848
0.7898624238804607
0.790031127594723
0.790574311152093
0.7917033734869582
0.7932508803638406
0.7933207178235532
0.7930059900260328
0.792585763240216
0.7928068306237256
0.7925772420688502
0.7916647293531073
0.7909991749189111
0.7889985695717862
0.786779364296239
0.783908666944895
0.7823425959881559
0.7817375160914702
0.7820094850728401
0.7827236851990533
0.7831649012863029
0.7842222513285138
0.7849823143433726
0.7859568022871051
0.7867446355748137
0.7883367770509809
0.7900406860114907
0.7908348214218557
0.7906708752582134
0.7907289749912377
0.7891688593432169
0.7870921270785918
0.7842163360117848
0.7812897682696104
0.7785984713110741
0.7766010218924262
0.7764866572376334
0.7774811523278444
0.7802102475927966
0.7827228214165239
0.7860172588623829
0.7883314609743092
0.7904173183661549
0.7912381675988364
0.7911084542145098
0.7907077725831586
0.7899508714722763
0.7897700751173065
0.7884747831700711
0.7868962482147318
0.7848125822702889
0.781379346875777
0.7783209679094621
0.7764846494216643
0.7760075411691522
0.7765438872391561
0.7775252962528837
0.7783920266914803
0.7792349578847734
0.7797909319844487
0.7806858769779083
0.7806187925297581
0.7786730497945824
0.7775376859572081
0.7758202739571819
0.7736777166683795
0.7723639971418711
0.7714006779204498
0.7717648837332484
0.7732657245543354
0.7755786395569804
0.7789801892240814
0.7834574510130948
0.7887887995102255
0.7936653910752501
0.7980635975343666
0.8023999295855112
0.8058620356376279
0.8089851565152527
0.8114457461028832
0.8131506450287012
0.8144656606276066
0.8156393420109913
0.8161335886169577
0.8168464471577147
0.8177685417293334
0.8173614564678062
0.8168532108508588
0.8163892061842613
0.8151766949852381
0.8137884286791413
0.8126497424618251
0.8117244075713909
0.8106665080844101
0.8101369346258164
0.8097863921543836
0.8096802953121748
0.8095355218195083
0.8086062039935921
0.807242172271082
0.8058269367971269
0.8042167394816649
0.8022696847891433
0.800906766937757
0.8006225343696384
0.7998790147759057
0.7971723041308423
0.7933258078847918
0.7892847994590236
0.7855885882831823
0.7824408832468899
0.7806669901569894
0.7788969277541067
0.7770696564724131
0.776329979300347
0.7758803614291855
0.775519624881226
0.776008071878772
0.7765434347317028
0.77704622380014
0.7772105543935194
0.7775936836298796
0.777006044610397
0.7768630446707173
0.775342535466536
0.7740829237978317
0.7713452301887228
0.7682381439834813
0.7655950225529693
0.7637044885367108
0.7623170169586001
0.7607130786497287
0.7593735975596427
0.7582870322326418
0.7566950394013334
0.7539232610552531
0.751443579426494
0.7482845397539374
0.7469605149649738
0.7469936707454238
0.746613527501259
0.7474390412749368
0.7486291450870666
0.7496112257226596
0.7520017036804912
0.7539578999068484
0.75647464474355
0.758505712615751
0.7611344729355456
0.7639157774808181
0.7673639350910992
0.7696422997029998
0.7717165165388021
0.773975491163169
0.7755876400772889
0.7753910273620338
0.7742052950878564
0.7726877635117393
0.7702832223836275
0.7673583685989416
0.7643452089636061
0.7601612045550262
0.7570603285018481
0.7545004673907347
0.7523985981574485
0.7507586772976679
0.7500390415177226
0.7502747521151629
0.7512129262295901
0.7527354799047833
0.7546179054880857
0.756555258158229
0.7586207965771725
0.76188610886382
0.7645425583422609
0.765626884990879
0.7628353370198038
0.761063312545467
0.7592973405486515
0.7546392743744453
0.7505889282734984
0.747388912059621
0.7447030354631554
0.7424288431235517
0.7375721203175104
0.7333981676926814
0.730421730677853
0.7290596122884466
0.7280331618334834
0.725365879580839
0.7228587014540323
0.7200719178705615
0.7152408802288095
0.7110108523029471
0.7083078252668988
0.706614145519345
0.7054293510734527
0.7058394738466134
0.7061076529008835
0.7069943676913237
0.708199405288904
0.7099878415496417
0.7123134274883584
0.7156363047508006
0.7183379849193401
0.7201858950742509
0.7219474564602838
0.722756356822648
0.724193605882646
0.7262131889919481
0.7283977046837882
0.7301869568533742
0.7329035120720844
0.7365029474435496
0.7395613063281106
0.7408753903028947
0.7412655042056833
0.7412852764127893
0.7410543046818922
0.741288972382255
0.7415048222104033
0.7407841714386962
0.7406808473029681
0.7413115932189972
0.7419948925673938
0.7423577841195065
0.7423960502307674
0.74142236614499
0.7414448879800248
0.7405881961354132
0.7408625802468564
0.7397562929491631
0.7387623783148618
0.7388587501444298
0.7393497816305977
0.7409523146195626
0.7427839338977781
0.7453818895939698
0.7492212350133406
0.7529545076007995
0.7557277980375962
0.759179271542704
0.7622320759049849
0.7650771733916447
0.7677661863744969
0.7704229183955048
0.7727750729160259
0.7748265929776087
0.7766880904644188
0.7779260810507573
0.7786837071390552
0.7794199935591439
0.7800629279793645
0.7805470849149492
0.7799392330702174
0.7798716697570568
0.7792308885980921
0.7784640552235803
0.7778639034594634
0.7779165065992736
0.7779318087461231
0.7772986127507766
0.7771075621272282
0.7772227981247262
0.7770821152186755
0.7772338954542526
0.7781106010102207
0.7782913506474073
0.7786264279768631
0.7792218837576909
0.7804418005807416
0.7820599912523802
0.7837048247686289
0.7860320997094588
0.7881738800477798
0.790053474842398
0.7918320218132261
0.7931321893544819
0.7939546870959797
0.7948325846358985
0.7954510686877813
0.7963519010629772
0.7976320456980247
0.7992583935842104
0.8009889699483503
0.8028821473216795
0.8042550141445033
0.8054183765479408
0.8066202245799233
0.8075251102398204
0.8082312048130045
0.8083859547768657
0.8079133988856868
0.8069970594397627
0.805741824920524
0.8037885059988117
0.802072872774036
0.8000794501706161
0.7981774152828018
0.7965620521127399
0.7947948838272211
0.7931458377807503
0.7914764246947109
0.7895730034912204
0.7879141245355553
0.7869136330724104
0.7856436165893164
0.7850769758148348
0.7846573867648774
0.7847125778047241
0.7854353961293086
0.7864084327590082
0.7871858038307642
0.7875300439237581
0.7881702267535856
0.7883712062595172
0.7872353497141996
0.7858319853351197
0.7846412940493763
0.7829511138060208
0.7815421251762299
0.7800229420357214
0.7783667511890747
0.7765209055253969
0.7738741083526863
0.7703860417326844
0.7672924692958304
0.7619439076249878
0.7563391106294419
0.7518967646651818
0.748342728840792
0.7443079608752184
0.7413376905627002
0.7383444068643872
0.735478414109851
0.7329627925224119
0.7301052431932387
0.7285426036398587
0.7270704288630094
0.7238597180794136
0.7215742760538083
0.7196109394330023
0.7183517538499732
0.7183227153114208
0.7190820698893037
0.7198866162941763
0.7195342141498973
0.7178302417759413
0.7158667658836194
0.7147135553670568
0.7144220496655288
0.7129284381223404
0.7124597141155928
0.7126368972679973
0.7129468442011417
0.7140646046553059
0.7155194941928352
0.7167827801651966
0.7186001873986584
0.7196141570618514
0.7203202051979496
0.7214230429357185
0.7223221295492936
0.7228408549566184
0.7245515818455742
0.7267722728089915
0.7290112546995241
0.7310233386087676
0.7342510721815932
0.7361478259190026
0.7385633070940711
0.7404772025282478
0.7427057214254357
0.7443443824852595
0.7454199205824901
0.7465239175731126
0.7454913998300742
0.7450492560816669
0.7409862089956447
0.7379284569843241
0.736659218845321
0.7351294977899222
0.7338024165553246
0.732666905410187
0.7317123835701151
0.7297762373107811
0.7291453183315493
0.7288336017107432
0.7287294576864426
0.7285005810413661
0.7278919429340498
0.7275922118911028
0.7266077277357132
0.7263316281294466
0.7267160459349629
0.7274893902471903
0.7292907945891294
0.7317252003240713
0.7337617979737634
0.7350511162004287
0.7365661395939431
0.738657490334169
0.7414752229625564
0.7450967952249649
0.7470960209376584
0.7484844968994274
0.7499355611422612
0.7514027324109003
0.752415429723133
0.7526926146811852
0.753083747817814
0.7537908135121458
0.7553928901761157
0.7571345692386647
0.7591498749798257
0.7604362846998715
0.7614261785420335
0.7619701066518849
0.7624085667495389
0.7630456660267001
0.7627535642325318
0.7634548947744971
0.7641292768905853
0.7643225917253452
0.7638632179732864
0.7626194447552962
0.7614947765590188
0.7597730951205018
0.7576184702947029
0.7564942432342402
0.7556796850818958
0.7554229204369646
0.7544899207193587
0.7539970577704862
0.7530915685248785
0.751430372186146
0.750542393931384
0.7497040902465476
0.7489196258584924
0.7471530612821127
0.7446057924269863
0.7414585462896032
0.7392296308741416
0.7375237028442686
0.7360140421466403
0.7345334784007425
0.7314743044593045
0.7294131765211138
0.7271972608663188
0.7255060181703391
0.7218430204615788
0.7118406814089726
0.704284537898027
0.6982785500806542
0.693038221095943
0.6894237931387254
0.6862134520083623
0.6846081785084763
0.6842322157026546
0.6853119267538956
0.6849486952503192
0.6859703615497512
0.6876447669832417
0.6876990574057557
0.6892360018225112
0.6925917265111305
0.6957052126288423
0.6989143980627276
0.702289988720146
0.7062209605120445
0.7103274624974525
0.714416792901622
0.7179032766245301
0.7213334780571657
0.7246309777044329
0.7279452629785784
0.7309559329065113
0.7333027361986519
0.7350530677280986
0.7353787227115466
0.7363172065759097
0.7374772898963516
0.7383263341946993
0.739430260860733
0.7406846061438449
0.7419974783885809
0.7437681386371459
0.7448975507723204
0.7463590772111718
0.7477721608465079
0.7490165484061494
0.749321840522614
0.7497296788867726
0.7506469963277864
0.7513487590336306
0.7521788476165422
0.7517713010327732
0.7513333100229169
0.7505701617312395
0.7492336994396953
0.7490243629997368
0.7491848611907161
0.7493923508539707
0.7494376089797417
0.7491589670549339
0.7484627564292722
0.7484151228726802
0.7481070666648657
0.7472131561062811
0.7449197511813705
0.7436240695359011
0.7429009949176592
0.742166227563052
0.74239054277292
0.7420728324564928
0.7418853047836974
0.7413061496629937
0.7413025918677649
0.7404729564069537
0.7399122804918236
0.7399658917848264
0.7400333082247896
0.740622177185358
0.7419735633007623
0.7433325365779718
0.7449569341414819
0.7463918520587817
0.7479393541595994
0.7498312018859126
0.7522617375789608
0.7546573158448151
0.757066356472331
0.7584852357249982
0.7599780896833012
0.7614926613521374
0.7628200200121961
0.7636454682223676
0.7640687156393265
0.7647645681323765
0.7654556699947587
0.7664524397054416
0.7669958557561791
0.7675023400221326
0.7674267134743892
0.7674754953764641
0.7669545856269818
0.7662945142546156
0.7648763853903378
0.7637735376799777
0.7628870908000176
0.7623848066244242
0.7616877452113261
0.7602647153680501
0.7599098989025949
0.7593624641270276
0.7586751245088248
0.7586557093886237
0.7587644476184019
0.759187637239922
0.7596418535491702
0.7601748033858031
0.76070672734885
0.7594919514281802
0.7584102636148198
0.7576829124890148
0.756976465044396
0.7568537135901011
0.7562793620860075
0.7559016669789659
0.755970417363664
0.7545225931448736
0.7533560564411993
0.7524680002350416
0.7519483589283393
0.7500720331068874
0.7489485071456763
0.7480459308326511
0.7474510987890247
0.7472063647775414
0.7476695136743832
0.7484675854452547
0.748829801024326
0.7488053237266417
0.74865058092391
0.7489203282884153
0.750121201385762
0.7505429313636927
0.7507274787489824
0.7510744813574073
0.7510923472612733
0.7510825273859683
0.7510383314886158
0.7511788101702812
0.7521986987755116
0.7541503383050068
0.7562697542189455
0.7585884241650392
0.7610074443352033
0.7640252349547052
0.7660987382426159
0.7679437479121819
0.7697220450969202
0.7708099234681905
0.7715402528248557
0.7713932219720535
0.7707815611836802
0.7708026894541654
0.7708602878616583
0.7709992253550213
0.7708915396429293
0.770854877016772
0.7705657632011182
0.7704938944558328
0.7705200674513657
0.771077440003755
0.7717438086762917
0.7720261736737533
0.7725806513584669
0.772103183130975
0.7716007518964006
0.7711944566907842
0.7709744196137427
0.7700118434746897
0.7683629565289869
0.7663830783130193
0.7646460812802065
0.7631338709836306
0.7616311001356006
0.7605177904766839
0.7598410477566526
0.7593378591120341
0.7597019957691613
0.7598001616928151
0.759480634948333
0.7591584321674784
0.7589427153175391
0.7588516473989214
0.7574584442399619
0.757374741584016
0.7568353203835693
0.7561131793051465
0.7553038515630918
0.7546862212578784
0.7530798016887774
0.7519531425925777
0.7512703297206886
0.7514411305040483
0.7523063780099352
0.7530774977151401
0.754386710772427
0.7551353034506436
0.7563878708592944
0.7588337585534253
0.7613642042640854
0.7636327218495005
0.7646706437959299
0.7657424420280894
0.7663091723677228
0.7665716918765234
0.7665502508541471
0.7667305775988903
0.76620244302592
0.7666309747526411
0.7667291269980352
0.767217255323192
0.7683823480999962
0.7700154163958058
0.7711688198496605
0.7724771487854217
0.7731226533180533
0.7735100799470019
0.7724458169829362
0.7711459026916571
0.7697993591255015
0.7685848821573191
0.7677234729309136
0.767335394796445
0.7677776465213647
0.7680837621227019
0.7687939734162469
0.7696806902036067
0.7699528159516373
0.7706851520130519
0.7710472431232408
0.7711025298969867
0.7715880419375479
0.7715185085391206
0.7703338614950246
0.7697123645172188
0.768902171355647
0.7680539120409421
0.7671284646519477
0.7648237232964349
0.7622631714982472
0.7610218225139299
0.758931439265686
0.7567327847308073
0.7533869240113257
0.7498811904277856
0.7457308391243113
0.7415272130462905
0.7355139638775404
0.7297828586111302
0.7258391677546739
0.7221150445216316
0.7180620598662345
0.714728049341668
0.712963383734653
0.7110099012921526
0.7092877597441789
0.7078274196363618
0.707586880360962
0.7057488017543514
0.7042759436621527
0.7036245686843543
0.7044468855112832
0.7061204459859707
0.7088616887747987
0.7115803230794435
0.7149549033669564
0.717328062765272
0.7203813884814728
0.7230260562570573
0.7249068037940009
0.7274604819058987
0.7296619030626711
0.7309145062958059
0.7320300262305118
0.7331915177514755
0.7342017063985747
0.7350361797486211
0.7358422798747883
0.7358493923113343
0.735273826481067
0.7345751864637929
0.7346834001943296
0.7351177977729884
0.7362346273752429
0.7374803964910597
0.7382705659135803
0.7396297377033609
0.7408003990390963
0.7419059033706185
0.7419024118096553
0.7409196708238367
0.7410086963805861
0.7416152325109018
0.7425349799272195
0.7430995430360673
0.7430291444294737
0.7411627732884947
0.7375767133174884
0.7340964789385338
0.7292501224328142
0.7255354480177538
0.722605161563071
0.7198740308943246
0.7181183850850905
0.71711643144593
0.7166606529773107
0.7174060227704223
0.7183085175243031
0.719984087044851
0.7211243765655817
0.722787732874958
0.72496095573014
0.7274745614356464
0.7289047809493687
0.7301070838500132
0.7314117571859771
0.7301531224628551
0.7265236798404365
0.7231607807112636
0.7206804814545755
0.7181477226814794
0.7163662086137615
0.7152546409635051
0.7145555775733472
0.7112202012057146
0.7089996206321051
0.7080093614696913
0.7069233107143161
0.7061822820924953
0.7065909872551212
0.7062306430138965
0.7062354187928995
0.7068823257907325
0.7066882353259457
0.7059106588781766
0.7044692872043576
0.7021609949399276
0.6996404412929169
0.6960155307589684
0.6928781453467845
0.6888633180274639
0.6852255789899488
0.6821781152034943
0.6778483637712472
0.6755846818478991
0.6740235827391738
0.6730661959511861
0.672507269671038
0.6723494307163808
0.6729972039043111
0.6745007255481914
0.6764627827407234
0.6800556221516122
0.6839108181556433
0.6879918123523519
0.6914275490695007
0.6943417903339819
0.6970300720306157
0.6985425412198596
0.6993410148522129
0.6989464103931874
0.6996389889930581
0.7001915942024353
0.7014707137997145
0.7013512208918853
0.7004171652812884
0.6998228534468475
0.6997860538094173
0.6996052870835784
0.7001860977538664
0.7014463350241733
0.703390401764452
0.7066171292543416
0.7100795101358977
0.7141704190987683
0.7179414059594865
0.7218106132724441
0.725453662466444
0.7290773853596956
0.7328671397336383
0.7351650526020098
0.7378058479441448
0.7399138545138986
0.7408592266232462
0.7420059410762236
0.7435369302014005
0.7449384286223041
0.7460130339083094
0.7469960213809946
0.7477793846019665
0.7481608581859238
0.7479648605467974
0.7476271319831385
0.7476401161329121
0.7469987733314211
0.745754538176926
0.7449703654663011
0.7436552448161025
0.7431296776374425
0.7428904021910407
0.7430156271768927
0.743103204752299
0.7437374863900756
0.7449489696137589
0.7460360430985964
0.747326805740505
0.7472598416642768
0.74575157427585
0.7452366022112368
0.7442978124588158
0.7428305494766015
0.7421592326667855
0.7400978663846933
0.7386262492101812
0.7374241642404886
0.7363445378960845
0.735759206497455
0.734717917340565
0.7339233161375308
0.7342913484449762
0.734556651705204
0.7355461639884325
0.7366631736339007
0.7381250286663157
0.7401597615637144
0.7420954881736105
0.7447008721768487
0.7463645819610886
0.7471578691431167
0.7485771943150956
0.749921986958228
0.7516226680172275
0.7529370544979308
0.7539955698480609
0.7556105217164998
0.757498668585072
0.7591432376263683
0.7608520184100918
0.7611121609488801
0.7588751726330943
0.7563066318576481
0.7541131036139505
0.7521178327307304
0.7502041942564409
0.7492844691289058
0.7474889195741253
0.7460665740505737
0.7450324755035562
0.7435743191357455
0.7420526493310218
0.741204518417305
0.7405145505618306
0.74034353652485
0.7406724130299704
0.7411085726412782
0.7418193692047387
0.7419905384112728
0.7423375214784002
0.7430527688756696
0.7442330607393007
0.7454777624574884
0.7464048521205933
0.7476819980459377
0.7487901489740773
0.7505854395136691
0.7525431159640417
0.7547490565671893
0.7559362237514486
0.7574041405349196
0.7589991901976763
0.7588439708796336
0.7587305369151375
0.7594990501795833
0.7602515949966376
0.760663978441222
0.7605413549777454
0.7601489671541183
0.7591145053402594
0.7578040010283531
0.7568444087468771
0.7564996301080804
0.7544900466794503
0.751159208239695
0.748055644609956
0.7456715906314884
0.7436939125614631
0.7414524036475085
0.7391094493035533
0.7372355930705098
0.7362372857710491
0.7364443524004484
0.73745354123836
0.7387811051738585
0.7409860164222448
0.7436587920670498
0.7469000270940928
0.749016507717206
0.751126267902464
0.7534706839917376
0.7557425537190472
0.7576860032451439
0.7574238704595556
0.7572506847203775
0.7574408267166226
0.7574695780870256
0.7583599654881363
0.7597596260784455
0.7615778503832666
0.7630700233882484
0.763843052760047
0.7648093763686992
0.7654904255568409
0.7659805995252745
0.766175870375736
0.7668406447629406
0.7676009463
0.7686018941594868
0.769943764378716
0.7716079665732026
0.7734156835283564
0.7751238508880944
0.7767144977257048
0.7777809013755655
0.7786684433820883
0.7792382742164878
0.7796704228160749
0.7805077602368429
0.7813150468755695
0.7819354911393378
0.7830196667820047
0.783944301390449
0.7839788547232125
0.7833799956736948
0.7829248040462184
0.7819775787691065
0.780425132833139
0.7788916386138303
0.7767975774155483
0.7747297633001503
0.7731449861242468
0.7720581195620552
0.7706861263780895
0.7696318056442085
0.7693071051245761
0.7692449830335687
0.7691922287170263
0.7690797660412148
0.7695527154757332
0.7702529085563962
0.7707579148589213
0.7716142051878371
0.772878158779194
0.7741863553594591
0.7758897405424804
0.7779324760836377
0.7799882557683344
0.7817874212132007
0.7836977999449005
0.7854391373087699
0.7869773007782899
0.7875007756961822
0.7878283444124584
0.7880884355326655
0.7881088183145858
0.7884654083137705
0.7879687291572713
0.7877510570755769
0.7876964065795842
0.7877218247844386
0.7879300409489115
0.7884130527443249
0.7892563089807565
0.7906484148066611
0.7923736390063154
0.793531067155081
0.7951590209763292
0.7960823105045123
0.7966280527812113
0.796559281453675
0.7962746652577402
0.7965217608316548
0.7962253360675837
0.7959077663187047
0.7952675264894972
0.7946161789297248
0.7933757833856956
0.7916470040549549
0.7891372610775852
0.7861771239121905
0.7833422449353885
0.780343180690742
0.7781119593780534
0.7766731035218277
0.7747142121181076
0.7714901218863086
0.7686307074387522
0.7661187420361274
0.7636513635259898
0.7622351969527015
0.7606055142300712
0.7594374953809578
0.75895231600489
0.7583728982913781
0.7582741678363595
0.7584877816318956
0.7595641227545
0.7596234632169288
0.7599923220959807
0.7594772233440111
0.7575906852428692
0.7565566846819617
0.7555741409337129
0.7539391348409373
0.7529962265930216
0.7528811882126133
0.7535043940981295
0.753900445355866
0.7553116343468613
0.7570269536437038
0.7591307318068593
0.7605138631287064
0.7620563929763696
0.7623366654998869
0.7634578237869873
0.7651431229417142
0.7666805731228282
0.7681300344706335
0.7691704703011155
0.770291617178656
0.7704798789498687
0.7699513275408852
0.7688575582623486
0.7675210615047822
0.7663761336902629
0.7652872906278568
0.7638497391105854
0.7616210758978647
0.7597294241788525
0.7579912264729257
0.7566001221029434
0.7542463868173112
0.7520738761146518
0.7506619760564548
0.7498582679282905
0.7491346785799685
0.7481519623961508
0.7446849681483954
0.7391971689957325
0.7341025638815547
0.7290005008287938
0.7257884276809703
0.7205377315324303
0.716390095575613
0.7135167742377226
0.7115247652210059
0.7105167852811735
0.711422788133983
0.7124561295292026
0.7142841602947321
0.7164802008605937
0.7186518293086147
0.7210709090453475
0.7239613819878301
0.7276376325394865
0.7314677215146969
0.735476807002187
0.7387996248273213
0.7425841706866487
0.7457416737004408
0.7486261119409012
0.7515142128524491
0.7546799718028452
0.7561343327322421
0.7568307796085234
0.7576799020019362
0.7586175620292457
0.75772463365706
0.7569841231053314
0.7560302616079623
0.7542247580410604
0.7525313595938969
0.7505844287215057
0.749561895441274
0.7485879699699174
0.7476341821302837
0.7473299871546828
0.7476495357844825
0.7482048288280215
0.7482912512227627
0.7489470851454046
0.7504384114384807
0.7509325610303149
0.7513922495542711
0.7522054533725775
0.7523388579034529
0.752141251299933
0.7482526311219915
0.7448780321358541
0.73987475185026
0.7359385196830013
0.7332438513066772
0.7315503595728726
0.7307369135949747
0.7313085310780514
0.732846090016933
0.7351497761588591
0.7383110704615802
0.7413562225635252
0.7447070032917626
0.7480505599567548
0.7512293354578601
0.7541088175546169
0.7565646446063686
0.7591579847397538
0.7614962202726907
0.7634469960569483
0.7657966115729238
0.7684699313939131
0.7708111112736505
0.772620376894331
0.7749959803166652
0.777061571506525
0.7783647583495837
0.7787003319820146
0.7788175753243269
0.7789910743969967
0.7795103196073229
0.7802737849063285
0.7817854725623944
0.7831796901787413
0.7849864400395751
0.7864301710785393
0.7874039975097801
0.7879308325108173
0.788220531585166
0.7879743514938847
0.7879271641388248
0.7874592663934857
0.7873338422555807
0.7867593210454414
0.7868962604638923
0.7870718119546195
0.7867191107010805
0.7857956611017514
0.7841470749899921
0.7816579374005354
0.7792244974746407
0.7752166302345758
0.7719730907965778
0.7687501582859827
0.7653244601019427
0.7602722565486036
0.7548842838582879
0.750278626447325
0.7452322528499996
0.7412004694547661
0.7385204941091404
0.7364044491848301
0.7346280611234881
0.7333632146246188
0.732811217791096
0.7324404886687772
0.7327507883901039
0.732268208977954
0.731040465968621
0.7297391498400927
0.7282954515689954
0.7264234153286169
0.7255335405589958
0.7258555753605919
0.7261807408938459
0.7266996555263334
0.7271992438420459
0.7279629814749204
0.7293758039221967
0.7261139288138003
0.7236197580125048
0.721412601612392
0.7194699906548897
0.71821596251848
0.7181741082001173
0.7181736404489275
0.7181793551797963
0.7171674887495897
0.7164419118270606
0.7159208141923649
0.7148363889045185
0.7153180161376936
0.7164476143980164
0.7171543938649726
0.7185306579415159
0.7204835016593152
0.723050604544587
0.7259532497019561
0.7280904657868514
0.7306221681073745
0.7331468182680564
0.7350586669852001
0.7369311414302482
0.7387964143990751
0.7394901193150938
0.7392986734749836
0.739782126606064
0.7396992352848629
0.7398373688513089
0.7389426995170972
0.7372813184374954
0.7356632209187416
0.7344706695915009
0.7324963428978617
0.7304277823158716
0.7281806336405866
0.7253810646853293
0.7230720364981346
0.7189087882120248
0.7150797822098034
0.7125884085461895
0.7110970135171296
0.7104779071085101
0.7071724017489857
0.7048611188886371
0.7034235094979449
0.7022480672291502
0.7008626959562568
0.6988661174107368
0.6978082163159567
0.6972011534355108
0.6968772900512873
0.6959059938399937
0.6964981719128055
0.6975991949426744
0.69843492986075
0.6999881215860118
0.7018014489770507
0.7038579030477295
0.7058171063930699
0.7073430623742452
0.7090158522814121
0.7101681679304618
0.711478736906691
0.7113482438108585
0.712298896683791
0.7133889740059431
0.7146107001343838
0.7150337932677203
0.7165075026009569
0.7178533065060633
0.7195642554165786
0.7211032376477415
0.7220241644292741
0.7223056458545066
0.721102105938698
0.7202400436354154
0.7198646657625987
0.7195370303949838
0.7194012654588963
0.7191271760414812
0.71887901305531
0.7193268254800288
0.7195549899325561
0.7203254274211572
0.7218320826321104
0.7235852731433955
0.7252640841001103
0.7271054311832517
0.7295046245543461
0.7318783088019338
0.7347601058071331
0.7370302927609174
0.7390014675801354
0.7413578424370665
0.7437260559171219
0.7458916035690933
0.7483295598388937
0.7505787558686725
0.7534291447175733
0.7565683952378668
0.7589942710668923
0.7605029018574007
0.7616180605362832
0.7628677107407738
0.7645283052679738
0.7654181620748767
0.7662030568517665
0.7669121371901562
0.7678139134129244
0.7681042057976517
0.7684895381619716
0.7678299750439994
0.7671806900827114
0.7661687424254368
0.7650504783202061
0.7633564714964064
0.761782404420531
0.760163733195594
0.7582988830517771
0.756943330794952
0.7550251445923852
0.7537431379903553
0.7533268988379441
0.7527234554642726
0.7524783421033454
0.7517499479159879
0.7511236996302412
0.7503186883990096
0.7497976735257889
0.7490741903489712
0.749121011887768
0.7496841997174613
0.7502921882516765
0.750861447750866
0.7517772018833724
0.7534586296791911
0.754837088423353
0.7570125115160986
0.7589034061766154
0.7608347236659322
0.762708288051098
0.7642295030229715
0.765121258404712
0.7664149535098126
0.7681071243565231
0.7697627046733184
0.7716237363940442
0.773473191246458
0.7750362918072174
0.7768107734950898
0.7777922294724107
0.77887515031391
0.7797519356251399
0.7809005966119428
0.782120062354116
0.7840263204907106
0.7859850526538681
0.7878066529698465
0.7896186929933481
0.7907221567026206
0.7907885945281119
0.790540492345647
0.7894305313381499
0.7890394966949292
0.7881830956422781
0.7868827500606553
0.7847394520322886
0.7825272866778501
0.7808319359977698
0.7794029443659047
0.7790493513968427
0.7790643327050066
0.7791516072051455
0.779768546573137
0.7810129995042642
0.7817111584853771
0.7828802742118939
0.7833664295979075
0.783393771686703
0.7819735275522799
0.7799609990333073
0.7784396063791265
0.7768850222228569
0.7754724524960529
0.774381824579554
0.7742616857634992
0.772379840729163
0.7703220604060467
0.7686124877333997
0.7659935011678316
0.7642804169262658
0.7626065509786383
0.7614936324374673
0.75957668751358
0.7585651514210364
0.7577976527918943
0.7572784529034812
0.7565741528447394
0.7561895286439752
0.7568241720238637
0.7585350086347425
0.7605136512071972
0.7620957196043403
0.7635920545373089
0.7654861167189638
0.7674492211880019
0.7694802217585235
0.7708771127506504
0.772634726240351
0.7739650260997406
0.7750159870578911
0.7746236473349072
0.774052368691161
0.7736937413696178
0.7735704381809337
0.7731127479046097
0.7721162500791544
0.7720859492036966
0.7722342584757581
0.7728570276978667
0.7739399291058076
0.7751175780419078
0.775922470627146
0.7771968281082716
0.7785469213674127
0.7786130285045858
0.7793933400384095
0.7796006164390501
0.7799925870026523
0.7809610993403442
0.7813681518450003
0.781356930342494
0.7805508504116402
0.7800847199556995
0.780539669983556
0.78124394373901
0.7801124272008446
0.7789369407503276
0.7777055104008235
0.7775681456751101
0.7752387675507756
0.7736162101546608
0.7709297702650473
0.7665871816128994
0.7627021307246089
0.7597460153794343
0.7563585790430478
0.7538526686933804
0.7511543043431806
0.7484803053352939
0.7469987357708303
0.7463838293541083
0.7461991076781461
0.7467279478375689
0.7468575076308921
0.7469932875004031
0.747386515476408
0.7476703302167709
0.7479457112646098
0.7484511039826289
0.7475291588566195
0.7465890500012236
0.742731610888966
0.7380264768992151
0.7332943588790571
0.7294221274833784
0.7264099004988263
0.7240765176913961
0.7218991376273572
0.7206464363859645
0.7190642956908028
0.7178320610749157
0.7164138541387962
0.7173661938523074
0.7195740898367734
0.7204194850949361
0.7216613663249158
0.7228065312964038
0.7243273358692293
0.7266875492365307
0.7291615931745413
0.732268425833454
0.736170455512504
0.7397686442567278
0.7419143954724385
0.743526146010172
0.7448746399749024
0.7463128605183578
0.7475264455561483
0.7492099863150521
0.750018178319229
0.7505478316033891
0.7509168000213087
0.7509573042116109
0.7501475786971944
0.7496926756282423
0.748929026128056
0.7483974644429262
0.7483470184302587
0.7479448178747555
0.7470465495694212
0.7464651452009415
0.7456582774542784
0.7453251102370099
0.7452061998784495
0.74524521663945
0.7451672774403065
0.7427429895330973
0.7394074375887819
0.7350338110626079
0.7303988160884382
0.7257547977098694
0.7208205885456901
0.7160944410350656
0.7123595589940477
0.7086060170776991
0.7054704058828815
0.7036203221665055
0.7016052298272485
0.7004635191602069
0.7001282586143629
0.6982193893386879
0.696983706901572
0.6970746586855084
0.6971481827605395
0.6971239166645633
0.6957411003007583
0.6942106092067547
0.6938970362701962
0.69408725018629
0.694113780595726
0.691466355496702
0.6894376931228345
0.6879665698119742
0.6880366790432372
0.6875529280969117
0.687964661406265
0.6878132763630942
0.6890196512258266
0.6904758787369832
0.6920646089999505
0.6946627015969401
0.6981005522962633
0.7019288639403488
0.7062086912482439
0.7102930160296046
0.714524451350905
0.7180004046703481
0.7216555694480004
0.7248567626154194
0.7279981515951465
0.7305140021980443
0.7329099146111988
0.7344071921683362
0.7353161702407369
0.736607976669427
0.7374660839094127
0.7380955288043828
0.7386844060023969
0.7388381749190814
0.7390232083289231
0.7392050271225755
0.739237499665909
0.7393969823849887
0.7397017440512622
0.7403505990669597
0.741377218331882
0.7412992414035224
0.7406024392166922
0.7405034270441404
0.7403698648237242
0.741067103569203
0.7418345373839947
0.7423685477083034
0.7433562565339618
0.7450431865208633
0.7473156468787001
0.7492778009603337
0.7510049261197737
0.7532278602489237
0.7557424659746882
0.7581135420713845
0.7602046017021866
0.7614293132336784
0.7631922023203628
0.7652515794677289
0.7670723641725193
0.7676229068046903
0.7676871512740784
0.767050512027127
0.7660070636233903
0.7638630760478762
0.7622765248398116
0.7608105261262482
0.7587461675967372
0.7563951988183124
0.7541784676336766
0.7525090935373403
0.7515258608375149
0.7498603964963895
0.7480843928424166
0.7465667711344954
0.7446917277975442
0.7440087130587502
0.7438734129229255
0.743427728883544
0.7410890062457747
0.7381888308856955
0.7354215433855132
0.7338212783895555
0.731517672762229
0.7266713529127642
0.7225555780636205
0.7194795772662242
0.7148357885126363
0.7118647381115975
0.7086742872741466
0.7062744096329029
0.7021993219931195
0.6979949890201607
0.6948987586483413
0.6922647975193256
0.6882236799102722
0.685556902783588
0.6843212743249387
0.6843825212353813
0.6862849416627106
0.6884962203904434
0.691985152841067
0.694793221079476
0.6980747116711193
0.7010826886262882
0.703294602121005
0.7051253631062817
0.7070508134366976
0.709755504941032
0.7124071145042179
0.7144099926197226
0.7168508471752021
0.7193023427296334
0.7211247142220472
0.7220014830863541
0.7237346525830426
0.725514684729417
0.7279987963761904
0.7302947005026259
0.7322872269038239
0.7322666778831994
0.7318574139033842
0.7316216002204516
0.7319173572851951
0.7322209553670629
0.7328126803560284
0.7335638958837196
0.7346019636024681
0.7361357192520498
0.7376184595686109
0.7388543611904003
0.7393844586539836
0.7403770233677004
0.7420373766186803
0.7438144316876598
0.7454721280008417
0.7467410329475628
0.7478749550372411
0.7495072696547234
0.7507718664502826
0.7524046584577941
0.7540695718688891
0.7554009517832637
0.7559066376588008
0.7563709603635362
0.7558210132132795
0.7552271142644774
0.7546083880771559
0.754626141787469
0.7540887411835123
0.7530406332313816
0.7526681552354549
0.7524596324374131
0.7487601835756483
0.7451471533767389
0.7418632018003561
0.7399421991651102
0.7381124966644442
0.7361298494848367
0.7340524373799547
0.7322320610417875
0.7308395186069578
0.7296027886827385
0.7270560421650641
0.7235250915039803
0.7208101754176585
0.7180674962618738
0.7159556228411443
0.7152556349958806
0.7156714703932611
0.7177478789098227
0.719989251485024
0.7226060374944747
0.7257157311332886
0.7282868611007479
0.7313616893347463
0.7348610589828418
0.7382086963179071
0.7411370025364343
0.7427609912454913
0.7442601499285648
0.7454904151142531
0.7469013786752993
0.747967188059889
0.748864410697539
0.7497483958264511
0.7495353402371192
0.7493218290784801
0.7489433940423447
0.7488862540099662
0.7496699860962182
0.7508384831895223
0.7516851393271816
0.7505914881453862
0.7494158726343256
0.7486532259607337
0.7483658072065819
0.7480886322958838
0.748143204592471
0.7486977811989701
0.7483069649390585
0.7479629048904338
0.747503848030215
0.748036659459985
0.748725972888428
0.7497211004744565
0.751453197160109
0.7535247750830392
0.7559019764800194
0.7584121567846539
0.7608734355232224
0.7636991530026098
0.7667877541799792
0.7687819163663925
0.7706267566035522
0.7719019120445025
0.7721355085708236
0.7718470974051178
0.7716368809826952
0.7716331219866942
0.771762964152976
0.7699142940296186
0.7673350449360554
0.7645411336633322
0.7624758167470447
0.7610806381280653
0.7604402379064511
0.7605303736954504
0.7606283834789377
0.760156166762232
0.7603292440430744
0.7615118716116696
0.7630911337034568
0.764423037769014
0.7655896443954244
0.7667416863369307
0.7679369771016823
0.7688438230001136
0.7694489091263955
0.7700810671645851
0.7709541460584006
0.7719913715045861
0.7730774837404074
0.7743630802606601
0.7750619373904887
0.7750851478953312
0.7746364354028835
0.7744403791969571
0.7738133285627204
0.7737269608172926
0.774004099384702
0.7746770008752095
0.7753570999562414
0.7761996312830524
0.7765198479730776
0.777284064917245
0.7781621851174538
0.7784611186384806
0.7788118664340876
0.779108868070553
0.7791728495820921
0.7791164847883558
0.7775534808355055
0.7755680834541193
0.7742482890362516
0.7720382612221299
0.769681956725805
0.7675458221480693
0.765424404753444
0.7638831179735066
0.7628181374434471
0.7621364067058113
0.7622328363504396
0.7618659875943622
0.7626487676933429
0.7639286014340252
0.7652038605980719
0.7653014433082487
0.7655305169791261
0.7662595423947852
0.7673212448108454
0.7670159780420964
0.7658502570974
0.76496218842164
0.7636757015949527
0.7625717363855837
0.7621663766858361
0.7610745060005242
0.7599554362318307
0.7587404259985242
0.7578525393802661
0.7566409759402816
0.7551412200377456
0.7534647551918148
0.7527641764665209
0.75165551679825
0.7502601708078888
0.7487518746184784
0.7468725485018719
0.7442915305430496
0.7419919746074752
0.7405176778763206
0.7399011810354528
0.7398405143219394
0.7413044029513088
0.7434869846711166
0.7464009202806277
0.7479243111791979
0.7492957210017912
0.7517113583866684
0.7548688229104122
0.7578133591858326
0.7602660777386229
0.7611228413347546
0.7621414225630843
0.7632844622589817
0.7638385498294665
0.7654997405712528
0.7654825775877258
0.7652200852000073
0.765131926323164
0.7651763665759953
0.7657548204607878
0.7666863347578352
0.7675031429047161
0.7684926054346496
0.7699517955844586
0.7715569121781177
0.7727556706751927
0.7741130330128951
0.7750714739769903
0.7755858570188561
0.7755958749362565
0.7750509808977769
0.7744776739411916
0.7738965902136323
0.7728353692525506
0.7723914371723861
0.7720294325092807
0.771821658444213
0.7721851430474272
0.7725160919408658
0.7731695986226278
0.7737428957246482
0.7735091409619008
0.7735991221530545
0.7729167910571529
0.7722713120123132
0.7711338814189227
0.7698391586796223
0.7683838050219906
0.7670240990307281
0.7648200980231982
0.7618736749760668
0.758810012449625
0.7562846987804449
0.7545471547457097
0.7532163736596665
0.7527485655396073
0.751814767888193
0.7511836220945804
0.7512742733732876
0.7505417851422038
0.7498766921039369
0.7495688958876234
0.7488073237798928
0.7488975677606046
0.7496064730389992
0.7515466914966938
0.7541402253283145
0.7562744224400597
0.7588873929631761
0.7612109123310101
0.7623988147145782
0.7613519509939601
0.7611593893674211
0.761288068999339
0.7617034975595095
0.7591649454913001
0.7571276558014374
0.7546068539470095
0.7510980560377032
0.7484327571657219
0.7460117105978484
0.7442211027703198
0.7409687448931506
0.7369990338987907
0.7333488311050845
0.7315537993106452
0.730319589307066
0.7277718095074827
0.7264877522547742
0.7248500198903342
0.7239980116129754
0.7238928977923347
0.7234261283743696
0.7232664304828735
0.7237622200528339
0.7249413728399235
0.7259045367527275
0.7275138306659373
0.7267062081313952
0.7259905002775361
0.7259513377521832
0.7262228823086595
0.7258853274648849
0.7213076822545029
0.7182391897152738
0.716300799509575
0.7141475686313387
0.7118989068255349
0.7084547636417022
0.7058473896594869
0.7020935088703939
0.7005957990314546
0.7002298266726243
0.6996914134303697
0.6991287934499241
0.6971729310768866
0.6963104181633885
0.6939142718164653
0.6891517721200938
0.6861390752654909
0.6835905393090022
0.6824833924806872
0.6807487808895287
0.6792130343267898
0.6784691557661886
0.6790205221359169
0.6796887798957258
0.6799970961435352
0.6813244641018567
0.6837069313721573
0.6870389292243114
0.6915348750795446
0.6956014190523349
0.7004404206615246
0.7048656091337703
0.7092557323176059
0.7133538847655252
0.7179062792502354
0.7220003950372264
0.7253772742012466
0.7280763996562423
0.730382409614956
0.7326900896898189
0.734967481239213
0.7376686317964687
0.7388163390962831
0.7399892143207683
0.7412930377499579
0.7430707935628362
0.7442383045870415
0.7456106604644591
0.7469601908118209
0.7482755094693454
0.7473231889858075
0.7465533268958611
0.7463227828987226
