0.039336717263602765
0.03647289007450792
0.03721411520393235
0.03632110359748319
0.034037127737195506
0.033322999337077504
0.033489080798550785
0.03515507549486308
0.03862580337109849
0.043717315715763774
0.049336864010707256
0.055149375990637815
0.06090183093344541
0.06664231465552156
0.07135496036146567
0.07520943586380278
0.07871275426505416
0.08213857007193134
0.08574533993719942
0.08938184064863723
0.09366836840961346
0.09873607996668703
0.10463429366129304
0.11138179170681073
0.1188204949910456
0.1269733024882022
0.13561721674569785
0.14476921774600712
0.15406790696313646
0.16342496779831905
0.17314865539323793
0.18322995329524314
0.19371070574059907
0.20432907849865545
0.21491646522575122
0.22616171556701403
0.23777907338850185
0.24991759220798884
0.2619430281008581
0.27324445293989913
0.28450913315447807
0.29547137945631347
0.3066048857077524
0.31783174563139105
0.3281141730365844
0.3378752568328787
0.34716088992166805
0.3560426249358286
0.3645078737046161
0.3724203400000254
0.37914649338563944
0.3856556125818939
0.39115090525102947
0.3969755931449142
0.40281325772680504
0.40895062469701327
0.4149047329519015
0.4204648883416808
0.4254738339957407
0.4304740383041446
0.43530259061876714
0.44032549475445026
0.44500011893910324
0.4496989259727833
0.4544148915180435
0.4582266382929061
0.46218211396299547
0.4664517853564127
0.4700204917947327
0.47447715762566717
0.47981767253127683
0.48497788591627067
0.49096287789248966
0.4960075932586305
0.5024258405264448
0.5093834559973288
0.5158148461366576
0.5221986313200849
0.5281054934706391
0.5336097654007658
0.5389163529656619
0.5444333844753403
0.5502340603422826
0.5575682396615544
0.5647846183769082
0.5720739107531293
0.580543498233254
0.5889702205656371
0.5971655082440535
0.6053140642013114
0.6135982283040298
0.6211639871460762
0.6284857805526456
0.6368961867220809
0.6459498430956991
0.6551306900734616
0.6643505380166472
0.6738359731623632
0.6826960040363903
0.6907844775135813
0.6977187356771541
0.7032067605616046
0.7073260229349579
0.7113342164874064
0.7143778044308844
0.7177989153531162
0.7216207377496842
0.7263283749510481
0.7303263680596881
0.7340986332353454
0.7367985027941394
0.7392736584821447
0.7403973210987731
0.7410142062519297
0.7410306546522307
0.7411074814325253
0.7408344364503675
0.7403982514728974
0.7405463830366585
0.7408257051096186
0.7415131557265049
0.7425276450055937
0.743465186451694
0.7449121645679704
0.745868228378773
0.746448338441056
0.7471320680024364
0.7469838049393467
0.7474943360297973
0.7473590611446301
0.7478383261136411
0.7487882893827496
0.7493693177210464
0.7505786999625707
0.7514408755097167
0.7534903676581726
0.7547486203927856
0.7559386468266965
0.7571606797955702
0.7568183370964108
0.7563020613023594
0.7557925153679355
0.75577344507592
0.7553775473462085
0.7554049665665085
0.7558439824618624
0.756116466710853
0.7565213112889806
0.7568312038467909
0.7578593318356265
0.7589426058120443
0.7595388725482345
0.7606817820854287
0.7621170918612078
0.7631087580277381
0.7634393033065543
0.7638214193661741
0.7645292110191179
0.7639256792485578
0.7638106549050284
0.7641704458836012
0.7639376966024791
0.7639136548398545
0.7645382049820783
0.7656918772762211
0.7672205097457565
0.7681220311820898
0.7684741972591957
0.7682951893792163
0.7695482090200547
0.7689888354372139
0.7688648181192581
0.7681247266090575
0.766874302516067
0.7655186589426118
0.7636174734748127
0.7620241664351322
0.7597971162556594
0.7567846429108986
0.7530742510801252
0.7501284410636659
0.7479826662180715
0.7479454067139318
0.748173007506885
0.7512527099823239
0.7528583863245819
0.7551106320312624
0.7586247104952027
0.759583244174268
0.7609149198525716
0.7618943049847
0.7621389206727176
0.7629751227397696
0.7635392243700332
0.7634812171905105
0.7639162770861481
0.7637261386088742
0.7644451012372618
0.7645522512892399
0.7651733282796228
0.7666807836136408
0.7674521706156864
0.7698620293361369
0.7725719962867698
0.7747532496764551
0.7768689576091494
0.779235180468043
0.7805809286083067
0.7815388623829831
0.781911845834176
0.7811821967174254
0.781116827731244
0.7798642852100914
0.7786337267557739
0.7756051620403931
0.7705680768832478
0.7653168919895882
0.759888721725618
0.7553007167802883
0.7522445819387217
0.7503130545530173
0.7503266602362106
0.7507158230737081
0.7489542495235523
0.7453670828809145
0.7440830728970239
0.7415538410753469
0.7392456265817878
0.7375379712120764
0.7367337732780371
0.7376082594165824
0.7397026636504528
0.7425604070387447
0.7449520990413858
0.7465166600821314
0.7481769367016863
0.7490196663485206
0.7499483670344517
0.7512205168281204
0.7513191346220515
0.7517890852504062
0.7523974339681131
0.7529946570794798
0.7548091071772299
0.7561863457761042
0.7579559709288691
0.7585379430307434
0.7588964958368579
0.7583825398718788
0.7582122033465574
0.7578479087288823
0.7573789553071063
0.7570690353298537
0.7567643437256368
0.7568863561984709
0.7538839964525861
0.7502764008838051
0.7474959724734745
0.7464874504784283
0.7463995369994961
0.7468764028190455
0.7471979476233007
0.7481673196556343
0.7445371807122644
0.7412299506858092
0.7381215872577638
0.7359413007608382
0.7360421442448611
0.7376754964035719
0.7408842770678972
0.744216620363972
0.7483614712189285
0.7508782286015849
0.7528987815035968
0.7538995687430452
0.7545996128324778
0.754467217619744
0.754202917011071
0.753854198485741
0.7539708046285305
0.7547757406135441
0.754971772406973
0.755556781163107
0.7561451319607034
0.7556681594756663
0.754346116794776
0.7540244789064876
0.7547960424620078
0.7549793130617931
0.7557189918020766
0.756752814735742
0.757843657438132
0.7592589447594896
0.761667612695678
0.7637230365150444
0.7653046548398762
0.7672371743784807
0.7686587455677846
0.769715971724436
0.770812573739103
0.7715367617254798
0.7723211282016811
0.7727138025656444
0.773133754837801
0.7733326484100937
0.7742757777411016
0.7758685868737376
0.7765739280041065
0.7770579523745655
0.7774311524800476
0.777511611445287
0.7780366178003514
0.7784081678630168
0.7783307832841923
0.7782850714223515
0.778260800056188
0.7783689383287414
0.7786283956668256
0.7787379450517099
0.7780500462350762
0.7775426910523358
0.7778345536525726
0.7778562481056673
0.7783481035335625
0.7793760187053501
0.7803723873317521
0.7814274961492506
0.7825142038710624
0.7832959475622222
0.7837462780680631
0.7837642143975155
0.7827238331706832
0.7806165267731853
0.7783808003377064
0.7756087517044048
0.7735772124932933
0.772468523659022
0.7724037735827866
0.7723399014289577
0.7708358276095147
0.767875259846123
0.764665369779552
0.7620004243155122
0.7602991063661704
0.759539165246594
0.7587703781100266
0.7577251044856707
0.7578871630764332
0.7585840876861282
0.7596531194342618
0.7615599107633426
0.7633130900445381
0.7652194712059607
0.7670087883999838
0.7682836042349955
0.7685322906371361
0.7691080218935097
0.7684849617006583
0.7680277070430962
0.7671602442816104
0.7666266889176777
0.7661041600785852
0.7659714895978561
0.7666728621251135
0.7672645106599552
0.766939307871994
0.7665131068871162
0.7660065054097303
0.7653198442221169
0.7656199782037763
0.7655470140481592
0.7664497324393127
0.768155936343574
0.7695372910436531
0.7709097808041161
0.7724334536474605
0.7737397188759201
0.7753300291719667
0.7765216791420458
0.7775390765280491
0.7777013318873887
0.7782694109810986
0.7787183054989264
0.779779134526513
0.7804451976713196
0.7811381101578536
0.7825767974038094
0.7837572621429473
0.7835563433753593
0.7833424403484281
0.7833128654590827
0.7830664083417842
0.7824235938444171
0.7824767602515347
0.7809801036643271
0.7802442251561018
0.7797666566317855
0.7798854147372855
0.7797216270962675
0.779851482453633
0.7801763148625059
0.7798945720707832
0.7803685053756411
0.780857393256998
0.78092517033138
0.7806293795261854
0.7810276846979757
0.7803930144720505
0.7785677603214277
0.775826343568936
0.7742778910024402
0.7728969448450954
0.7701768813298038
0.7689926244934506
0.7694483086247678
0.77068951902689
0.7721648402536866
0.771502832255799
0.7711790883237082
0.7711072613929284
0.771770441423347
0.7717662161045105
0.7699795507299083
0.7689437428945465
0.7669952171673331
0.7648731828738055
0.7631521495258349
0.762443304693437
0.7624038149128235
0.762218628529829
0.7624606462334844
0.7618218123914288
0.7610909095151701
0.7600602736492256
0.758186472090729
0.756763537330596
0.7563465497990134
0.7563852945551505
0.75585602923533
0.7555408871518866
0.7554813483161023
0.7562733614821837
0.7577440524241875
0.7593617719267154
0.7611183714809691
0.7638693698266715
0.7667877482501777
0.7690947950242875
0.769550694703711
0.7687261883968297
0.767874004725189
0.7667305006364205
0.766544708619525
0.765915520666632
0.7648685168083503
0.7646828183175116
0.7651343825788914
0.7654793099504845
0.7658267544887738
0.7665348313006088
0.7659111865423598
0.7657793783362634
0.7646345349331436
0.7646578523831659
0.7636049470459879
0.763064078012002
0.762770016981742
0.7626188722450106
0.7632181414844995
0.7640383162886099
0.7652622324939438
0.7675633091586128
0.7694101682240371
0.771067711807335
0.7733602416335914
0.7756158580929118
0.7773682456854184
0.7790515091216902
0.781150069344874
0.7827439718544545
0.78367291293266
0.7846420571144064
0.7847415452163325
0.7847574242435518
0.7848009419191551
0.7849427978249003
0.7854893518542909
0.7853169691490169
0.7860647553847279
0.7861274608029306
0.7861478093934962
0.7861539961785448
0.7865292782420383
0.7869641896389898
0.7874384170568064
0.7883963279295982
0.7890439050505227
0.788573580115696
0.7884620250213813
0.7888005047620626
0.7886427296035583
0.7888337310363887
0.7890400085660018
0.7892156277358661
0.7894469918060468
0.7902080103193951
0.7913869407495417
0.79295439984349
0.7944268350760024
0.7959337183939456
0.7969745717774888
0.797235566481909
0.797583072250164
0.7976571253232351
0.7984342800443213
0.7990612195793172
0.7998196400208636
0.8008555428271843
0.8024370823829656
0.8032064360526665
0.8035485013703705
0.804386326384345
0.805035427116467
0.8053574624900434
0.8055669223510551
0.80572433604968
0.8055688420546664
0.8054182297037419
0.8047394475834564
0.804237630788963
0.8033696269754341
0.8026030583597893
0.8019783622265823
0.8015580722854242
0.8012734586507173
0.8011627469545617
0.8007746497481133
0.8003994597869903
0.8001335146974237
0.7993355184478991
0.7990796335913373
0.7988301612122799
0.7985457283352141
0.7989446684515646
0.799182518078607
0.7991057693227549
0.7991164261780097
0.8000997728642083
0.8007153771938493
0.8001848839832977
0.7987017282978296
0.7971676297634542
0.7956220939760211
0.795075262997273
0.7945580945007495
0.7932863576479334
0.7922836231033983
0.7911919963592118
0.7898124574549086
0.7881293994992903
0.7849459223667584
0.7816263992888243
0.7788550113518565
0.7767739542854095
0.7737727788595807
0.770943377287174
0.7681800368022701
0.7640707646129434
0.7597185365349988
0.7563590862559071
0.7540273690268159
0.7528637956927426
0.7515678810688666
0.7518714397376404
0.7526105145848565
0.7526430424922554
0.7539791064470877
0.7552301195962898
0.7554428715061103
0.7547198220973471
0.7525175562714369
0.749339098821474
0.7464645787663154
0.7451474599336946
0.7444294314136878
0.744394188481059
0.7442401811586893
0.7443607280423096
0.7441214822167085
0.7446380738136631
0.7449926554299606
0.7458930725230523
0.7462801080501642
0.7454790677946702
0.7441002788684802
0.742977494708419
0.741495230364119
0.7413126572627589
0.7422745284697049
0.7424206568500878
0.7410969845079247
0.740159853461007
0.7351216847122365
0.7309720847674284
0.7281798135255827
0.7273944277228975
0.7276177966483783
0.729457980936434
0.7321670832282553
0.7330028033655954
0.7341195605614912
0.7298229238257158
0.7267438782350097
0.7254187782907323
0.7236331393377652
0.7225332074862018
0.7226772267434185
0.7236629840916938
0.7240477222618965
0.72627395285543
0.7274860209492461
0.7291434181815334
0.7307588613200252
0.7305897492347342
0.7301482973779181
0.7285849569308724
0.7267446606072451
0.7247059118344085
0.7227683905957224
0.7218762822353249
0.7220089852035952
0.7224992061895846
0.7230324369470825
0.723656270299613
0.7251278627616577
0.7275119148395688
0.7313549964017606
0.7341858959357278
0.7372946527345393
0.7407785869090442
0.74438520314211
0.7472034286355296
0.7483422592406036
0.7496571694275717
0.7508814694209227
0.7528953788605453
0.7545085422581221
0.7558174098820236
0.7556744515351992
0.7556077787502204
0.7553605061167312
0.7551306291888104
0.7559073938503165
0.7554871999689028
0.7562993771298563
0.7570956231136372
0.7581268354876107
0.7590156484130398
0.7592048812321855
0.7594251408231368
0.7585996969578416
0.7573481096188732
0.7569822062489221
0.7568507830676083
0.757474023850472
0.7568037347607875
0.7565596783484981
0.7552504730497985
0.7520822522561321
0.7495423289654021
0.746955127486236
0.7446619320129857
0.7414022022779793
0.7378254903012642
0.735142295271634
0.7334158939701204
0.7328024124909625
0.7338891794364509
0.7353840425984324
0.7363189927863101
0.7374478756082655
0.7376091900388373
0.7376960444091339
0.7341927346512699
0.7266592365189984
0.7210441808624847
0.7172141027027613
0.7140894113208859
0.7130691086127458
0.7136518127252014
0.7158760163260521
0.7195854298324639
0.7238496546150761
0.7253565675241892
0.7278161300060741
0.7292363425879318
0.728151863655914
0.7276090259565713
0.7269120234411126
0.7247850860477869
0.7216291442132237
0.7188978942763161
0.7166644716535442
0.7153893714588216
0.7153310724564123
0.7156333801890216
0.7167354210462643
0.7178570708313269
0.7201368902966013
0.7225495694162809
0.725000318445722
0.7261908960547372
0.7263845007658163
0.7274538641498791
0.7283083863379498
0.7288099122387477
0.7286135205358815
0.7283846238475937
0.7279284330557321
0.7280777601117857
0.7278653417201043
0.728537770349466
0.7298046864660939
0.7315301645018829
0.7333901898227385
0.7353885570919347
0.7386762117316916
0.7421971766482878
0.7452545596255162
0.7472176216926705
0.7487826626559514
0.7498202893879581
0.7486113037963548
0.7480552844437786
0.7482671599273758
0.7485898242792518
0.7479158876110733
0.7463202635112307
0.7436621482457543
0.7418145181603917
0.7395758986699014
0.7374574164285572
0.7335317262951834
0.7314164415072514
0.7305331415048586
0.729736127060265
0.7294854940690886
0.7296764736894362
0.7300639025568233
0.7302888358596198
0.7310937344904854
0.7310589548808022
0.7313235260570269
0.732032326442014
0.7325831752446441
0.7333773428174206
0.7345109524548835
0.7352702900178567
0.7364440133805771
0.7370395978034294
0.7376239918706367
0.7386486734319934
0.7402329737668234
0.7422385184230178
0.7441562254846372
0.7445498855008019
0.7438322710749492
0.7429720366651295
0.7419108514796761
0.740464550734473
0.7388466606143207
0.73763885324355
0.7367948584520184
0.7362278618060136
0.7357127918413542
0.7347178480790529
0.7316056507562076
0.7287124823838842
0.7249242151885508
0.721851471366088
0.7198431807806248
0.7191707593592788
0.7196082286405536
0.7207795698078434
0.7221528562457418
0.7217228289474047
0.7224076128156576
0.7228685607848662
0.7232165455213533
0.7240678687661848
0.7228598830436668
0.7216207705033197
0.7210688612593389
0.7205891668312294
0.7205206765919109
0.7192416126706176
0.7186411279232766
0.7189937532169447
0.7203859358461641
0.7224615758013203
0.7246851250273671
0.7270214789681756
0.7294203580709797
0.7301711893103332
0.7316523356486141
0.7333381231078161
0.735020782672605
0.7350446520079917
0.7349843455411506
0.7334107761750551
0.7322253925885364
0.7306943599797208
0.7297151322944908
0.7290283071184283
0.7282184925477875
0.7264928785492645
0.7243566820794751
0.7227628810806375
0.7224450998350923
0.7221911845466021
0.721874518846307
0.7230200637181974
0.7248155359540488
0.7266689621908471
0.7284065013755991
0.7303096490356926
0.7328894915373482
0.7350520219467562
0.7371984123993174
0.7397416162149818
0.7426992623021508
0.7456660297126517
0.7457925367108923
0.7462365547181448
0.7464100940518885
0.7464160547195824
0.7468177860374066
0.7459865775039971
0.7448746197011195
0.7450323252436928
0.7457788199938302
0.7477727058355856
0.7492747447961629
0.7504884651918039
0.7511640613877486
0.7519137562382731
0.7526662039315836
0.7538327111075828
0.7548967452190327
0.7549921947073555
0.755118592089357
0.754558393630031
0.7540457619585232
0.753935852821844
0.7541649799611353
0.7542673663512636
0.7541483889920833
0.7540737676528924
0.7543148127012752
0.754135608656623
0.7529390007980113
0.7523438388041187
0.7521008235179035
0.75176844854226
0.7526070926859032
0.7529946264585997
0.7530208251657748
0.7530067765295185
0.7534752411960591
0.7547973746337887
0.7556235575872929
0.757217197359371
0.7582844765605652
0.7590794220706597
0.7595444907216128
0.7599069544641155
0.7588351259091112
0.7582785229034492
0.7575073161398505
0.7572668081046727
0.7571060470556931
0.757369888665512
0.7584755035189307
0.7588150233413753
0.7595598517228886
0.7612159049467041
0.7629346360014561
0.7642238580955552
0.7652547999558119
0.7659376741976273
0.7658218276978618
0.7649891942231666
0.7632821118285017
0.7620608473453536
0.7601142581417083
0.7589307973649808
0.7575967668209567
0.756414096654628
0.7552902989136678
0.7541002771195325
0.753365667609303
0.7528216350690843
0.7521270322979009
0.7519380738776921
0.7509798642364585
0.7508794753926122
0.7511622268636056
0.7513413447139676
0.7516146536674209
0.7522251168288181
0.7539375583625031
0.7554124141944131
0.7570583843447555
0.7588634687676081
0.7600727790262719
0.7613592812213622
0.7625236267379596
0.762532917191689
0.7626981433579655
0.7622234259295532
0.760595823382031
0.759798784132201
0.7585223806458093
0.7575489791723135
0.7564074386824204
0.7554653248009366
0.7548483400193073
0.7560996095706726
0.7570348524361762
0.7574368175674757
0.7579172274789688
0.7581220200624708
0.7581442431062684
0.7581161737157319
0.7553164465648675
0.7520731346311947
0.7498732979271868
0.7480819203809086
0.7464111235759573
0.744810671642346
0.7438282096579714
0.7422335483934657
0.7414360045080027
0.7405439799334766
0.7406720546544153
0.7403314790460551
0.739895050384051
0.7403564186008073
0.7418915558474958
0.7435751788592972
0.7455547159154614
0.7469235184564093
0.7488832257816407
0.7501610423045555
0.7512096562740829
0.751708944346295
0.7518607975670202
0.752642950442091
0.7533267816083987
0.7532051264174948
0.7528187960366239
0.7539106387306325
0.7547087211500676
0.7556655362527174
0.7562973794063389
0.7562667567033624
0.7551148166665664
0.7534197827049909
0.7527572033755879
0.7535351901450446
0.7551935402234714
0.7567775742057703
0.7575489216714116
0.7583316062457134
0.7585033907022165
0.7576970241535358
0.7556532055648728
0.7530449111801436
0.7512552746083808
0.749870260712902
0.7484223617577263
0.7469435942622339
0.7466044647583254
0.7458315873474007
0.7446498274076327
0.7434197761578544
0.7423651983938527
0.7415940232700055
0.7411150102566061
0.7408065838734449
0.7412376520637076
0.7417822872907999
0.7417930838757215
0.742362180465332
0.7419760192163993
0.7418411309601596
0.7410779404466307
0.7407906164225929
0.7407971177073683
0.7416405168047925
0.7415593729236215
0.7414487142124745
0.7420611984485661
0.7409415679029757
0.7377483129382375
0.7347798427196119
0.7322579198399666
0.7296165969402111
0.7274353582496919
0.7261179580046498
0.7252360124025865
0.721917748350196
0.7196397428923823
0.7181612830060052
0.7167358929829495
0.7154284881115996
0.7153036111341389
0.7142063319864196
0.7135226877803742
0.7124896150231125
0.7113259544063731
0.7093381229172995
0.7073141527859426
0.7048823129872575
0.7011314784425303
0.6954913865467941
0.6909160362304234
0.6882274654992677
0.686327307227795
0.6855469027072242
0.6863280005058812
0.6891148660393677
0.6918106188269202
0.6942482769438624
0.6963846324952603
0.6979342204480249
0.7003274422488125
0.7017586652765078
0.7029158908718112
0.7039501404610428
0.7047277267717639
0.705172202321101
0.7055498285219306
0.7059764948664715
0.7061348552348959
0.7066376500887999
0.7059287133237353
0.7056684030485857
0.7071109209748391
0.7091563991687
0.7119231240134585
0.7122057592191597
0.7091276200393086
0.7070549063544818
0.706983961184726
0.7066057733078719
0.7061343230693301
0.7057611128373431
0.7061487610983526
0.7072181917032858
0.7082844036265217
0.709770048821803
0.7118002403545394
0.7129438099655236
0.714051957999628
0.7153557437892255
0.7170582132062546
0.7173073082337552
0.7178436466505297
0.7177437601648181
0.7155668066388075
0.7139803348925572
0.7123240993011664
0.7107171254651404
0.7094239922964097
0.7082832056303557
0.7080940614918476
0.7088820007872093
0.710251013461657
0.7118274272300744
0.7144106172062505
0.7158175559557818
0.716583281554994
0.7175208867482591
0.7171489908812209
0.7174442390373826
0.7164477541716676
0.715516567700562
0.7142838204487171
0.7131869364305355
0.7128231017604227
0.7119633318282822
0.7120026414025994
0.7115889218200128
0.7098533218547752
0.7096859086717534
0.7099077137514264
0.7097887299159304
0.7116759899375978
0.7126194574639639
0.7139036670138885
0.7149251904869226
0.7155229306392411
0.7155802164508077
0.7151334829584622
0.7146001689384182
0.7151497898532229
0.7152622780448565
0.7158929328472515
0.716783718854691
0.7183486687233138
0.7201096787098852
0.7222260812194671
0.7245844005944986
0.7256113658353106
0.7267759781368889
0.7282619131480348
0.7295802188253919
0.7306340360673561
0.7312283231744254
0.7315303574097808
0.732129315044035
0.7334593435825448
0.7346395214258893
0.7362252608682883
0.7356402011117641
0.732810957891085
0.7293363749039851
0.726372654405665
0.7241223210337074
0.7217011618937785
0.7208854961551423
0.7195269124529818
0.7194974054624088
0.7196147356327312
0.7189354931387213
0.7176712770417801
0.7171711962496485
0.716597924062001
0.7164859486512329
0.716696557880555
0.7176571449812653
0.71857040446055
0.7188331808495438
0.7179200413240708
0.7169574297440655
0.7172258322531403
0.7180479423624211
0.7198454553001156
0.7218094244796898
0.723157664967477
0.7250886207905533
0.7275877449311207
0.7303612197921829
0.7327308851467614
0.7352664128182865
0.7375721658975024
0.7375415148618971
0.737490407662888
0.7382190879006524
0.7390686793844972
0.7404342538314733
0.741789031632804
0.7434390509072654
0.744769888842363
0.7459834259970526
0.7475965306502458
0.7494072125853988
0.7499890568948192
0.7496790998936096
0.7497131937837689
0.7500213976523168
0.7506867581132263
0.7494137748510511
0.7471321418052289
0.7447569158186281
0.7431297711532397
0.7427628104957619
0.7428962429236431
0.7439272164986741
0.7454076026618206
0.7468917755048416
0.7488425355025083
0.7495397942408473
0.7504087658979247
0.7504075910378202
0.7504066386484217
0.750496899537173
0.7473895801671351
0.74537060162707
0.7435585449576128
0.741979597956291
0.7418486481433015
0.7424541001103938
0.7436686953227339
0.7446894946525087
0.7448900016356341
0.7453249606412841
0.7448893871848689
0.7443867830586155
0.7437855396513664
0.744075827573879
0.7453381931197556
0.7466954697500163
0.7479397923996073
0.749881331453808
0.7519965612605198
0.7538232314643389
0.7552788931157681
0.7559817149094271
0.7558764355325668
0.755260512020222
0.7549701786040031
0.7549805229592205
0.7550422830064876
0.7551386671512456
0.7563552678077053
0.7577480760408808
0.7577936685991171
0.7579816989976668
0.7587251036943042
0.7590676443191274
0.7582843479138253
0.7567850368852375
0.7549245626615733
0.7530979213174754
0.7518313785781394
0.7508027956776064
0.7490127545515501
0.7476993584860928
0.7459984054109051
0.7442624053597217
0.7424316264369757
0.7408882435896055
0.7400312782178716
0.7394746000202902
0.7388835050206696
0.7392815651560773
0.7409333720129704
0.7425351293376682
0.7448980833300483
0.7469560709883507
0.7490094848597627
0.7513067363876298
0.753884671230244
0.7564139364688891
0.7590981636729315
0.760581991742573
0.7626202454593587
0.7644487983711641
0.7660576329503208
0.7677329566329868
0.7685439083394338
0.7694980920318142
0.7702397022776466
0.7704858916652123
0.770961188077276
0.7711438966341235
0.7712976209000402
0.7719655002006034
0.7735683881866539
0.7748716136431786
0.7764272387769717
0.7778060252988046
0.77911871329513
0.7792547611001732
0.7794975308068297
0.7803774452672494
0.7807433151541731
0.7813978822937476
0.781974110500127
0.7821559709462155
0.7814606785915456
0.7806188050354043
0.7790586439425181
0.7775872956468978
0.776188160629289
0.7746636758614871
0.7741426215861994
0.7739435550667431
0.7736645912844069
0.772369055985121
0.7713931295615115
0.7705630777332443
0.7697122869939536
0.7700490134215439
0.770563242999403
0.7706987966884693
0.7714840041533884
0.771569492527894
0.7709142610246021
0.7705060304206722
0.7710778570725673
0.7702283373460105
0.7696442190411946
0.7686351272571329
0.7666296068823936
0.7651470036939826
0.7648127720493466
0.7643839578573819
0.7650729910756924
0.7670787690657583
0.7697210467463542
0.7725840005718057
0.7756065931117149
0.7781451725033953
0.7812080594407292
0.7829910432365611
0.7839331460269361
0.7823895483743044
0.7815762038353931
0.7805672402253887
0.780017930583894
0.779969134667653
0.778361522330354
0.7768117360322705
0.7751678029502272
0.7740753353674545
0.7736123175952845
0.7731469020850098
0.7733223717659812
0.7738721839999999
0.7729358994712031
0.7705652085727681
0.7677446918568264
0.7648059636769527
0.7624777471297782
0.7596100696421857
0.7564867750456715
0.7544647315171327
0.7534024924987903
0.7527156976882133
0.7522440396520602
0.7515600833461746
0.7509990717201949
0.7507503585522626
0.7511673569845704
0.7528867368334596
0.7541484153460476
0.7537452250477306
0.7543533167121654
0.7547352243884837
0.7560107751091988
0.7582574205277889
0.7584868734370104
0.7588443177037444
0.7590152238822001
0.7578971351415442
0.7555283046601124
0.7533894996458024
0.752768439907203
0.7522207093075174
0.7516950600829873
0.749170122326092
0.7460907917998932
0.7429684912967517
0.7406396662272207
0.7399782242929142
0.7406658000036427
0.7421224139199969
0.7438411138333656
0.7468287761910832
0.7496343879375748
0.7499855742821194
0.750126626756635
0.749692368826376
0.7487475598935439
0.7479090527424207
0.7447152862668065
0.743153155153293
0.7419874530968442
0.7416622426970092
0.7423408195875874
0.7436017521694075
0.7453983105623616
0.7473276579822561
0.7490478370274927
0.7513405976147833
0.7523135879547074
0.7531336659405229
0.7543383853718165
0.7544203952163443
0.7542535990109772
0.7494216429765627
0.7451077085638999
0.7397004517560081
0.73599477391901
0.7342923414557181
0.7342617841419139
0.7349127527379629
0.7362846888343245
0.738415213393906
0.7408591535578646
0.7429595358214415
0.7452197277086585
0.7472923027535364
0.7497128953342037
0.7526124153324191
0.7545495710765175
0.7559778757788311
0.7576109328462501
0.759365287932527
0.7605038554361703
0.7622803990219887
0.7643799015701825
0.7658066927091717
0.7664875927829438
0.7677125915486599
0.7684410897798156
0.7683066979298545
0.7679244818985645
0.7678234890637692
0.7677759380345334
0.768089676599612
0.7685194429926979
0.7694909093443779
0.7694894337791468
0.7703153554186981
0.7711224153067934
0.7718198008611932
0.7717056517427598
0.771148714401933
0.770555621696199
0.7705159444458598
0.7701542818741308
0.7707251444260318
0.7708229344423898
0.7717078081626669
0.7726618724922358
0.7727945531884284
0.7720357770917957
0.7705993483070203
0.7693260017192761
0.7683607019213824
0.7660374390167041
0.7646452779038069
0.7637140379515666
0.7625481257004002
0.7610169093446882
0.75940219945959
0.7588477147575805
0.7578664389909989
0.7574832139249391
0.7576770888466888
0.7575063898147186
0.7569406875717453
0.7564720089917208
0.756355333086072
0.7563574168955279
0.7555975560425947
0.7539034209189848
0.7510480827132465
0.7488625752130531
0.74697312823319
0.7453286167270672
0.7442209118330178
0.7442783773793833
0.744524290658845
0.7442836496309694
0.7438408006567732
0.7447571462935758
0.7456735723767188
0.7398153399646068
0.7349825984819117
0.731084743522318
0.7283710500728082
0.7264678592552364
0.726026503633676
0.7266267219669761
0.7280715666279325
0.7295521569086553
0.7315980397512181
0.7332008113087469
0.7341655466679459
0.7358187472323062
0.7376996806087206
0.738545985734078
0.7393644599459057
0.7396061933697415
0.7392637851053053
0.7394316080867573
0.7389982973325583
0.7386466520133896
0.7390124990490272
0.7396267025752563
0.74084144196818
0.7422903974990982
0.7427277910414279
0.74340456896119
0.745089652474093
0.7465272093401
0.7479075205367368
0.7483540196455196
0.7484132311507689
0.7479198794895516
0.74689013450092
0.7447005621507113
0.7434890724163605
0.74227421217959
0.7407604652089813
0.7398983919595572
0.7380133456496054
0.7362262842375561
0.7351964978817772
0.7343438409751258
0.7339374252614623
0.7301182469478793
0.7263288290076183
0.7229214691598833
0.7204563627437359
0.7180198580472601
0.715216233907232
0.7136595751657605
0.7132810065670782
0.7135132021911843
0.7138547146655742
0.7154436229917167
0.7175699005677814
0.7193713071100225
0.7217661588578296
0.7221454645808673
0.7227747250966854
0.7229786402894108
0.7222206487221045
0.7214195403979589
0.7192347955274893
0.7178681553591183
0.7160034791088227
0.715098441045808
0.7142062407167894
0.71378783794446
0.7142685363190857
0.7156231450923872
0.7168204421487048
0.7184174816441175
0.7197253833108018
0.7203439724018597
0.7204488158893816
0.7202369706544784
0.7194885558864873
0.7193414048453465
0.7192410340265978
0.7192782686403298
0.7193377033311114
0.71951294074186
0.720545851881299
0.7210411428174965
0.7216435633032103
0.7229597120314659
0.7239632262047868
0.7243539501566377
0.7248555002366017
0.7263074639535094
0.7279684622043212
0.7299933390560556
0.7308142985424362
0.7314595319988636
0.7326778867146427
0.7338456484785418
0.7351135132279033
0.7365816947804094
0.738352377817885
0.7410573995476868
0.7441311286369727
0.7465814229976412
0.7478354135252856
0.7488318084438421
0.750115212114314
0.7517038885646262
0.7513455175783323
0.7508677270692008
0.7506655651320189
0.7509506849045396
0.7503703655435358
0.749815609385014
0.7483305077729991
0.7475731657590126
0.7466612382414851
0.7457317537589997
0.7456507217643524
0.7460790439611675
0.746360654845519
0.746727362673783
0.7470284795265223
0.7456301502271393
0.7443187249609194
0.7435586571696965
0.7430186428580791
0.7427044711647758
0.7423960659457002
0.7420339472739402
0.7412841872283613
0.7409456771474182
0.7409841261599827
0.7424741635587101
0.7444680514318495
0.7463056175419305
0.7479091402918411
0.7499511229573836
0.7523232621886367
0.7545686234585707
0.7572599158009535
0.7592849190631656
0.7608828891362305
0.7623561646738248
0.7633479090134228
0.7629663747773591
0.7627152762002877
0.7630891328064117
0.763265099809678
0.7637435339403635
0.7638724644304105
0.7641742192517853
0.7646087351645616
0.7640030791657347
0.7637635413476423
0.7641625242286032
0.7651642112826328
0.7659279003984396
0.7674496884435401
0.7693204517884021
0.7704390263854402
0.7715110431373434
0.7718170972522961
0.7705473110007192
0.7700469111762419
0.7688371136203338
0.7685468955533459
0.7680260177117731
0.7676522805081093
0.7669694598802882
0.7664368912165652
0.7660871046591163
0.7659437264376942
0.7662504261083681
0.7670574639263089
0.7681275056061098
0.7695709649560406
0.771629896527957
0.772659077792563
0.773322970541021
0.7727386535353674
0.7704342947183388
0.7670069959813473
0.7637084680499907
0.7608687602489124
0.7574660827382136
0.7548121145747891
0.7526883526806448
0.7515741337328881
0.7486005710855634
0.7455762214201024
0.7432228001749257
0.7401496372172233
0.7388006996431754
0.7387084329170951
0.7396151981887716
0.740723208872288
0.7429484152563779
0.7456043000361208
0.7481039603344626
0.7493572857698674
0.7503598624799287
0.7522226514940469
0.7539328238917663
0.754161953299311
0.7531547014782287
0.7523265967532983
0.7517981641781796
0.7515453207865381
0.7518187533943532
0.7516362791692754
0.7521658815302305
0.7528047578934021
0.7539094957942535
0.7545870473187536
0.7551370154683902
0.7564614120802822
0.7581526359817758
0.7597010488782132
0.7587417498451798
0.758401895742437
0.7587269993583167
0.7596117569365405
0.7613450880208791
0.7631370479971503
0.7639741448698553
0.7657365840174019
0.7680738665661035
0.7690199971431533
0.7704873953953533
0.7712515873871204
0.7721306576647036
0.7731199635149069
0.7737044801223826
0.7736672179494778
0.7726403254463791
0.7712726627346266
0.7702701544378864
0.7697672049985921
0.767117262101791
0.7646125593640849
0.7622141970934612
0.760766197041418
0.7561215819358761
0.7526218723164129
0.7480926463692128
0.7435195962840131
0.739897192503518
0.7379620246475356
0.7369558605631914
0.7366294075456461
0.7365199595231728
0.7369693964325437
0.7385791420416236
0.7403363298111177
0.7416386508749594
0.7426564418119587
0.7428000025791681
0.7420141527698837
0.7410765699935908
0.7389595781209253
0.7357720786787744
0.7330187319656476
0.7286286841835687
0.7239123442565507
0.7161923874110391
0.7083772700968024
0.7022357335870378
0.6987473885073295
0.6974214892902625
0.6982904474845871
0.701169639795047
0.7054435088339754
0.7111453320922987
0.7164232629398845
0.7201508030816471
0.7250742557563776
0.7299520121863741
0.7311371755477747
0.7299761183040904
0.7293018314300226
0.7291963686787868
0.7290995559639828
0.7283749976197657
0.7282952581456845
0.7294139210236915
0.7301981875051246
0.7293806169752569
0.728777467510281
0.7285433166337855
0.7269929552878587
0.7248319436195022
0.7239333638675218
0.7228977968494061
0.7229276281416571
0.7232776958124764
0.7243440130006266
0.7251744245586396
0.7268781459084341
0.7286017194839863
0.7302974700887809
0.7324001168454868
0.7326182836956302
0.7326921515119119
0.7326577360678463
0.731711702019963
0.7302315902711054
0.7281735649490546
0.7255793950317754
0.72199657584632
0.716486318267438
0.7106133133228152
0.7051883071449094
0.7009586663583713
0.6970983573596584
0.6945969686499752
0.692777447224422
0.6920812987320282
0.691706084551231
0.6918826028121431
0.6932055519096604
0.693120266912385
0.693307455955714
0.6942708657014627
0.6930127300665253
0.6923906719527163
0.6934927083561626
0.6942174208557254
0.6957245382048596
0.6955304642476301
0.6962839386993306
0.6991008251710888
0.7032626464708727
0.7079860715949815
0.7105163973547094
0.7113179221595741
0.7120494750568198
0.7132314354732207
0.7130210649041939
0.7129867997826767
0.7104153138647987
0.7091743495405792
0.7075969717445267
0.7066760259821554
0.7070096389567863
0.7083691743390226
0.7099504296769136
0.7111244214480522
0.712647127451482
0.7145451871445947
0.7152913122268876
0.7163078645631149
0.7168103045330529
0.7171158320551435
0.7169380294870478
0.7178406119995574
0.7167796963228994
0.7160186356577868
0.715741411171903
0.7150380842079558
0.7150205575387637
0.7145532432619915
0.7142635876921258
0.7140284087733564
0.7146126939511197
0.7159166078934428
0.7179945295459707
0.720817512367789
0.7237459173820957
0.7267820305474779
0.727685945414303
0.7275728611023413
0.7282071192968255
0.7270776962442287
0.7262974690437364
0.7248556189139895
0.7235446365429077
0.7227727382943749
0.7229765779086538
0.7236728004491292
0.7234487680517786
0.7241131699726825
0.7252090091559869
0.7260468261595725
0.7265726348342679
0.7277167449574525
0.7287235672219079
0.7302618825237103
0.7317626604962844
0.7330759039802623
0.7323702528227467
0.731059657808783
0.7295668262270624
0.727725878241745
0.7250123251635521
0.7226850263119445
0.7204463638105733
0.7187516690467369
0.7168089086671934
0.7160261402973491
0.7163334814931286
0.7178843906436224
0.718648492706819
0.7197963501120541
0.7211351715881177
0.7219747709520299
0.7234784596978565
0.7248262032891739
0.7252074869681887
0.7208345709129739
0.7156251408067991
0.7107935506968902
0.7060033375522654
0.701992828962739
0.6947320665112515
0.6899088498664637
0.6875541972901229
0.6860831569515999
0.6871386113096859
0.6890803958274305
0.6903828673435815
0.6911787065373072
0.6893284516157604
0.6896850605864308
0.691161932874548
0.6904789234167944
0.6904385152683227
0.6918656303111897
0.6938593399291013
0.6961850177884045
0.6994369492218023
0.703289129468817
0.704928477917813
0.7067558137895483
0.7069361604500097
0.7068689973091535
0.7054935766465468
0.7016015458584545
0.698981679507666
0.6977114787439008
0.6971341963437532
0.6974239454501793
0.6985381184646711
0.6998388754057342
0.700673213412147
0.7027238168971671
0.7050847466101725
0.708315375887829
0.7112969756224039
0.7141463362118639
0.714030030612795
0.7135317751218254
0.7127674959870581
0.7119141514468562
0.7106785522970446
0.7098840693033185
0.7096764933206725
0.7105082351657342
0.7120491385450379
0.7140275504545087
0.7162130887576573
0.7181133273509662
0.7207587342860196
0.7235829122397245
0.7256306823896936
0.7265492219801704
0.7266321780256816
0.726199379944502
0.7264460918606859
0.7264160849565298
0.7267180484260582
0.7274879697403653
0.7279955799020259
0.7283269379132621
0.727592497023395
0.7263977541202734
0.7249976471804824
0.7241772405803475
0.7250775218174735
0.7252814137961595
0.7252143501127883
0.7253388964293942
0.7257295757276323
0.7219356038964378
0.7188614637433572
0.7161326770712476
0.7147899754373902
0.7128554219533064
0.7120853353035256
0.7120922690621169
0.7121458510420668
0.711884363560852
0.7114742118199068
0.710139097826162
0.7080210205982016
0.7063368931998797
0.7045002196904224
0.7030387474358226
0.7025651294885312
0.7029374625765128
0.7048677482304841
0.7069496132487636
0.7084218701703492
0.7096211335060966
0.7099799248432916
0.7099314391809812
0.7103333490484712
0.7102137065205133
0.7102955939377373
0.7092801708439613
0.7083573624018256
0.7083066659177262
0.709043272475802
0.7096977443259652
0.7107303137145702
0.7120643591073357
0.7111479595194776
0.7103948629057382
0.7091989381222332
0.7073987700769429
0.7069904582322202
0.7066923932989218
0.70586887282146
0.7028208470702891
0.6999953716250267
0.6972323024061446
0.6957461613483721
0.6947452704459907
0.6946629683445062
0.6955486759325628
0.697015865147399
0.6994660860340831
0.7017812446378124
0.7040816859081507
0.7066237158333232
0.7092088565131665
0.7118716861503104
0.7139870756720352
0.7151392762299297
0.7153875191710277
0.7142789364403734
0.7134277103642898
0.7128810967577887
0.7119200039849558
0.7108513194612354
0.7097918476602023
0.7084431158584689
0.707276275164918
0.7071157062634663
0.7076750191726959
0.7087942769280251
0.7085461150028565
0.7078560843530206
0.7075864035035473
0.7083138104959409
0.7096447463631617
0.7117902703210469
0.7144956085514177
0.7170802163645027
0.7186678703957512
0.720368707524419
0.7223217585712931
0.7239991965619001
0.7250878810876534
0.7260528431396888
0.7272405881531928
0.7282453172421379
0.7290762194347005
0.728819822002142
0.7289179127174723
0.7296600341474527
0.7309097571711908
0.7316801180119601
0.7327478146066408
0.7334164103764333
0.7332859189262101
0.7326382509977449
0.7320432617487125
0.7304246871431346
0.7293740670915777
0.7286714992771509
0.7291406437209892
0.7295684513256415
0.7303951616687129
0.7301734168532101
0.7300363903451659
0.7301210692359572
0.7299417358813821
0.730172176864304
0.7292621679283184
0.7277904600236607
0.7262599972742838
0.7239332176828608
0.7214698969343755
0.7203795376251475
0.7189254769438772
0.7173389121888997
0.71691228847202
0.7170009988671879
0.7179550518422934
0.7193234847037122
0.7216271313840351
0.724570496484829
0.7265691245693084
0.7285661833804745
0.7301791325801124
0.7313768091540573
0.7312309924171841
0.7310647498481462
0.7312974198283497
0.7317414706652347
0.7305265737846189
0.7283222130338641
0.7262622858435769
0.7237439633931031
0.7208779461460006
0.7185307666840258
0.7164851256999049
0.7148095914687037
0.7133094739930519
0.7125925076965393
0.7127485273259594
0.7135347790700503
0.7137682497863589
0.7151248133312581
0.7164278370652064
0.7177253262782018
0.7194861224058752
0.721461011035728
0.7232439444440999
0.7249105099006536
0.7265092364780671
0.7285516712015521
0.7302219176575205
0.7324866028619054
0.7345949854281492
0.737370139344021
0.7391877557628875
0.7408167120086783
0.7427583797236361
0.744692429293778
0.746095758739864
0.7471455570237946
0.7465793628115508
0.746411001949986
0.7466380585366016
0.7460574286828026
0.7464107688437123
0.7462188729413269
0.7454509685728613
0.7451729093368001
0.745154871820865
0.745407037785347
0.7467087569404539
0.7475970994947779
0.7485562066994771
0.7492814916030929
0.7496901838472505
0.7494101051545122
0.7492244116579647
0.7476242055572282
0.7458166916301769
0.7439421118652249
0.7422671315172709
0.7411303209627457
0.7400057056654908
0.7391098301297283
0.7396807277825835
0.7404631226249283
0.7420745414588812
0.7440498330154739
0.7461781274966234
0.7484327603775651
0.7503393535743685
0.7498456199749798
0.749173882656224
0.7473666959745383
0.7458560527499093
0.7446957304678621
