0.44230434053795004
0.4424234229929495
0.430144507166247
0.42479888435066215
0.4179422524591636
0.4116437705289239
0.4077554096824036
0.40439457845598814
0.39428567870947934
0.3832760939465048
0.3758419184497123
0.36923615323910364
0.3630980448801707
0.3582679186802237
0.3494510510398205
0.3499511939845953
0.3386825423277191
0.3331061426850683
0.32191379525308067
0.3158413801922477
0.3133783128524734
0.29864059172397917
0.29174927019875435
0.281706257334699
0.2729193765374241
0.2733132789533188
0.26232441706165505
0.256417936151596
0.24772248880835585
0.25027774687030435
0.2354984910884062
0.23196740076863126
0.22672581583023088
0.2285368006887073
0.22019466599953064
0.2217423093950472
0.2187842382659218
0.2145540166519747
0.20833339964019343
0.20969040181527882
0.211150178812397
0.20629105139223963
0.19251240921351453
0.19175309394666967
0.19723127752852387
0.2011599140925035
0.19334376590184232
0.17456135095697567
0.18049811586619896
0.18412554963280847
0.17021829566816288
0.18642545072499095
0.18358835776220989
0.18263327718010608
0.1890638531206416
0.17259572460432915
0.17851690028980816
0.16884174567600957
0.1642681703781731
0.17395148639578795
0.17199624277701037
0.16165650782036345
0.1769191668765785
0.1666240429537107
0.17124822461411426
0.16622981383677737
0.15440379222327277
0.16981618828435135
0.17477201268486153
0.15788559096788773
0.16462583690872268
0.1488800024150615
0.15934493092786634
0.17450284191354082
0.14536178336681804
0.13926923885282655
0.14909396391858837
0.15928248553900176
0.16832114225892258
0.1490443380553353
0.15129910902759758
0.16189912659989003
0.14195984772639497
0.14554862854472794
0.1458681399411646
0.13905505194042395
0.13828708932462497
0.13989196687895333
0.14671319003671995
0.1341232453814945
0.1253740631001778
0.1223004454147435
0.13572070744202847
0.13157280791819087
0.12897385114490223
0.14039581718238686
0.12285680914024016
0.11146327411743012
0.11620537694596894
0.1001599522676212
0.13588248013498044
0.11665057200949891
0.1203954363208048
0.11438195341612922
0.08767967117514025
0.10870616974546266
0.08653938449173332
0.1035300423561657
0.07668742682064644
0.10478973820510434
0.12154862184419973
0.09037896385851757
0.1310437475602776
0.08740335093950263
0.0775505640978304
0.07639513135201387
0.10133715811059418
0.07500331103539953
0.09603015416051391
0.0957981544444727
0.08395763905118625
0.05968734644977369
0.09005845244551858
0.09526855901401199
0.09111560396390989
0.08710919250746474
0.06028225268827614
0.10296886068119326
0.06909087089115284
0.11470113491149286
0.0708524542973133
0.08875373651427676
0.07864669685478287
0.07586695940896737
0.03771254281651443
0.03852558200852424
0.07718134607328758
0.09208301294364507
0.07404785771989564
0.08163472855177561
0.021680606183355544
0.09581239496048416
0.04093828325664878
0.06097808268134691
0.033476883345047226
0.02003573522790303
0.06861660772024686
0.05093150752920217
0.06155472597339334
0.02255791367901444
0.06721778275216328
0.07518845486999653
0.024045094151961877
-0.025745381495530184
0.03108100357931698
0.09891877102768826
0.06411427248186596
0.06317411694665792
0.032200483457316575
0.060594924330818534
0.0018646300980958985
0.058236348455805276
0.08116704043970385
-0.011382030680127109
0.063726675556393
0.017982347525985043
0.028598720940560485
0.024239038493576004
0.08173195136106692
-0.0002979429578792159
0.06136820658469577
0.0710574536589455
0.04800944265739332
0.014469632132039056
0.05198447863134198
0.024725182279638158
0.019632040792059546
0.07153591230666972
0.030549168121611625
0.05954495283363914
0.044582874504004444
0.04781353031957203
0.09030278780953782
0.08869928717181957
0.009723632609058952
0.048691447126277654
0.06936203500961713
0.0053323227546147045
0.06698951818011356
0.024430629653489633
0.028130207967041743
0.06655830597714402
0.04000561578046202
0.05287727526310315
0.0743009872709472
0.03304671618204019
0.03597199798681183
0.027973914140603573
0.016677588529016296
-0.00099256813326698
0.06340759103041899
0.0538846811419863
0.025104085409207444
0.017550735024964292
0.04001088323608676
0.06893796376935118
-0.043161095081854284
-0.03578088537941926
0.03320631214362341
-0.00031651389493603244
0.0267582214680559
0.01938762383335696
0.031214343474498474
-0.07099350409370808
-0.08264057446676631
0.026015964595284546
0.019974247785684518
-0.08966530553654728
-0.020948534853179823
0.011874848500777635
0.09685818090699366
-0.1201499162396703
0.009971755949307881
0.007114293800785376
0.12180133583615649
0.05197583472557882
0.07218562609849849
0.03411980070790749
0.0027414062525326077
0.03869591373519421
0.022145470586796057
0.024111223964860706
0.0629263138045717
-0.0799826329112322
0.03211468329284756
-0.04653669181394726
-0.0393323574755694
0.04043460695603157
-0.10276865022155612
0.06818776269169285
0.09196959808605776
-0.017279685935203237
-0.049493880206568086
-0.000769684764731493
0.1068869215796946
-0.04457840221225118
0.03389404036773658
-0.0671647513818403
0.004688412911642015
-0.004958203530237237
0.006710476155001643
0.09849940596422219
-0.0037185184913283154
-0.03183160302757382
-0.10349320571507847
-0.05312372710872726
0.029240081624063274
0.058445519748032415
-0.08777466771415465
0.007016136241363269
0.007251560503591381
0.03652705652390803
-0.06923690526499948
0.027539226812618722
0.027379767306696223
0.02341097081936777
0.03495126599218401
0.013872180559287128
0.016866378296017726
-0.004485782222420798
0.03341104552099211
0.010527317406085424
-0.01816729177234111
-0.028799707911966843
0.03380557680896745
-0.04402021868584727
0.061895432962921826
-0.033215922844326395
0.03708571443219111
0.06870218472231199
-0.057983414379537246
-0.015331482471649394
0.0455512436825089
-0.07961932070263267
-0.04818990888817143
0.03519360848312808
0.02864101180364853
-0.05129478371266882
9.612328965075134e-05
0.0051869079785391015
0.08678825801806062
-0.034171859528047244
0.04010816741714568
9.242023548894363e-05
-0.044924103004870264
0.06451158402015433
-0.043446872414939386
-0.04120090662486131
0.07464515769660912
0.07321576642010608
0.08003728435337037
0.03466555229992341
0.04728379080805861
0.07739698021154129
0.13472776496325067
0.0009106108830300164
-0.027869776136863478
0.08451232227762417
0.034926431025878724
0.003961817596754846
0.10585871669641683
0.061692144747138744
0.04155264367812983
0.026735157407309085
0.05256013679242438
0.021064915294378206
-0.0035166947690475903
0.004146266815995947
-0.029872579146113742
0.012821820204438117
0.0916564756727371
0.04612801186350718
0.061379228192372626
-0.00727880116086177
0.012361404180286306
0.04859524634619794
-0.07213599830791462
-0.02396438139603385
-0.09201613191508606
0.03800760239172507
-0.09686987609324471
-0.015656026373398246
0.03225701971037531
-0.06785515762087757
0.07799710845963287
-0.0732347827736296
0.05290895248146249
0.036219019810926234
-0.03978799041925052
-0.17736803853349092
-0.010654548696231836
0.09820712971026796
0.044275900489391895
0.07022133341260611
-0.027033974432308705
-0.023825930747851
0.06728590405579477
0.021774211147865652
0.0385025768156812
0.0167261045594021
-0.04386022008854917
0.0676997500105066
0.01655589163781196
0.005511710715887852
-0.08470216134323572
0.032289204621522793
-0.04553291025680495
0.021852514964608716
-0.03141388050420435
-0.009523145246146836
0.08021713780522377
0.015341297467255766
0.09865012467224565
-0.025319925570900015
-0.08901435602783636
0.01725544812320967
-0.019495814381121468
0.007691773295858795
0.0234789184539837
-0.016688266024245224
0.052890490511656896
0.06536203988959066
0.04827971607389564
0.04055822222447636
0.05186176341002613
-0.0328958271028289
0.060901754792292484
0.01876054110794445
0.06301776373271994
0.01975385168895133
0.04851367955605651
0.017649930460817143
0.0015796691285370756
-0.017192681764807816
0.023371085111865864
-0.10464974803928706
0.04453236571191549
-0.02579405259456502
-0.06500801730946693
-0.0758358434816867
-0.0662328766219521
-0.03235698998511827
-0.04707143192275509
-0.009681858486512152
0.08746518556498828
0.018016536832364594
0.052738672010146814
0.03774344553904474
-0.035545562273237796
0.01448969192324634
-0.022480820899751452
0.08078740971008369
0.00435283665324504
0.056488633351839124
-0.06379353371997731
-0.07003688449900902
-0.02826420513145622
-0.07042560389652663
-0.0931522602855146
0.14023017855522008
-0.08941744963252407
-0.13887332370477357
0.0057634459452997056
0.05497863564003419
-0.011399113755566903
0.05737570276547721
-0.11319750601266643
-0.015382710680141298
0.03230369353593171
-0.017013354180471785
-0.01834105283639531
-0.05387500449038696
0.05165714504445096
-0.0570972735250842
-0.04376772731772127
-0.009156051035349
0.028617676472435627
0.006049095442407559
-0.04302099840090445
0.003681351880699013
0.00433615929444503
-0.043875728321320806
0.04813799495516691
-0.025552331080560098
-0.015090046863412532
0.043870404229449156
0.005564395455100957
0.0001265388019431879
0.0032380898685295256
-0.01099087021959455
0.03618630089385766
0.03907511264310731
0.030163997585676394
-0.0684096737998442
0.028636492892768484
0.06498265997581182
0.014196798211719541
-0.09971587372200186
0.014590576445256409
0.11331181638222437
-0.09077120014745688
0.016219972474406652
0.09900570104659195
-0.08882405803299287
0.06892015863072815
0.0005527723405867047
-0.04903491761008061
-0.023140236421183902
0.017601943201626002
-0.13928118624332664
0.07678322853671632
-0.06638522900067212
0.10367487491001276
-0.04773189976119285
-0.11146605853790814
-0.08645195123392047
0.08359914525842022
0.05187320699158876
-0.003271910987283966
0.03317237376838367
0.07699447776929824
0.05931300315561461
0.044761355408526604
0.16766160273161113
-0.00647150883235903
0.023517253947229255
-0.012551675383010719
0.08650894477306181
-0.008428398406560511
-0.04236179550366348
-0.0017774085755322133
-0.025851780331620278
0.021078142357141172
0.0026248981577879915
-0.043433399961515295
-0.030889712361092725
0.01943395076549248
-0.009689303730681664
-0.045719472966665564
-0.007472778524249435
-0.03633123959052542
0.04685731104402707
0.032716503545460685
-0.0023433004601168816
0.02697872383396427
0.05410382434214411
-0.010349487621563735
0.13174667672000706
0.08228204448899074
-0.08517046319562804
-0.025050569586563265
0.01897937865605176
-0.02790117880320986
0.050819536929636255
0.01915636756991551
-0.007119789652051511
0.060954649779591974
0.1301443419445234
0.10345958354038637
0.006953520219782905
-0.041613558683270435
0.006653348123298264
-0.006669311842653847
0.036712971564882235
0.06637795448516004
-0.026536963370959565
0.030703994906967846
0.022173156431086416
0.007393171860491543
-0.004129541204494935
0.04232479984380094
0.06996154261838233
0.026640953947525303
0.07256631250027074
-0.0050710636776698514
0.015650884395057463
0.040427368259076335
-0.005372680394792773
0.04369859209824156
0.007513567558399825
0.028906774039910155
-0.07975831418771584
0.019379926784432677
-0.005202478207324335
-0.004062475964274115
-0.0009232472088496202
0.026737704532983686
-0.007654360106588487
0.010485221813971102
-0.023115275454090645
-0.004595381605467352
-0.04330575122360247
0.04903425905207026
0.08843120912508973
0.05536651373188556
0.030981266378871497
0.07167413488975827
-0.0021341661761344888
-0.0889862124193711
-0.06194811158617908
0.029493353805024436
-0.025211700535297643
-0.020887422363998764
-0.1188722853813895
-0.00831897964305417
-0.03403594879081151
-0.009191493374948068
-0.02956056290523834
-0.003905110938962064
-0.04967580327902166
-0.05971364045480376
0.06209176898804314
0.05760080211984747
-0.04855363189080686
-0.0017122580595658743
-0.0716245402746093
-0.09865001876504553
-0.03564545805810715
-0.06016255692837924
0.009003415802449899
-0.01922580165288712
-0.09140276385943502
0.08105082839182826
0.028546319053439517
-0.012808168142513399
0.03524632665796967
0.0470537659251814
-0.04975329027631392
0.08532513646614781
-0.08017522395518373
-0.047130362313341
0.060040537078882295
0.02272247073012451
-0.0764172893323708
-0.05676042388744884
-0.020584601020218862
0.011406029454308853
-0.06730967765525009
0.05741187100259104
0.03665237458224807
0.06958494657334635
-0.06282670226395426
-0.0633471962876937
0.03185804910665996
0.05337291437348646
-0.09615656217530377
0.04539423294445333
0.05796256708990527
-0.04721691892424418
-0.005774007340201837
0.012311086798959259
-0.13793366022201758
0.01908081630342895
-0.14579230929913534
0.12431180587909146
0.023998854926334967
-0.04030635069731492
0.023531948445217776
-0.1628803694527292
0.053860430473672616
-0.19177945062241497
0.014582376798547014
0.09177091505463292
-0.15881004327628423
0.11128128381126456
0.028256939958149263
0.028093626448009
-0.08593496216392915
0.1072690028537967
0.036453657973005926
0.06443128480845473
0.08179611688771321
-0.09034145995830356
0.06878114094502197
-0.07957484411028115
-0.003057234146619292
0.002922195502669589
-0.013145693728633723
0.05985072500157035
0.06858766976099051
-0.030735604224951474
-0.005293278727693029
0.015242420607382734
0.019881428909275023
0.10616158555535088
0.10031522911121721
-0.015602054725788128
-0.000530156196570819
0.04426167111100482
0.0856878694986754
-0.07057388143289223
-0.09059916821650171
0.03772413955924403
0.05512371972807373
-0.03771008922271135
0.02581214534311499
-0.043003854563075095
-0.10723695372976161
0.006273221920584493
0.006691855756440546
0.02097114047831361
-0.06492238902410119
-0.02716798941910903
0.10200192737066277
0.044038067193491404
-0.0045445177109262325
-0.020913996002850488
0.019421932887790372
0.06085062182912426
-0.02950444992474721
0.003269677346037836
0.10059540492848895
0.026747221415411526
0.0424110753506024
-0.03916762068616275
-0.018228301832364013
-0.007016731787432895
-0.12015586496351127
0.019476871927493256
0.04585746668994195
0.05038359514458968
-0.12057162834300206
-0.17683036714136113
0.024785692224838896
0.03726379055738133
0.016509610820907683
0.04674546964003268
0.005503200530057151
-0.049669118742739604
0.027973215423465703
-0.051089929039109805
-0.001206378257966323
-0.19410462557206765
-0.31306589779862104
-0.019206147147411423
0.04625946490683508
-0.04378255961904787
0.08516376637157724
-0.05531102789328135
0.04755246510355837
0.0816284081358552
0.09344528127598867
-0.03678346058128068
0.04522599785891557
-0.17310091542194017
-0.07068369460525303
0.04176798623958039
-0.00475510599271034
-0.006614331283144592
0.012262415582252661
0.09023688758026222
0.08731544111109407
-0.01270116680244504
0.005050012569278339
-0.03624073925301052
0.03531675328203859
0.01797448847648614
0.05879358241281529
0.01367670954832656
-0.09249965667080662
-0.13419024966307913
-0.03687259885543204
0.11663703408512238
0.08604074560757641
0.02462078518444677
0.07838485372286791
0.048448218479163085
-0.037520588028136626
0.035305682919159254
0.02255485612853564
0.09184438113533311
-0.04756743427376442
0.010425272463391533
-0.14683711479242412
-0.02883791672643976
0.05481607336703059
0.0772464910683136
-0.08289292058200493
-0.18971315522548793
0.08795354927617427
-0.012701096639993859
-0.1446349359026251
0.05254249645965675
0.06553005049501492
-0.03442400822459968
-0.10484369339576927
-0.0046477475944969315
-0.11529475582823334
0.011357802689816843
-0.026279386271815364
0.0654489849511749
-0.14015004729336056
0.057914316125808385
0.03178892607265826
0.03501553423023468
0.11252787816865772
0.025970928012722216
0.0595723024206915
0.08967549346320469
0.08861907952108711
-0.18238957266006284
-0.05681023536517593
0.08339260125308912
0.01349949098889286
-0.03480852443562543
0.012573562598088506
0.02887577862629459
0.11148597915169162
-0.09724753386331342
-0.03523901165970533
-0.03261081061437687
0.0737181740950612
0.08165471344031067
-0.0018595530432247154
-0.08462027034630137
-0.023571435377727323
-0.07475028867627143
0.025427098812791926
-0.04022041650603003
-0.0043118661966145
0.0046672005475214
0.02300957536758713
-0.011588051119838627
-0.03478416374219362
-0.04814364217653788
-0.07334707461060197
0.023554423124928114
0.0028031096895692054
-0.0870142094603864
0.025432010344227762
0.06943285205820976
0.05481179504545114
0.08033232397231865
0.04237643073658348
-0.07897655725426322
0.1691137219816342
0.03421723766178697
0.0700717326714313
0.017269146708355554
-0.22172372605005675
-0.07944117111218663
0.003166182096811354
0.03871621119759694
0.05884715494044879
-0.10814028780369622
0.0437494055536749
0.0773004333981882
-0.027309162486970573
-0.01508456301119876
-0.07644980394229084
-0.010290831828375757
-0.039148168358839164
-0.07278772163495817
-0.05510387780427739
0.08729747984132141
-0.0068689350454425036
-0.12156940341517142
0.04832955530272043
-0.013537761108117219
0.056083640915378485
0.007208326952388988
0.09337296308653698
-0.0036210531596895246
0.008437737101483433
-0.03761245697717952
0.01264966734428763
-0.00836945499829056
0.12745100673245607
-0.02521364812075
0.07335421136478715
-0.05487524564643187
-0.03771876992985823
0.009646830170702725
0.06340953701231367
0.05619271609793891
0.020553584408060266
-0.0781533994705298
0.11471184246809113
0.04816302288314489
0.00644200619398011
0.12246272860986979
-0.047689452400631716
0.028163423913951713
0.09226874534392737
0.02047589560494706
0.01614270347120328
-0.007887481072148872
3.931720646521697e-05
0.0790479661469562
-0.01647702207704771
-0.019326694416646806
-0.04225049089206445
0.04727317668843328
-0.00977988489608339
-0.0028148225447127695
0.05186476284405017
-0.028824945002701274
0.0324018219115052
-0.013477617466838954
0.086184611794839
-0.08291780409743921
-0.03677991216667287
0.07056106737199769
0.05137922241933407
-0.004290023538604193
-0.057659010248680254
0.020269614319199325
-0.03326155265983477
-0.04066275527727803
-0.0893132823155981
0.08079254178107714
0.06117386377754447
-0.11732801079463173
0.07977544497620931
0.07470521137124331
0.04866234906720568
0.02924523294833914
0.01741885348373079
0.10885013792192294
0.011218365146953402
0.044709111812566205
0.0013897304579448821
-0.022087203029789837
-0.03975480984180091
0.03601833291601042
-0.019939632714686795
0.0891356542462059
-0.01677522608326476
0.11324063211373508
-0.08099253722999733
0.06017031167226672
0.08345448544037148
0.02976845843033743
0.008679867498171345
0.08908538925971388
0.008768817699308151
0.032093501963296966
-0.044897945746465884
0.015797962131510246
0.044114233764314115
-0.08400897462621915
-0.039049358278135715
0.05516987450975669
-0.012407699105068337
0.025504765335811252
0.09824185469801311
0.06019236903496877
0.03476267799585192
-0.058769434164474
0.023377616645726018
0.05843051879879485
-0.0015246486282836091
0.038157125708701
-0.12546233978723653
-0.03543529034471937
0.05597508708208093
-0.023629158913262338
0.10032670103630686
0.038043498820474086
-0.01655443935786427
0.03148427648327806
0.06712662654697238
0.08262515253695502
-0.04062312325723749
0.10840120412459697
0.021911814103696414
-0.005324504494460425
0.009706139071873399
-0.08606946578074459
-0.025105237350699805
0.07308540664555102
-0.08352751563848004
0.10780949565758757
-0.016997776686656363
-0.08798035251741398
-0.09462463410719035
0.04194319868928981
0.024995920262084415
0.004270695946137826
0.03757119413717025
-0.01721879466365528
-0.03794100904525621
0.024791242048074202
-0.11840225292850226
-0.01310361051939446
0.045912141635609416
0.031838559586949255
-0.04226094754251797
-0.05580375306026486
-0.018624462882251724
-0.12165876506970186
-0.013074359191720175
-0.03641718813994721
0.058638431438203964
-0.044572534636926786
-0.01717777373796603
0.03579573808742453
0.11921005601487533
-0.019453880528081946
0.041755198173084485
0.010915615728555816
0.08342325032078596
-0.21644310084843543
-0.0429486187681265
-0.020675781139523952
0.0020528224157169705
0.04446034170986807
-0.06704471064516038
0.0010329546011432211
0.06615655160521883
0.05181433188211243
0.028438124602997827
0.02439793025080106
0.026700418345834864
-0.07389716677981983
-0.15671802938864243
-0.004803706770072469
0.0518876607689594
0.07781783013310295
0.12570632393108705
-0.0824029399625491
-0.13641942002169094
-0.04569030732522594
0.00885108005390206
0.0030930816917382753
-0.07803529558538291
0.04398548304817601
0.11134584241132284
0.07164165527599597
0.029070017783802193
-0.1098482484070159
-0.02903196206411418
-0.07335863561808731
-0.17383485715381386
-0.008370205578635659
-0.14118858714618132
-0.0057542132142716085
0.09139183101781462
-0.010846964217185118
0.0877958546774869
0.09586875213655305
0.029372042231022355
0.009109404566008616
0.022630606343705173
0.07617293623896726
-0.0875923470486707
-0.0237770129726802
0.0375922079471685
0.06079114418559789
-0.11459719871366347
0.051430771683584287
0.030801989634094806
-0.26191824493421834
-0.10249571789435652
0.04321755798872895
0.0360854537514857
-0.09476834040926752
-0.09364005797630215
0.0627608310174727
0.06063379181235157
-0.2010858142912737
-0.0012059051704318424
0.13556674651356848
-0.013654602536018023
0.004117024925102963
0.022547050893976184
-0.024584568235153204
-0.01716298055293597
-0.02425765075120223
0.037198925584284115
-0.1164270635882304
-0.12519965729012683
-0.12784697475408935
-0.08217161830291064
-0.11558222861885115
-0.01733747228005522
-0.09969521263565984
0.036725418150336975
-0.021146580428016093
-0.17100422529233517
0.09148868332745985
0.06620154612965695
0.038211469293967626
-0.1368691739964717
0.0038774782290555976
0.1071180231361088
-0.0005555150256457697
0.07715584958033622
-0.017638033476346182
0.07127078815533966
-0.047823515919699466
-0.009960312144687289
-0.008934980737899445
-0.16767683007013956
-0.04426597449441094
-0.16246207962445436
-0.036965902630092584
0.06784676464893585
0.006657763045057663
0.18920453499231338
-0.10805237062856021
-0.12654465122399394
0.07765354756579046
0.04782416165353626
-0.09010564660017917
-0.0013808100969835424
-0.0952837532820121
0.0862869471161879
0.015468156977049952
0.10501351083085841
0.10677556293780138
-0.014835410747116029
-0.03473728586676017
0.0858794097933111
0.031563264817973724
0.012028392395962817
-0.174033193780761
0.034495240667085314
0.03435002847496077
-0.1623415243172518
0.10566146671660226
0.04109464090741022
-0.06631956485667467
-0.12953206240834647
-0.11218560194404148
-0.04780338545244878
-0.006168378056069179
0.035818132955233506
-0.007996825360340853
0.05705762613111054
-0.11007134657122086
0.027910608851487162
-0.1046841706529742
-0.039419417866835005
0.09640327804089732
0.005779990017726444
-0.0337192185923989
0.054195497265360215
0.07284359563478288
-0.08349406277349891
-0.004172945191398214
-0.052821205366891055
-0.16616810366776402
-0.028091688199844644
0.11679827784694535
-0.03003610490827313
-0.03671962039868393
0.0628419033809246
-0.11855790720953996
0.1280051735630945
0.028784632537759924
0.10648078813569573
-0.1359287291833131
-0.07517282451834084
0.02761115410592152
0.07507129074135582
0.019820145558960278
0.0915437050545399
0.09404191142792812
0.07756249356144823
0.10300216563181963
-0.016747957279407588
0.03568173303755667
-0.08749583021067608
-0.07364524454293853
0.13906360620848862
0.04248733753308076
-0.023550360903711542
-0.1301307130337661
0.006299201562626644
0.07034230687261778
-0.06574611119797025
-0.04165827603616967
0.06250992376688574
-0.07751396157171142
-0.1625662194741564
0.009844597852481207
-0.025806595069845617
0.11987418341168682
-0.1371939465096763
0.1561757491237858
-0.28971385270401573
0.06249977750208807
0.04524976572688555
-0.010456266536752468
0.023684727277241857
0.15064691900932403
0.0738538899712271
-0.02201136456376418
0.009597774546647342
0.08681386633059462
-0.0008177258561451461
-0.03683462731172604
-0.07281920216947746
0.06108815210794144
0.07301142233809593
0.12693198371672298
0.006403859310976645
0.07466726180558908
-0.018685914431924022
0.038945505502541444
0.05220452860232955
0.02640699262417684
-0.06655584592015573
0.08457860668047962
0.05777011932989656
-0.22425796147243637
0.08067913039998148
0.10154382732719691
0.0914747515742616
-0.11686047722121529
-0.14718147057528774
-0.11053782036274906
-0.04803460335115273
0.009669989083783082
0.08020957801296164
-0.030656622849328907
-0.18124590291574783
-0.10124903371098282
0.0449887828508741
0.11700501287704301
0.02784224761515186
-0.04168940703876545
-0.00267157709440502
0.012578659766950995
0.03181015308841251
0.16177965204684658
0.12044866540922683
-0.014250893907646667
0.10754171929904471
-0.0034822943424919206
0.05748401723261193
-0.20950054441486676
0.01989452318842072
0.06061179150600493
-0.011353043604417357
-0.04134124899666525
-0.23358622739400237
0.10453742212815986
0.03835532705129385
0.0405955429083823
0.11378257873160369
0.16054717014592063
-0.005863037971981511
-0.016001999940887912
0.00755388356390585
-0.003373450705352221
0.08394534221640154
0.011034373028049826
0.010696315534891587
0.1344857324090768
-0.0163397211878491
0.025495001055893585
0.09820490591697828
0.09166431914281331
0.11774867420068225
0.022290254018295097
-0.09125713826691817
-0.03887796485355777
0.03134534721416965
0.041767076704897266
-0.019746450045453168
0.047544861968464414
0.10635305972572101
0.035875309797492205
0.05556443518182724
-0.03165494966544746
-0.16773345501273618
-0.029934482513830574
-0.04742639807900695
-0.05037807849484144
0.011561586879121066
-0.05294442420731349
-0.018848832423750794
0.07133570687765728
0.0056307653647748035
0.08381610741986495
-0.13301796540000854
0.02408187300374509
-0.09241563719667556
0.010932189981607832
-0.01567946131789466
-0.08455298130121447
0.047178679689929004
0.014040389414777643
0.023054602308533567
0.059281075858625853
0.0937073298728151
-0.005666792262019271
-0.004633146842154101
0.05109401832827665
0.01164414077265774
-0.03422775684226198
0.04219247600977155
-0.024934140477336997
0.10450332029178144
-0.01915035131363574
0.09540413749145804
-0.04404234019503783
0.010881376585484215
-0.036355236048365325
-0.06575654879288662
0.04569473088417869
0.05552020025773635
-0.07227920773454377
0.06245069765859412
-0.07366783758599149
0.010392879708590153
-0.02947511160743177
0.14009661389467587
-0.07458994795088869
0.09663927853029552
0.03643221649831352
0.014099650489455273
0.08149693372383088
0.01784127820459469
-0.017923183818099875
-0.0284615489763127
0.04524732356315425
0.005802214220422763
0.03002721359838567
-0.13258158839375744
-0.0745594515371093
-0.014544891866958842
-0.031016430262521988
0.0808846724337482
0.02394675079127473
-0.03654279885428213
0.02406166875694138
-0.05790334721121104
-0.057180145992504317
0.04302375491063487
0.12013356639618039
0.057093095965888796
0.02820050243850175
0.01802004921687944
-0.01025469249714095
0.005446033795445782
-0.09146392534345982
-0.08652979914879877
-0.016549554246430342
0.008094146273942615
-0.060366248107667
0.03666365313022685
-0.08641313207382162
-0.0741778590242097
0.03370356237152361
0.060437533770176355
0.007702203073130631
-0.004049494586651936
0.1098557699935635
0.07786989991578191
-0.03451262864350013
0.06538903671036445
0.1077376475382022
0.11021037707456277
-0.134420860163303
-0.03495466311894413
-0.1082928166252668
0.13602175377125558
-0.04852960656687744
-0.0005106606666538394
0.06519684965903472
-0.039613294535941646
-0.017122578432137603
-0.06401535816747961
0.03704597690641659
0.00018477580015230366
0.026278563677359867
0.08356580229672156
0.08437599626965048
-0.06095947441944616
-0.06612469934198151
-0.029818290666916436
-0.006268174959761397
0.033072791328909557
-0.1828155741619374
-0.20316891126253123
0.10291548218946528
-0.06116293893278735
-0.005247313571815182
-0.0005306976811932929
-0.13374579721323798
-0.09096669970908422
0.06777794495916445
-0.08751748596105713
0.03303090426064581
-0.09234669901452786
-0.00819195731827338
0.13950029652571055
0.07821399663773781
0.13092409345332678
0.14617592244297134
-0.0887813083769825
0.06271703579752635
0.08335814354416798
-0.07346427173577597
-0.01582829097750149
0.027814756793519246
0.1296541089838763
-0.01247557181975878
-0.027226297557422563
-0.12871939181553094
0.0013635064272874975
-0.03696391436912361
-0.015366326890365545
-0.07204016719113548
0.05210223268979369
-0.10131134060630054
0.014010836916870495
0.08671504033964528
0.06244718395540738
-0.19146776185656578
0.004852439043854573
-0.07572958210995373
-0.013777725975059774
0.05244658573218697
-0.14474194808079632
-0.04051408862599415
-0.062308017056994514
0.06271832475155165
0.065193797493524
0.0056603505877648175
0.016627850247835585
-0.09911467140015284
0.004361657352172699
0.050021000255265846
-0.0989110288560181
-0.041076716755520604
0.02428719163328724
-0.008206195175310405
0.07103420235163227
-0.10782792487997117
0.09165475271584905
-0.11075293435865163
0.012701934203129595
0.09297179049251603
0.054858571410031365
0.05812304689605258
0.03639509806530178
0.054540443006989625
-0.024820607841528064
-0.0358826022447476
-0.06567511074399568
0.043115140338457814
0.057047684108293306
0.047810886907361905
-0.05429813807966466
0.03553516815477992
0.0848690749188657
0.054290111272854935
-0.0021811989817557276
0.15994191208389064
-0.03798860283754235
0.11414920605286438
-0.06046798838368428
0.13111683028670396
0.0355816543110255
-0.0806182080471759
-0.03066827394995153
0.13680415015793246
0.02257935800712707
0.03742618885195609
0.00786130073754554
-0.07428449375328372
-0.025026273480142303
0.10436972640867498
-0.004055108067966939
0.06933780544766899
-0.019350724666064245
-0.024309037796216404
-0.025194190738042077
0.11454550106625006
-0.008032280655112967
0.03726289969249297
-0.03669006144465625
-0.016286004583781266
-0.023999498285232956
-0.10236195013803251
-0.15333872787541014
-0.024518381290705382
-0.03086052590141397
0.018642686068008674
-0.08751674453211
0.15234691755590446
-0.02727199192398655
0.018530961001535895
-0.1144403193447826
-0.03502334832482368
0.1200477651878547
-0.12765563324790163
0.006928633520335015
0.031198823309403045
0.05805976111038491
-0.04200872263961619
-0.05169092264263431
0.111405958861299
0.006743921423320087
-0.09639235624991582
-0.10735592017159357
-0.10811065873827075
-0.012794948007153195
-0.01939566932066905
-0.03428450324038812
0.02474517055289599
0.042527467650714246
0.026764443421546213
-0.022910009407978715
0.11633350286477057
-0.03601962152779503
0.015087821989962169
-0.33568638205545687
-0.036059763460083216
-0.024444307834394885
0.1272862976837677
0.07862456387759653
0.21066089467110838
0.00919827277502061
0.017745981936978295
-0.031967454336710555
0.02843181242209286
-0.014227793814133638
-0.0660641283667982
0.015270425785799902
0.032833908088448494
0.017574975806264548
0.04864465215426095
0.11047774441206987
-0.01994451285508636
0.08636538081579725
-0.10846141895605355
-0.07184445107603898
-0.0006194907600839406
-0.026938748297551496
0.12626687615363058
-0.08179621388228597
-0.06124264189440798
-0.04753151278328971
0.054895311464016106
-0.03177640681960714
-0.016819125603747542
-0.19236435615923198
-0.05362018443366323
-0.09553157053264405
-0.08975687269845611
-0.08313506751781352
-0.03454666206465973
0.012124494657255958
0.08322884538238307
0.033082450773389505
-0.12650008305257565
-0.04904652482557803
0.03856592242143142
0.022814532704826918
0.06789045066611188
-0.24065622524007613
0.06394141638843492
0.014391620460912247
-0.13413671880443567
-0.09136344185814527
-0.05725792718621703
-0.06608664501779515
-0.02355712324683623
0.015033504292170818
-0.14717456380807137
0.06458795892127078
-0.00040352725311798565
0.0236871857637469
0.014241054146722554
-0.04386269286593203
0.07490606610425948
0.0023960151844691358
-0.0648376470097215
-0.03028271253523296
-0.0795575466647298
0.032971085383219634
-0.20243048657794738
-0.14995011252070234
0.07134873798640023
-0.047874110067400166
0.05344545492648012
0.08061206066461957
-0.009469908270654082
-0.013927357378252792
-0.005868728485635244
-0.05727856195134284
-0.09598665302385678
-0.014848106969364228
-0.023152048144105986
0.13284067877039812
0.06283633321041504
-0.003635390048824294
0.0449644965313204
0.07324980705477901
0.0026286366467319633
-0.05571656129849567
0.07233143408053977
0.10623869651112583
0.07800748716916517
-0.09827900353221275
-0.043903801358445294
0.10469262669308965
0.10257974903288841
0.012649071034470383
0.03315227300959367
0.020250008950483456
0.03844568462773207
0.031694587693902876
-0.0020235377151042178
0.11990720888888279
0.06783841822869424
0.005781747242544266
0.0466120978500939
-0.09109063402276207
-0.05663001593982753
0.0018653719851782768
0.06793057675232245
0.055463938099167
-0.11588933414662095
-0.050942927496888446
-0.052336192508688706
0.027933219122732167
-0.03354695123628648
-0.02836425066046122
-0.17894158748259414
0.019555543145522603
0.012976752994172946
0.014227580208841073
0.011663321206424215
-0.024662864502398185
0.06226621258744364
0.013654722224977933
0.09406951222561438
-0.09764831537490903
-0.0018866672954682695
0.06459064968384193
-0.002237559297934233
-0.004029319323698655
-0.10158760263522548
0.05006744517133038
-0.06750621061922801
-0.03109869272428989
-0.0072788054133766655
0.08167342991289345
0.09088345479331172
0.030638477080451643
-0.0285330151337001
-0.009293149514467136
0.03483292704456803
-0.041722621748772726
0.11440660844981038
0.06075315716089824
0.0915179870386269
0.08825200575519887
0.004357817489671012
-0.037587330302209065
-0.007423334457727915
0.07596678838191989
0.0029232923578255132
0.06601298674625072
0.015239107690282083
0.030599276792174335
0.05112307843396463
-0.0524161327721111
0.011705227251069428
-0.03935150500028439
0.0012043979738048938
0.029094006160206298
0.02509829725129198
-0.004973870692394966
-0.05852247382426967
-0.06343861196207035
0.01900599447965018
-0.10402148090583485
-0.0044080014148152324
-0.13052688868410423
0.0865989007742437
-0.02508072738799083
-0.004059736942795378
-0.14837725789705392
0.0270451986026905
-0.0807327804149528
-0.006879728583567335
0.050763989980487034
0.059497940115921466
0.013974610108889507
0.0625909347917884
0.06464561820785891
-0.06052311385868936
0.07312656937675127
0.026377370868590877
-0.05087402589612822
-0.22329382950443744
-0.04282676340785463
0.1280432532026109
-0.1579110334292545
0.014228123591909836
0.05748397028437702
0.154767808758636
-0.20557295869561343
0.02004087232018792
-0.07192319808049097
-0.1782662232659602
0.11526420435534818
0.013381074515616043
0.0944628842587048
-0.014641326182419645
0.13458316713888913
0.05642003632181941
-0.01675316165149221
-0.010401012646175989
-0.02007400806873294
0.060786316963236886
0.031419053135272434
-0.007633071747747189
-0.013948882745572155
0.007187764330329582
0.03489689320028655
0.07308670110674265
0.10383633183679908
-0.02041717071440452
0.04251375561417875
-0.010936759656451578
-0.037398465824266536
-0.08444463679238767
-0.04372514479231682
0.013393827193174002
-0.03244330776874138
-0.017151977667358653
-0.09805514640331325
0.10562060478915769
0.018191954346210903
0.04374250393532969
0.1222265990631422
-0.02325151527357594
-0.010897768186996282
0.04247137559305891
0.003989391445435031
-0.093932218174551
0.057814336984229
0.0488725257611522
-0.13083104072304297
0.061990286245968695
-0.011366410725048182
-0.03073529623546223
-0.10586854724349648
-0.036997091439685104
-0.0031492727711585067
0.0068110228462705535
-0.13223880011759492
0.06891906226508454
0.04702509466416782
0.16292075952792529
-0.31542389955797345
0.03679833401462135
0.00640852313018192
-0.1737555238095032
0.030873928168676457
-0.015984546940942312
-0.02588476134073281
0.045050967810532694
-0.05159270005136796
-0.02523911791010558
0.07901730285703995
0.033954073432032494
0.024602328949145713
0.11887116256663738
-0.09023495412825744
-0.025347138810021264
0.02560893546374232
-0.029736881282050653
0.027777072426721228
0.02887373869256249
-0.31860837489702676
-0.10328085554008926
-0.15907554428138337
-0.04892534297297202
-0.026445036511741127
0.10073507012316829
0.08330523981969412
0.05927627957061571
-0.10121713810960109
0.09323183920927552
-0.08228682528192643
-0.010076184841196323
-0.06961400356676017
0.1595374981818669
0.15596824443089885
-0.1292807736810504
0.01423059417382394
0.017304636748029012
0.03407493923001759
-0.01453348469697624
-0.07579784809837664
0.10200072450014458
0.06851335787672919
-0.049287116099074435
-0.09503974007063576
0.0007823288615027013
0.09985084606061789
-0.1285852492137075
0.04132639995653564
-0.03113111619723874
-0.2174282264613394
0.006353806621474278
0.056780561188089496
-0.03709858466947813
0.004814881190851605
0.2076331174269463
-0.005843326143554428
0.06452010448951145
0.06342300922596644
-0.19854506304345276
-0.02917024083296116
0.019228854896909675
-0.050070784928439416
0.022360863303389933
0.07911404314038883
-0.07317013156659202
-0.011537517474917491
-0.16066791768419364
-0.12377346579172888
-0.07922788867603514
-0.011770501072329465
-0.04250982033366835
-0.006763293113562274
-0.012482076190470703
0.09654581891824254
-0.01341025769227766
0.0004120943748247563
0.002909193034118296
-0.031391562658882655
-0.04956226258252494
-0.05030285734461459
-0.11677782124963698
0.05051648427705324
-0.03660802217818382
-0.0704582240256797
-0.08333314899920474
-0.09623669551096525
-0.06487398616154338
-0.009610107103388721
0.057220620291681346
-0.06207435283678853
-0.2594346864313257
-0.14391577013970602
0.058150946672181736
-0.06990900459047766
-0.06861449466236968
0.08960923319222502
-0.009354242135158342
-0.016730655051030663
-0.032446980217402555
0.15382078865015858
0.1151412103818325
-0.012219075125884493
-0.021436458830430327
0.017042715056157065
-0.008486159192714338
0.029225541773471697
-0.18015007961578589
-0.032523413399352274
0.0321995100027746
0.07939954563000817
-0.03640638084383674
0.0462981021223427
-0.07907894567254337
-0.24146286430722752
0.08087413455356357
-0.015659164845557627
0.07416385286307031
-0.10306747969790153
0.14624818466879053
-0.016230980278821527
0.04200155565152558
0.13654077992845226
0.06708476224836313
0.03649434720860367
-0.008748053115169241
0.081619119667242
-0.15799014006285994
-0.021151445155907833
0.0930020951774802
0.017498529446661082
0.0763805116884016
-0.013820870701526933
-0.004667463471444866
0.078972348003915
0.03824846278920058
0.0027010085707784293
-0.045392684645002346
0.052970848894234424
0.11675086768124737
-0.05029216311086282
-0.05212094248348553
0.005808433268221336
-0.10635859497826117
0.016902591885033125
0.01652515131427512
-0.002391059732488099
-0.03458382884130229
-0.039338707224447655
-0.07440447286264684
-0.04001507334374854
-0.0758543149694878
0.08482677909495029
-0.016085735135215384
0.01055543662481545
-0.008599076418821738
-0.03113479468682956
0.014931286303658642
0.06182030088249363
-0.11893451342604522
-0.035714173951649
-0.06896309168818882
-0.02995769701859652
0.1416930555455802
0.07064832622148143
-0.017898368180423896
-0.2690069785825262
-0.11056992580417568
-0.09230754431732968
-0.09037189240559329
0.009263425700531736
-0.2868122241913931
0.029935895721246386
0.10924393432642437
-0.06926028982146626
0.11572706764342588
-0.04033692546465617
-0.03671561044380722
-0.05975863450069485
-0.33802332036362714
-0.044408090874124895
0.08063320542849745
-0.14884644220023013
0.06122728526871779
0.06942214314094969
0.1383718800299108
0.06538885424305135
0.07766851294604227
0.09838474936391234
-0.11846149007631102
0.09652753385695112
-0.018231531820556923
0.07704743227343064
0.030705772251595764
-0.1971486605716709
0.09053793860335102
-0.030357106856708005
-0.007312064340707414
0.10522130181774392
0.026076468661678953
-0.05588581939752413
-0.0539928690962288
0.05029015561864009
-0.065723336057679
0.02034964279171686
0.033516306391767725
0.013768957845255003
-0.173337697594375
0.02842414446958963
0.02711445896671366
0.008080237456860873
-0.1558621362817011
0.06988162186273783
0.06688336958604069
0.028815216345570438
0.0943933161684441
0.08034926146329918
0.0413046543052199
-0.009961230000179344
0.03830713940399649
0.02798676876594408
-0.06292111572239112
-0.11874212405120843
-0.046043435222998474
0.05970913087452906
0.0443591040791107
0.014837652551485947
0.044604403442808915
0.02886713493569726
-0.006324017829432371
-0.043701702437639156
-0.09650353442887905
-0.10691911145706978
-0.010603518766955311
0.016460000825002985
0.08505698430253705
-0.1638561145625076
0.005389538812731243
-0.03020051042326355
0.08872921751823082
-0.3426391739637582
-0.022919725301887572
-0.03203370144249762
0.18926530532952157
0.04417270783968269
-0.056078221368324854
0.0024814104708146267
0.009574308187211389
-0.0024793438009774738
0.05236241340865333
-0.1373939980039124
-0.04031682075352616
0.10985711891859118
0.06737679866292334
0.12488065167541096
0.11700254617673966
0.07863840338006922
-0.039231305517662074
0.017971221557073536
0.014621578904993382
-0.038754506487076124
0.006185359059285633
-0.035637856384631794
0.030436240768789646
-0.01797626835871502
-0.01713641465565663
-0.07018102406046667
0.08352495089834777
0.12191768689624033
0.12121337615617417
-0.12482056447645296
0.08944389336668296
-0.016623072331062527
-0.28824294196249056
0.016632565947773903
-0.024047126644540895
-0.11581402914110794
0.1372388439797781
0.04111633106823903
-0.05711770512892533
-0.272877261093733
0.02342271013032604
-0.007381326081580597
0.042316009457968984
0.005859394475602908
0.07486858855558282
0.1130848278756707
-0.04621562159114523
0.06292868857120582
0.023176192758421865
0.05539684632706987
0.11529701303250584
0.15394487357922626
-0.02586031986310322
0.03869615578452518
-0.0864092367389071
0.035122840440317715
-0.01459032474930344
0.04625982090937836
0.10716789646309638
-0.0608125854723488
0.04932283242621793
-0.011686439657105696
-0.15921163398103855
-0.05325474097602112
0.0707663799652819
0.09440488839281524
0.004340591815427952
-0.09228117612370501
-0.09290517427199141
-0.09348117866950356
0.110560378675853
0.011697177590624108
0.07711120651306252
-0.023453977724353314
0.00447862932722215
-0.08423370265796548
0.04286874489642717
0.03643372457441413
-0.002288362116979137
-0.024435382605215827
0.08978797080672918
0.010489455727714647
0.010770896516197448
0.1438962615046781
-0.03323949486552458
0.13767078718399262
0.03980785896432615
0.04167901207620084
-0.1307412665219746
0.06316556656226702
0.045119307171699985
-0.0002672882467181781
-0.11272364367175147
-0.07939521369329916
-0.16736365408180165
0.08944538323241968
0.11343092234852126
0.050346691296631496
-0.053657972227013184
0.024816496932118404
-0.06135191117367633
-0.027081673207532186
0.07622199010261782
-0.016719257549132838
-0.05121645676561104
-0.18046869143268796
-0.09004010453128342
0.028853157840692145
-0.03149097142100854
0.013545685503787264
0.09801694361301072
-0.023511929222892913
-0.017741904043144574
-0.1421659324178448
-0.07181165808345158
0.030658179507992545
0.08707281750733198
0.054200362278745084
0.09468534811906326
0.03477324414100741
0.04749756101892472
0.1119231790581432
-0.001659342393022567
-0.057041167522471126
-0.019796651259308518
0.020466528610913914
0.061754699007705915
-0.18246215578311475
-0.02063601824820971
0.10586580951238417
-0.052563667621742693
-0.0661621861151045
0.05156797958028764
-0.03375180446283632
0.02614630009069746
-0.020962048687876433
0.10125580920788202
-0.11437159311052991
-0.05310363377019578
-0.10865920146443697
0.0693571047373745
-0.03578343194463396
-0.08637343262053487
0.04458777893656635
0.023806083667169686
-0.06226915860445614
0.007634748236099109
0.06761639492655847
0.06760137738756206
0.007032346849601301
0.01248546121814581
-0.02837103628523685
0.08721858601916144
-0.23024819802592256
-0.08724023364948819
-0.06107151167094094
0.1103575637799038
-0.02238496076955876
0.05537002770744953
-0.011840550969032804
0.08205980525089668
0.0900141297834029
0.05455451394097677
0.043030718718029215
-0.00010207202764633827
-0.056157841151532994
0.072751430269618
0.07822365604386672
0.009671419043910612
0.05500301436382721
-0.00847039949883921
0.12313184548097406
-0.032400422570220466
0.005289635845386387
-0.08571702552636173
-0.027060120385200448
-0.0943653732647014
0.020798835392979664
-0.052389322610830846
0.0998724423794175
0.05155079411593527
0.07424235973640542
0.005045821656642302
0.046137822677866536
0.04058488740998811
0.02225969155021068
0.03375200125419886
-0.011478950246862851
0.06718258319373188
-0.0519299331991776
-0.28414021302876546
-0.05964854197281522
-0.08720314369733129
0.045716697077510915
0.022962164177687316
0.0689128882735986
0.06952042590330876
0.06798999076614942
-0.04525348167974241
-0.07327560747451078
-0.0147662549785742
0.08389800056746599
0.11935882632706124
-0.0029853652253453156
0.014108907218047528
-0.04164371146641932
-0.005734499997764986
-0.11148781017920184
-0.0014287286524161669
0.1060797333807218
-0.05887513425997215
-0.12042089553411395
0.13682550834894958
0.08733473952443993
0.1080287646571036
0.13148826051635853
-0.1728101452735571
0.1125795937503854
0.01564811246792369
-0.07724993749587894
-0.1309434211447007
0.08258861473100543
0.09480975620350784
-0.04984358357414087
-0.3162126336865977
-0.04276315903782579
0.04282368251378332
-0.0829916777293992
0.03067158510507889
0.07772561747723167
0.0059711165188851
-0.08655485093113224
-0.0044977066951282785
-0.03364390156862174
0.0931153182528065
-0.04156854790416864
-0.25661862877212605
0.10176637661631655
-0.12430449169924074
0.027609326104499454
-0.009595096769584366
-0.02253036615900561
-0.10005211212085541
-0.028732374005353556
0.09156662172649155
0.01258793508968653
0.1280064412494923
-0.24939220775621718
-0.20060720458546832
-0.009778459146668639
0.006605774692721389
0.08381488708024515
-0.2685749490918028
0.0743381480090633
0.033841540066770925
0.020926141033887125
0.005689727606154882
-0.13333225487610745
-0.13766230884684494
-0.1567815966820595
0.07511366561675942
0.10199460651869668
-0.0872215420284993
0.011644713023811815
-0.2298591333830663
-0.024866000918710607
-0.005435286931077199
-0.25704594348350196
-0.04433613596584107
0.0325086485267429
0.16906491683646724
0.08993931723746618
-0.11362821160439285
-0.008093640183322481
0.14852510538490732
-0.12350045868646975
-0.01622007084105559
-0.11729362785489073
0.0526030959350588
0.012215963190263246
0.03990473848410492
-0.14971975053470443
0.024675398863626075
-0.03556909504067196
0.17790703510604117
-0.04065578240866308
0.049292536813531296
-0.041185409666086636
0.004435241894383379
-0.10281911104601982
0.0146097343182231
-0.025438358700884733
0.05386439191983511
0.07896912080879204
-0.13022492935334673
0.030894255540192095
0.16779820468186218
0.10454150891209424
-0.14278956620545125
0.019277801910392856
0.024603100051874438
-0.02409485116325416
-0.1597288413679674
0.0723629494009933
0.11520354006623795
-0.0791921086870967
0.044738170877052896
-0.024882575635833848
-0.052633627521659676
0.11659766754926659
-0.06586388173469904
0.01042688642083417
0.0974564643222276
-0.03271334492622924
0.00014241215374682925
0.06775407206355155
