0.03238767009932983
0.0317268915824117
0.02961278921865734
0.028476907361951565
0.027822902730656192
0.02866157338749881
0.03077777701760271
0.033554181323113205
0.03757857290026493
0.042669199273048596
0.0484041251347287
0.05499494478551503
0.06229296925751144
0.0699882406328769
0.07718274819469521
0.08350861017915523
0.08966697196869708
0.09578815281124811
0.10215199011438852
0.10845198435013931
0.1145104069438247
0.12056811609909811
0.1266259112869254
0.1323305291124452
0.13792576975802426
0.14365870666364286
0.1493608409498619
0.15487430604912497
0.1605481794986753
0.16580521454661043
0.1709152428258047
0.1763694716562602
0.1817786095117763
0.18695943480904034
0.19204908131835785
0.1969996139884854
0.2019350881896183
0.2073727638307009
0.212944337091701
0.21866248269144453
0.22438513134490767
0.2301455222638673
0.23592493421808877
0.24208524680872945
0.2480556009272125
0.25407544154522826
0.2601778727339023
0.26632337433607256
0.2726968135134255
0.2792413292064331
0.2856587005989439
0.29207461420426906
0.2982342485979812
0.3050339208133519
0.31185898595506817
0.31886466172732936
0.32581130262791935
0.33248681695217275
0.33925412265715893
0.34603701617985744
0.3525666420923789
0.35942080605682697
0.36643804450798667
0.37323296073951945
0.38030763184675387
0.38706903424309064
0.393268804357903
0.3997138811291752
0.40522266953193214
0.41061731836939497
0.4169643176833882
0.42288907360368366
0.4293856444226896
0.4350951854545953
0.44064961830386584
0.4464572718490078
0.4534667587430831
0.4613779125850485
0.46877384787262955
0.4754240112356989
0.4821846075354419
0.4886627426874058
0.4950051677244075
0.5017987591317437
0.5087642037894913
0.5155846208558111
0.5234317224742655
0.5320239546652535
0.5403922660482614
0.5489385665723094
0.5576851031458563
0.5662061895369274
0.5758385790130115
0.5850397009732061
0.5942150899191239
0.6036814374529692
0.6115551452815831
0.6196237729690138
0.6277806457745142
0.635396695561716
0.6418621966374108
0.6469815470873743
0.6518675609130988
0.6573468658808127
0.6618014220039329
0.6660322132533416
0.6701860507042194
0.6741831455712632
0.6780554889419456
0.6822647492143392
0.6863053073227626
0.6904018641400258
0.6944073075443937
0.6987501833750704
0.7032731550514244
0.7074787236167542
0.7124085319019984
0.7164835409594407
0.7207608236679178
0.7246454521086495
0.7287541834535624
0.7333172854036243
0.7386958256670233
0.7441891307287861
0.7505125762583393
0.7563856856766411
0.7616322950803023
0.7665409107815082
0.7715423558606554
0.7760650085532406
0.7800882593522916
0.7835648045727329
0.7856914935949507
0.7870937396492539
0.7884715561427112
0.7902926682876682
0.7918223092012182
0.7934307645235368
0.7943129313604389
0.7953937186296276
0.7960993890458284
0.7970165002261146
0.7977487406480432
0.7973843126569584
0.796407673553448
0.7956861312457412
0.7945422461751083
0.7932136819638363
0.7925137091566521
0.7924836059300163
0.7925135580583107
0.7924129727416687
0.7923370646368675
0.7923847416837719
0.7919539027622599
0.7914344347379826
0.7906742701478023
0.7900278663988884
0.7889998220774742
0.7879017668725269
0.7874618798299554
0.7859678180273112
0.7836295686743269
0.7815049959906379
0.7789550961510912
0.776917702862795
0.7749970108523878
0.7729402101890303
0.7715567514704915
0.7728525466946865
0.7732149688539014
0.7743323261202956
0.7754053037548446
0.7767878405802345
0.7788590842878524
0.7812832588902202
0.7844564573867447
0.7856597479793148
0.785950088115004
0.785822319539884
0.7861368885402769
0.7862816602076763
0.7868938471363591
0.7880614989923457
0.79016094935472
0.791204355929428
0.7927771585887147
0.7951798619041083
0.7968631973035954
0.7985348021440215
0.8001991161921216
0.8011684539790781
0.8029367065152223
0.8040155120757178
0.8045454942301091
0.8054715893411174
0.8053477573708103
0.8057887239008192
0.8060448158905908
0.8058227811472553
0.8057712449087987
0.8054332366789119
0.8074037212109426
0.8095008489474725
0.8115470901911115
0.8135808562750532
0.8157056549539997
0.8177133282963913
0.8189981899641169
0.8194215901657779
0.8183001135291901
0.8172801210530071
0.8157053095878016
0.8140359941510964
0.8114429670466371
0.806216058387103
0.801905755122441
0.797586681595022
0.7925557220218344
0.7885128572510082
0.7850537367419916
0.7828923303911894
0.7809258240519482
0.7780327469819315
0.7753876407342569
0.775347739578731
0.774642835753814
0.7744634984350908
0.7749421725714034
0.7749858192334114
0.7760825407641075
0.7777731864851503
0.7801767742474097
0.7822617169430914
0.7807025458202711
0.7796970955034916
0.7770653859766773
0.7747813431241506
0.7738489462616759
0.7714840835485772
0.7702781082973789
0.7704838486692308
0.7713532155480121
0.7723067960689239
0.7736500096480136
0.7755348327428322
0.775269053072092
0.77410542283114
0.7711112157458728
0.7695070769632805
0.7685692932846525
0.7672650679854015
0.7666109246222903
0.7660376874244664
0.7654076956385026
0.7636075230361044
0.7635222161048052
0.7644242981450755
0.767006945105752
0.7685846859402483
0.7698756565351552
0.7705207680919625
0.7720569502701411
0.770996997194537
0.769597490362886
0.7687945806435675
0.7684489775010854
0.7687864891309789
0.7699105153265322
0.7725444934953634
0.7747848358282762
0.777836485196693
0.779987772110064
0.7814636954568673
0.7818861687159505
0.7828697648290565
0.7829834057097936
0.7829580402719771
0.7829228610955847
0.782930595196253
0.7838097605280925
0.7847199410508756
0.7858842917763794
0.7871158989748356
0.7866458649817176
0.7857616000495932
0.7854668334126631
0.7857994466476685
0.785452693689386
0.7846647898608146
0.78333361151612
0.7825054495339453
0.7816102689800558
0.7816654573575339
0.7808894699313792
0.7783579072444435
0.7768982783954079
0.7744567374386289
0.7712757291969451
0.7686788823085199
0.766199718093018
0.7645860997461907
0.764262610986913
0.7658016679442524
0.7680918801763268
0.7713723517941894
0.7754177332926738
0.7795282717393018
0.7834559178165776
0.7870640550470142
0.7888123887917001
0.7909118332570224
0.792154644335139
0.7924320503673788
0.7925823141589491
0.7936604196978725
0.7951436049465135
0.7965157636601258
0.7973717155610784
0.7971720438306652
0.7967258367472448
0.7977332770071519
0.7983469137786573
0.7993454576148032
0.8008511777454125
0.8019841986028365
0.8031737220228073
0.8041540053033015
0.8040751014560651
0.8026648195468967
0.8011492152130463
0.7971162512304385
0.7923567742351234
0.7872916978292617
0.7827712790544763
0.7793287051016248
0.7771390425878834
0.7773774623729719
0.778476451415332
0.7792725594150459
0.7786942027300032
0.776791435330165
0.7756222103841324
0.7748364595193672
0.7745134891396935
0.7728941984825712
0.7696986807800719
0.7677225333381367
0.7656126302156239
0.7645107103063385
0.7647425762106355
0.7650537219021527
0.766229809904347
0.7679489325681856
0.7691001411167668
0.7693728324415482
0.7703140384741295
0.7703888167481269
0.7703367611297842
0.7699469325037916
0.7696201113295897
0.769851248887963
0.7709668286579349
0.7723173435630961
0.774391519124518
0.7754485772485347
0.776831829273771
0.7782134221305326
0.7794865564557022
0.7804186167279448
0.7805863491649074
0.7818137328434334
0.7835317862280695
0.7854380157404769
0.7875979934500253
0.7898729563383977
0.7921298280667753
0.7946042232372635
0.797398884581903
0.8007981482375399
0.8036923098079939
0.806411333309612
0.8082282569170799
0.810010471507059
0.8103379459349919
0.8093894772077797
0.8075020458825954
0.8053269549764552
0.8018006548766061
0.7979873011256065
0.7947400276047611
0.7917715069655207
0.7884768735288449
0.7861964996435168
0.784149278087029
0.7830775506142958
0.7833170469439086
0.7842892945491711
0.7846375996250982
0.7845683912314595
0.7842810963858237
0.7827031850559147
0.781538970319106
0.7808423521611194
0.7802112272798029
0.7790022669252511
0.7779515073356916
0.7767823885399292
0.7750213619730999
0.772301517149958
0.7715634977584024
0.7704927411545921
0.7676123566402813
0.7656819031825154
0.7652485329867568
0.7653650966749829
0.7656376753818308
0.7643389235155899
0.76352187761113
0.7630666959952972
0.7621312516762736
0.7607342266265862
0.7592131623425623
0.7582473336407738
0.7568687345616221
0.7536229368291046
0.7503421448075723
0.7478488815937622
0.7466254771698693
0.7452420814731037
0.7447350278008454
0.744544098076327
0.7439829423479354
0.7446419322918455
0.7449143177880604
0.7461924069412327
0.7482438817862895
0.7496455093840656
0.7503224885774594
0.7515695565588123
0.7515632540825693
0.752105102991982
0.7529147042454746
0.7539562967086155
0.7543480857212668
0.7557896955788297
0.758201392523506
0.7603018115346036
0.7598742656718552
0.7589761927658157
0.7585811379603461
0.7572813618358897
0.7570857248004842
0.7570965115296235
0.7567386333240606
0.7578597658172305
0.7601062155885727
0.761659380675592
0.7627937905559862
0.7641065284399862
0.7647268429048323
0.7662094000279869
0.7662131218297601
0.7669086846679235
0.76662377020647
0.7665220440332052
0.7658545157001796
0.7650995975349749
0.7648205591383737
0.7645946612610675
0.7644538613756453
0.7660419329491438
0.7672741537670966
0.7673990702404478
0.7689372435664914
0.7704100047608429
0.7715620938448006
0.7725156541801355
0.7734398135344738
0.7738962211090489
0.7736411691674228
0.7742448338582545
0.7747572489417212
0.7756607036836695
0.7767011898868001
0.7779028855376995
0.7791196803321192
0.7798970505109368
0.7811342674156769
0.7803947922839646
0.779563402869925
0.778991409051444
0.7790195898393408
0.779442257745547
0.7797861339290443
0.7807573041215053
0.7818254115647135
0.782287174653947
0.7835718935396689
0.7851803126402516
0.7851877811803772
0.7853034425591235
0.7853373638825334
0.7856367502934872
0.7861824039942885
0.7874014123280031
0.7898317039234956
0.7924554241021605
0.7950874538236347
0.7980287049197887
0.8001374680404767
0.8017290674901949
0.8028258596600651
0.8032713102336556
0.8041039478966246
0.8054489857755598
0.8066369825526071
0.8073684541101915
0.8083040408059275
0.8080854317634238
0.8071414741269879
0.8068771214301904
0.8061538189502641
0.8052052827417281
0.8043645075690137
0.803816508187727
0.8038978037854799
0.8043045086389645
0.8048286829117883
0.8063258808064886
0.8079655181592315
0.8099605122844789
0.8124857285827293
0.8149822806477257
0.8169165122816743
0.8189082761721225
0.8201659059150335
0.8206389433894793
0.8209905161283354
0.8203891321634691
0.8196626333080896
0.8188253898035969
0.8178299083761756
0.8174738832672002
0.8176232780724341
0.8176953815502775
0.8170566393599465
0.8169314384923243
0.8167070873995295
0.8155080569378192
0.8127886835143401
0.8105186288380338
0.8084718232160171
0.8070845585461838
0.8056682201172082
0.8040201780916832
0.8033425216340828
0.8027053661646086
0.8010597790319479
0.7997309084525092
0.7967704673420334
0.7931845711852382
0.7903639120712586
0.7888689640897248
0.7864835425306254
0.7847204893514266
0.7818710812090246
0.7790586973774838
0.7759291583386108
0.7727830697306239
0.7704676256824915
0.7696647168595012
0.7675564849746185
0.7658858914362332
0.7646355442574567
0.7630461483913655
0.7622963854679213
0.7614728413218017
0.759541445344294
0.7575247962906339
0.7547588258477677
0.7508147202481797
0.747575147491607
0.7453272571356289
0.7438225415351031
0.7423400342118105
0.7417958447352083
0.7427282806807206
0.7450310820832932
0.7470683669921249
0.7492923362524224
0.7521592491031367
0.753769903438371
0.7544009441407387
0.755033457177784
0.7552357368159982
0.7548546540593521
0.7563900161109066
0.7587353316763573
0.7590495932909801
0.7583867165705079
0.7580301627871325
0.7554172114492125
0.7529388750073363
0.7504446858418554
0.7490570725149469
0.7472119073078209
0.746385279703738
0.7459913441207346
0.7418474376427202
0.7388638007238915
0.7318887567314433
0.7259287095491245
0.7212905469809106
0.7169099533323278
0.7137379879973457
0.7120184876995
0.711908983296729
0.7110024858867309
0.7125656406627632
0.7143770756922964
0.7169249892371441
0.718594637844261
0.7188757645660754
0.7189653427805117
0.7174674073905749
0.7161217032200036
0.7152023834235649
0.7145229406129797
0.7144837055626967
0.7164261465841023
0.7186170384221569
0.7204567046829428
0.7218597464903777
0.7240008159790748
0.7273308028063535
0.7325509536129835
0.736808419154475
0.7415203962065028
0.745996686364072
0.7503668474289789
0.7525572736551858
0.7533589765736647
0.7541717427605928
0.7550725432033203
0.7566470250403161
0.7575636413271696
0.7586425942089094
0.7583699553882496
0.7583742042306845
0.7575827074050738
0.756266342453931
0.7546484931752913
0.7515191014240538
0.7502170171444643
0.7490074559951998
0.748535034347119
0.7480743102811414
0.747338618378255
0.7470521423641623
0.7457334798188934
0.7439420475264688
0.7433970975628963
0.7437279361615254
0.744941750149697
0.7443828974292689
0.7434305061539819
0.7420235385669988
0.7386658318642321
0.7364588887252407
0.7347320069366685
0.7335093682441776
0.7309348785126066
0.7269411038781278
0.7239832562444416
0.722670240714009
0.7232627042142245
0.7256800961529811
0.7280407374313211
0.7298890188273675
0.7310165772473411
0.7307031444014473
0.7305161325838742
0.7258433746798193
0.7170764776131584
0.7112111896643939
0.7073816402975349
0.7044455831825971
0.7035534703976135
0.7036561092085668
0.7056522824751349
0.7092109193874576
0.7136509677384139
0.717387238227187
0.7204097559146707
0.7201373364692079
0.7168303647350547
0.7144529276523846
0.7122708036249247
0.709276296596764
0.7064920903538399
0.7042431065397685
0.7034563890619222
0.7047884052670957
0.7069698270072405
0.7098965699463783
0.7136893853722125
0.7173328335262541
0.7213160329247824
0.7249193924642453
0.7276342250998186
0.7270985008881135
0.725772220900834
0.72591594153349
0.7260836394774915
0.7263618457892336
0.7267534977358527
0.7274556304132167
0.7283815186084142
0.730042908885419
0.7316065911725248
0.7352233903010691
0.7396071726620507
0.7438143552148078
0.7468983139659499
0.7486383978619688
0.7510968614849707
0.7529972682680747
0.7543158128120704
0.7526283700833688
0.7508151445597235
0.7489338498281107
0.7466902687052858
0.7459477715707984
0.7466773117814957
0.7478677465435246
0.7494666637553478
0.7506238082499638
0.7494406138079148
0.7481653350017211
0.7465310295573372
0.7452378603116474
0.7417444684109054
0.7396847480565015
0.7390688894121608
0.7379708454663593
0.7374815341260472
0.7375536790827165
0.7379137706418429
0.7385015675595922
0.7400694751006439
0.7397406759333215
0.7395098722415949
0.7404958974057141
0.7418597356050912
0.74438425543581
0.7478545509863732
0.7514576796981539
0.7553070726132244
0.7576545771717001
0.7597460936669047
0.7612647528219268
0.7626506445483722
0.7643576256708279
0.7655631485329735
0.7648891395067274
0.7639376807323195
0.7631220241436898
0.7626747617618067
0.7618857338420434
0.7598735152012509
0.7586665758432556
0.7573421230588847
0.7562079231402016
0.7543544798002185
0.7514128048134532
0.7473459321004109
0.7432766863513879
0.7390914259820383
0.7359883443959548
0.7332451248509068
0.7318899778824327
0.7314065443808442
0.7321186762868236
0.7331776468741091
0.7326864139748228
0.7338404089682059
0.7345713120432501
0.7355865510654293
0.7371615398877175
0.7365611963240345
0.7353292380527451
0.7347720190170657
0.7342033389155387
0.7344910567639695
0.7340423498711558
0.7348074511844788
0.7362256139380043
0.7379427302659953
0.7393640677965589
0.7405434019345197
0.7419624334550398
0.7428733484550034
0.7418785504395856
0.7413821919750965
0.7411183122273557
0.7408142728101056
0.7393024254432031
0.7381149142048616
0.7356452504034592
0.7337388529060087
0.7330089360311027
0.734022812242121
0.7354746592026171
0.7368435737093562
0.7369037563207443
0.7368120046727068
0.7374417057903551
0.7392059171262505
0.7405008380098027
0.7414368175676961
0.7425038142727749
0.743778824036051
0.7438505826316245
0.7441588925919519
0.7443960011361879
0.7445377975716271
0.7453395758383222
0.747500558268728
0.7495317246682913
0.7521273308486721
0.755223741541337
0.7551208485829779
0.7557210194871858
0.7557561204966644
0.7559471554192897
0.7557670444701298
0.7542445009698518
0.7519760759876103
0.7510332521412451
0.7508210649938469
0.7512910721362395
0.751251561469059
0.7515833972360667
0.7520449868535073
0.7530236382765089
0.7543485316953343
0.756570026251918
0.7595389187026221
0.7616613330932721
0.7641952773787168
0.7655386079701351
0.7667277669703283
0.7684058093278204
0.7701343603270949
0.7713999497755255
0.7716957958680114
0.7716586241824108
0.7709758644523341
0.7694926898121496
0.7667824220089379
0.7647790786330156
0.7633804774203512
0.7615960302741859
0.761039513842479
0.7603259361426628
0.7591364985379613
0.7575975891313926
0.755974714337552
0.7551268297716122
0.7544813349483429
0.7547614994150669
0.7551265592716809
0.7555768224362582
0.7559366481934845
0.7568189510648273
0.7570067531983263
0.7576337361910196
0.7588631388766555
0.7605900713327228
0.7624873380381634
0.7645869773187692
0.7672577498723337
0.7690544477713942
0.770745237077041
0.7730494903319957
0.7752231592023316
0.776987693345674
0.7775188747732835
0.7774795945677533
0.776368981865159
0.774957659285758
0.7726167623411382
0.7705378795663829
0.7683663497926767
0.7672137566192527
0.7661902089159938
0.7651273813641103
0.7635783985080853
0.7620616865118279
0.7610114598294492
0.7604686475307775
0.7598699094292402
0.7598089217599668
0.7589581877458172
0.758802178270382
0.7595538879931608
0.7603468650514985
0.7615421797361581
0.7626536948000804
0.7639641445460715
0.7645645053979844
0.7654601045572883
0.76692812431882
0.7678672758062433
0.7690050736109163
0.7699970552457025
0.7706804404265808
0.7715656313494869
0.7723802778791458
0.7727091987458067
0.7740547656213627
0.7745345170819231
0.7743198798343405
0.7731242239839141
0.7706391167315264
0.7675171974276834
0.7664611131535413
0.7655626344804342
0.7643636406309762
0.76368357843106
0.7635805641210823
0.7641494627570327
0.7647575207810634
0.7634587503800421
0.7623107169617013
0.7624006605814279
0.7623321945844851
0.7616773073024093
0.761032449005535
0.7613743085315942
0.7596342599703718
0.7579476379693814
0.754737690103961
0.7517238392055949
0.7469380996584966
0.7428445099237436
0.7394908796821028
0.7385621208757138
0.7386990222218482
0.7399444024713492
0.7409004189602135
0.742225387693085
0.7417500351209959
0.7421757861458018
0.7421212464169576
0.7423070780360684
0.7424099206431163
0.7420053704465117
0.7408326994470854
0.7399277932820365
0.7410998098408261
0.7426570657056693
0.7436300841835768
0.7447576594036412
0.7446901014976831
0.7433601770229339
0.7417458252306011
0.7409847001193333
0.7416147467135148
0.7428573593572304
0.7433940097271935
0.7431101968881417
0.7422352081991969
0.7418915345635089
0.7413952392303027
0.740075971590526
0.738035587048654
0.737647194375913
0.7383679630850971
0.7392179527274944
0.7382870209854795
0.7363504399699463
0.7330576663907493
0.7270939658612227
0.7221268221281497
0.7170323088239419
0.7135490222025733
0.7119225484326386
0.7101106185525555
0.7095955611054474
0.7096981920981962
0.7090722962292376
0.7097092713166633
0.7102335221768583
0.710861852878948
0.7100079973472998
0.7093925430640293
0.70896114797599
0.7099155867625446
0.7113083780088942
0.7134751731567077
0.7161155653280707
0.7133805760249491
0.7085769549457718
0.7040559741084381
0.700407527940105
0.6971643541651061
0.6949975728236428
0.6934745674358198
0.6924455706561141
0.6893392495414855
0.685663446837431
0.6844358667800824
0.6831299152113067
0.6820900239697277
0.6825111258947729
0.6820545161038447
0.6821817819355505
0.6823213251444616
0.6826791735991684
0.6810421624555313
0.6788585241749205
0.6767385916682238
0.6728161277117515
0.6689396257169764
0.6668474992621579
0.6660204872118006
0.667777876566649
0.6705233588891354
0.6728941242466303
0.6772392591249469
0.6806806558512333
0.6841293475830934
0.6874085877674486
0.6900714078982986
0.6931811421455658
0.695449170432628
0.6982542885156264
0.7009307663343671
0.7034651143563097
0.7054562803771569
0.706209392196754
0.7057744141838764
0.7051234615933796
0.7040730012610665
0.7020201249007463
0.6998290985040532
0.7004972222157267
0.7026301339002228
0.706042900461604
0.7081204541692828
0.7086211257388744
0.7098074208014179
0.7122226396223756
0.7129097571764376
0.7132627549326243
0.7139688525370156
0.7154572296560157
0.7175713579751143
0.7188720298917686
0.7207870075726553
0.7218736159889877
0.7232729950840683
0.7243785145605618
0.7254785764611781
0.7272856232413143
0.7269304028167872
0.7270211377093129
0.7270509834535628
0.7257996269138831
0.7252049724508403
0.7251709855140315
0.7245857216675986
0.7231030830228332
0.7217739097533158
0.7192074059109248
0.7179807219676568
0.7173728189823341
0.7176322433921118
0.7194350787124887
0.719936971782507
0.7201997289390125
0.7197149023850505
0.7173551200109285
0.7154462888950218
0.7137259556345106
0.711648571429916
0.7094210577760518
0.70740546480822
0.7065919374620588
0.7065651968915223
0.706958400340648
0.7066675907822889
0.7048677609267806
0.7052734368766803
0.7069045923056576
0.7084302473866935
0.7118318012110177
0.7137422318250473
0.7161511908329374
0.7192209525044391
0.7224495440659374
0.7240518510745402
0.7249076677503505
0.7254659157336842
0.7264056324162256
0.7267919858911582
0.7270151200752328
0.727241856788525
0.7277920194068795
0.7292259792187303
0.731049394492978
0.7342825196024919
0.7360626383806587
0.7370090859229514
0.7388645658845501
0.7402326246221218
0.7422305528916763
0.7440338730698625
0.7455528083505489
0.7470565094152248
0.7484707132907475
0.7490542575601178
0.7509568651794554
0.7508731760597896
0.7471950154061735
0.7433907481483977
0.7400886373231281
0.7379254552211426
0.7347771965084291
0.7334530493323073
0.7309092371752468
0.729415444002324
0.7286839764166609
0.7275001785571855
0.7271022905275041
0.7283228425220601
0.7288977639836968
0.7285327473553231
0.7291550539561172
0.7303173820005437
0.7312374161023915
0.7309502103275075
0.7305234179645926
0.7307626874888319
0.7323679332980493
0.7347467730550592
0.7364076515863288
0.7385707105200611
0.7406232243694402
0.7426538040473901
0.7446787457760707
0.7465502664817167
0.7478264470121904
0.7494999833960563
0.750565240719685
0.7485148776709416
0.7461341352889118
0.7454326056407311
0.7451821564320964
0.7440893597531035
0.7420461411275804
0.7398370431045149
0.7376304155831898
0.7362181046039026
0.7358254110559944
0.73634358532354
0.7361600723727946
0.734637077883473
0.7334731439315558
0.7340405604033129
0.7354333257912136
0.7353625061282966
0.7340658700545736
0.7331858915371993
0.7325474588756665
0.7336232423695136
0.735096311400252
0.7376267491870089
0.7408999442631395
0.744331787094005
0.7483091307387616
0.7489101839533682
0.74953535109365
0.7492834755526872
0.7483743701356365
0.7467159093856239
0.7416409815017724
0.7382396308792408
0.7359610307686114
0.7343179905337713
0.7343019363539531
0.7355945969956592
0.7376984317898564
0.7403018444577876
0.7419114110650291
0.7445765186814846
0.7465776339397857
0.7487170721801408
0.7500570616619424
0.7526564456563168
0.755340549379352
0.7577168539408261
0.7598609823326672
0.7620758095366539
0.7645055017433299
0.7664131248432992
0.7669958144210163
0.7666610905685469
0.7662519248019876
0.7656926920791555
0.7648235417118996
0.7642915688540735
0.7639789330040285
0.7635108037742167
0.7636186721029516
0.7644039359955815
0.763664706037102
0.7632915211754131
0.7633032780881841
0.7630415749407438
0.7619514892946687
0.7604540167442583
0.7588217275280554
0.7577594425040193
0.7568741600367249
0.7564733956336748
0.7552811704115543
0.7547540752372808
0.7537890030740109
0.7524988386236999
0.7514180931953778
0.7500732380393402
0.7493454338491247
0.7485272141684388
0.747694707754445
0.7477129749255413
0.7488236234382264
0.749497591555009
0.7510983165314823
0.7529960921620973
0.7553543871920936
0.7588373933707873
0.7624927535536744
0.7657266155961223
0.7694019620378175
0.7718732349481991
0.7748001385504228
0.7766583901093884
0.7780282405484173
0.77837574054238
0.7772736945955331
0.7760241646626254
0.774766940980819
0.7728467931630345
0.7718670050416558
0.7710707859010485
0.7705849895140054
0.7704369869747549
0.771792999876635
0.7721068456260758
0.7727199573919127
0.7734343095511742
0.7746042807353394
0.7749196795679498
0.7750519579437481
0.7758597994941904
0.7766106606922273
0.777299070017451
0.7782498109997703
0.7786839346869018
0.777796044567724
0.7762282113775487
0.7739715960687655
0.7712913084128001
0.7700257606478084
0.76855378354446
0.7675248481183583
0.767071766991585
0.7661922423755136
0.7642404451434535
0.7626305504091857
0.7617972435988525
0.7615855522869601
0.7636130313075798
0.765441328975516
0.7672263494434702
0.768872616384471
0.7686348703695058
0.7680668430353543
0.7673000666356433
0.7677845364089765
0.7670927343001271
0.766938650268997
0.7648325035058584
0.7607386728269461
0.7584780035993084
0.7574497178617312
0.7562782572419248
0.7558325735544651
0.7572190423266562
0.7593582355908657
0.7617744099164537
0.7644763673253965
0.766707843248566
0.7690949701437696
0.7683338204952844
0.7668791491385306
0.7632958767550408
0.7613060887860231
0.7599084255938879
0.7594260527714977
0.7605036080277838
0.7607928232632312
0.7602928758625274
0.7592120673496433
0.7580904980001771
0.7565442861220433
0.7556891469417844
0.7559089139552857
0.7567360370805833
0.756601626907903
0.7545285483912951
0.7524614439521728
0.75134036722897
0.7510719310294411
0.7490183606375339
0.7461064242699892
0.7450445738196038
0.7448068235955486
0.7457869666912395
0.7469250607828982
0.7456539156803782
0.7432586743671881
0.7409859609284374
0.739702330522598
0.7405493759928252
0.740593994912962
0.739517945034222
0.7396073203018093
0.7403414173002595
0.7425084836692869
0.7458433543382343
0.7470967609444346
0.7481918690540165
0.7497110281205469
0.7492648599362463
0.7479222597325931
0.7472195723459744
0.7476813714567772
0.7478378868056805
0.7479733207560337
0.7460003174015629
0.7444179652689962
0.7429550071856369
0.7418727386853231
0.7416062860499364
0.7420670629985935
0.7414486053597373
0.7411247998368875
0.7426278942429803
0.7449845908659775
0.7459785478973149
0.7473215855501537
0.7487628133985037
0.750386916579642
0.7520595171299918
0.7526150570916204
0.752794590342774
0.7515596747380139
0.7504170360494481
0.7499408271220117
0.7497890527563689
0.7501813972716843
0.7490621724543607
0.7486544096836659
0.7493517633261384
0.7498160083239487
0.7512057552652578
0.7538098350803157
0.7561567847575765
0.7585976106270841
0.7583717883055588
0.7591531469999142
0.7584921388387232
0.7578424555097459
0.7583300025958511
0.7591686788129929
0.7596874241779819
0.7600917878157997
0.7610425995302694
0.7604609328241649
0.7597927897985248
0.7588809031170126
0.7580378375553481
0.7583810822073263
0.7589259542876615
0.7595097433131731
0.7603127947467135
0.7616405456094191
0.7628016281775518
0.7637602249104855
0.765943446046255
0.7688485824917717
0.7716007568455334
0.7738557467350282
0.7770422618311532
0.7796067030062604
0.7806830032394012
0.7809613156460783
0.7813848731719802
0.7818396937143299
0.7833788237963094
0.7851782246314847
0.786567435796163
0.7871283836662096
0.7885633930402814
0.7890634967226202
0.7896019801920402
0.7894636065225107
0.7890458208509621
0.7874268572537965
0.7866507962528835
0.785928755148129
0.7861644464041786
0.7846493599806111
0.7840750789120009
0.7829032968726911
0.7807466464399067
0.7776103014093744
0.7738325657922189
0.7703758517773811
0.7677434297413457
0.7639825797593766
0.7616516196612231
0.759385588857341
0.7572544466207682
0.7534139026409573
0.7488652637035329
0.7464943286129941
0.7438415214055607
0.7422346613299012
0.7421589131173759
0.7423932150493573
0.7404875020185077
0.7389557392905873
0.7382500434198322
0.7378041711515925
0.7369329481688516
0.7340080478923703
0.7290729739413415
0.7250405523946785
0.7219121693074914
0.7192393512011521
0.7184601580977268
0.7196081641340031
0.7214300434114352
0.723711847539519
0.7264939512149998
0.7290517453984591
0.7315618276479253
0.725065910961563
0.7180795954300995
0.7108431599322327
0.7055546950717224
0.7018065181116044
0.7011592874588807
0.701798949119553
0.70437665740848
0.7068924516258877
0.7104535628396599
0.7152746531328643
0.718944267346848
0.723273681798785
0.7281301820437714
0.7319796339151224
0.7361145712559093
0.7404783119728912
0.7439721136332867
0.7477026992408781
0.7481232205090551
0.7486087790897817
0.7494613246230624
0.7493385104762832
0.749975533858679
0.7496161335698507
0.7479170004884076
0.7456959843884553
0.7447962184280292
0.7436339732650137
0.742865929378507
0.7406003356066577
0.7384835246587771
0.7367307371054943
0.7345747577582824
0.7322187477255918
0.7305706457452031
0.7295177313547875
0.7288552857527608
0.7287343500810624
0.7253214599222928
0.7214191053958044
0.7192797591946627
0.7184753303226928
0.7190937236982758
0.7163941324760034
0.7145062190289642
0.7122625900759705
0.7106176337568145
0.707844088662302
0.7057609994479468
0.7044151450081007
0.7029337949405691
0.7022654045237566
0.70265555234744
0.7045983724277344
0.7073460179715323
0.7104408977119194
0.7144615658139014
0.7175527394854488
0.7209180699810032
0.7237776360809498
0.7242644755968055
0.7237586509226884
0.7232620780959248
0.7237010025230542
0.7216005433951241
0.7191349509218746
0.7183863958046798
0.7178018628672399
0.7181175956656106
0.7202082017321573
0.7229885529754687
0.72651596773131
0.7295299401456452
0.7325330567016396
0.73510513855267
0.7365725497174427
0.7382917406232836
0.7404408367059631
0.7421867791459721
0.7445070998405755
0.74629671036867
0.7472449192160681
0.74809434237431
0.7476034853917473
0.747303705955819
0.7475057238503701
0.7476769671640471
0.7471190356747037
0.7469730273826537
0.7475736383228992
0.7487317151197759
0.7499983566691593
0.751039104176401
0.7520603813167138
0.7535275867076617
0.7550606873280923
0.7565559932661958
0.7582815201613422
0.7599982644795984
0.7625173589684716
0.7655256847921175
0.7676389252941029
0.7681021080355119
0.7681589493213874
0.7683009287545315
0.7693990383825579
0.7682732480864177
0.766572081400139
0.7641264417816137
0.7622885219140165
0.7593509364555495
0.7572169239166476
0.7543686578265323
0.7527945470022416
0.7506690110959621
0.7490554380214309
0.7475088401107721
0.7461834054434141
0.745862481656842
0.7460349573851024
0.746955209783184
0.7473703462180108
0.7485508695826255
0.7507826442952227
0.7528158400212518
0.7552672993961279
0.7568689743084537
0.758225542914486
0.7578789977345413
0.7574978770804343
0.7569587227475776
0.7576440637448587
0.7587073557109086
0.7603748448004232
0.7619783559994483
0.7641349503794302
0.7668008229647119
0.7685031650899468
0.7705990748023429
0.7720627841322779
0.7737600079421679
0.7752969097805942
0.7766244194363925
0.7765438667678828
0.7762761237571841
0.7770848497466281
0.7783998223795642
0.7801377145813143
0.7817978697173038
0.7833072890807953
0.7848438080172939
0.7852228258552775
0.7854351669613265
0.7850156631442435
0.7843946132529578
0.7841934347629228
0.7850255558204744
0.7860714627887595
0.7872147335934377
0.7886802026120046
0.790103856810107
0.7899476036657584
0.7895916665966362
0.7876625802128271
0.7865024532836258
0.784221532296404
0.7813845930609498
0.7771092724171771
0.7735845789668171
0.7712451503753573
0.7688096549323615
0.7677743877655258
0.7676428499941466
0.7676952003433997
0.76880119925908
0.7713167105425397
0.7710656255528765
0.771516752365531
0.7718728917888305
0.7716833800546665
0.7696348770076118
0.7674773243142132
0.7664626473039212
0.7654432389747462
0.7650136998305771
0.7656109190269839
0.7671087153102123
0.7637791431668779
0.7602169699556913
0.7562304895698231
0.7509508459520057
0.7481709157513793
0.7461521096917614
0.7453942940560175
0.7444049801889182
0.7453437437071478
0.7467833380963449
0.7481758639088805
0.7481185832524494
0.7481497605660062
0.7494711590962703
0.7523724858962909
0.7556224918292563
0.7582109308051904
0.7606848846325756
0.7632660915920311
0.7660480892491586
0.7686945769012099
0.7703498896167966
0.7720570462566039
0.773335373455332
0.774442238608407
0.7744786596913881
0.7736291079784596
0.7731609742649231
0.772917612278981
0.7721875603992844
0.7688660249329794
0.7661919016246611
0.7637257849697597
0.7619076212144702
0.7614266422454318
0.7615881625426997
0.762018381073671
0.763570109900334
0.7654619420722089
0.766115722255202
0.7668957516294916
0.7670514909864682
0.7670027154514946
0.7682928450863381
0.7697286941862381
0.7704345736844084
0.769347899604671
0.7679023581446306
0.7668674746606087
0.7669235205492027
0.7641078012785275
0.7618933458033665
0.7592034753481046
0.7582526107984598
0.754265708450358
0.7518233998161558
0.7496424928222649
0.746900153039166
0.7459008975907226
0.7456236680024855
0.7461565816778509
0.7476643939525943
0.7495485944443461
0.7508792766088541
0.7527462584621168
0.754592998704768
0.7555770533656402
0.7568747990940444
0.7570230915719609
0.7567555703092137
0.756658023389281
0.7553573844405995
0.7538767948541303
0.75319871843511
0.749911547028277
0.7466790005556705
0.7413499035878167
0.7363725471131168
0.7323446421571561
0.7297966038411291
0.7285524186199162
0.7284282795790716
0.7281853293057625
0.7286615737071155
0.727728415439793
0.7277071319284922
0.7272993720493324
0.7290071117096824
0.7327965474513828
0.7331735011313142
0.7335519042675648
0.7339593789364772
0.735105324685017
0.7371249693399378
0.737762479087598
0.7392191339466725
0.7421732531266504
0.7441570155106088
0.7428876141137005
0.74108437524411
0.7398409822995871
0.7385369847039323
0.737604528565766
0.738121559760475
0.7362740963673524
0.7350023274962467
0.7349276181938568
0.73589352214456
0.737503836058867
0.7399113420182984
0.7420531135737133
0.744056047602869
0.7459912204509663
0.7453443099282933
0.7440035868386706
0.7424997035949672
0.7410551659240739
0.7409317925685126
0.7414957187126495
0.7418512894255171
0.7418288189680791
0.7391964270778897
0.7349231654002372
0.7306357921676743
0.7274531797361246
0.7246766773174115
0.723060996086288
0.7211798029455274
0.7202909680705734
0.7199512953789685
0.7208495722426095
0.7216735290812383
0.7207763754752088
0.7197978188106924
0.7183366723597995
0.7141214754170502
0.7103941259495534
0.7081634140568945
0.7065703020636497
0.7060604828998379
0.7055200816537076
0.7054937873955526
0.7070095066206856
0.7102683977415565
0.714323979364957
0.7155852784822782
0.7157724619810344
0.7172348334643015
0.7186804117758133
0.7187127043335662
0.7200660849488696
0.7205728927493406
0.7216854705129057
0.7226035075314812
0.7238982117000055
0.726644254724834
0.7300108045910937
0.7322244221058092
0.7342451574330437
0.7357705102773597
0.737333977654601
0.7354838354422267
0.7336339211681914
0.7318615493153274
0.7312383077951758
0.7305548862742761
0.731031640224784
0.7302329498129415
0.7271698980343063
0.7252804972245227
0.7228742929625858
0.7218291217645767
0.7208892348237091
0.7209340139886347
0.7222635996752215
0.7240719824424338
0.7278293100171135
0.7319135761953661
0.7358619362077964
0.7388482878392567
0.7419331414113465
0.7419823659971992
0.7410253953289092
0.7415357673445383
0.7415540957315917
0.7427280162713173
0.7435081871823299
0.7433671170840082
0.7435658645625205
0.7442495207927388
0.7449742415612555
0.7451487763908887
0.7459829172875482
0.7476103149015644
0.7492802181549988
0.7504083512002168
0.7509749805473263
0.7505782394461457
0.7508942194875164
0.7516669683893314
0.7524301656796212
0.7515258559569745
0.7505460124732656
0.7490791580077584
0.7476984920074934
0.7457279880724312
0.744814536512217
0.744333463439613
0.7434415075031685
0.7418397730555735
0.7405551198854768
0.7402252311458756
0.7411338281669934
0.740825088055056
0.7396308311970377
0.7387637903656893
0.7372780238244884
0.7373499812692266
0.7381915981318389
0.7389271598931128
0.7361960840302308
0.7313260729458786
0.7252896434428912
0.7200838423575314
0.715365555933802
0.7068236679001397
0.7005451432867554
0.6972214097976822
0.6940479297448784
0.6939800003477596
0.6955295734126209
0.6975850167283546
0.6979667782918009
0.6942988735152759
0.6916236391039706
0.69108696281011
0.6902540607984163
0.6902969347533662
0.6910863968141977
0.6935221799987392
0.6977661196518592
0.7019166260483523
0.7070921736881046
0.7096624876848695
0.7128153025393111
0.7133909706677298
0.7136840955137201
0.7140822415730018
0.711217854574609
0.7104647708002688
0.7102040766570266
0.7101080073596603
0.7113454335400597
0.7136177495892974
0.7160533980143748
0.7176080388283612
0.7203347494368701
0.7235720270208597
0.7272732246272788
0.7300779012891597
0.7327911944544161
0.7342549663326322
0.7349419176642428
0.736065438374931
0.7375365035126711
0.736886963998743
0.7371559559022013
0.7373151973228039
0.7374313109025423
0.7384451138383591
0.7395772206601967
0.7403952593774125
0.7403035287248139
0.740348802909721
0.740859346632911
0.7417365743359188
0.7410548969452739
0.7402703583452894
0.7404041397744461
0.7420375719607789
0.7436758146745773
0.7461577498557809
0.7486914534074538
0.7506802656171547
0.7512859835835527
0.7516756271930405
0.7514071439378933
0.7503323678610044
0.7491930353455166
0.7491204976902047
0.7472374542498061
0.7444655968967544
0.7417994611802602
0.7405707359147202
0.7339210389245525
0.7280830679879936
0.7239807569673962
0.7227432965266068
0.7228575934508934
0.7232463123769812
0.7241317742532616
0.7251011228538116
0.7261912957593886
0.7271800933976421
0.7255361411805591
0.7216880566054041
0.7191585582222016
0.7163700340170259
0.7148695259421372
0.7150898423135312
0.7156405383751836
0.7171520737127599
0.7183183530256962
0.7191662579521169
0.7202540526145431
0.7199168923943366
0.7199885357694734
0.7214791755028314
0.7236176562401081
0.7257383531821184
0.7253334901683505
0.7249749653308384
0.72521006390695
0.7260944072422217
0.7259773342886026
0.7267609489836581
0.7276202272613647
0.7248137801842364
0.7226333329292323
0.7205939904198249
0.7186090799159324
0.7182813194754843
0.7192708698108231
0.7208149978243839
0.7181374584691834
0.7162275655901932
0.7151022880291628
0.7149222897793973
0.7151100298271367
0.716304745031726
0.7189619656835562
0.7199293078881008
0.7215598913030121
0.7238424547519745
0.7275235936956344
0.7312740023985133
0.7350587131958354
0.7380909774226158
0.7406476447397186
0.7410502523128454
0.740263077909235
0.7384826132250547
0.7366195429986766
0.7359598727455462
0.7350576547510579
0.734650740667974
0.7340210389006095
0.7327263112116472
0.7317490951085767
0.7315155884479557
0.7323873410680413
0.7333516127382917
0.7324830929417585
0.7304423294934804
0.7281147470014592
0.7270006279108849
0.7266708163046325
0.7276108934307602
0.7291006491028801
0.7301793280025118
0.7302955332779846
0.7311429630741386
0.7329706231831765
0.7344038444610024
0.7354640540195404
0.7375329412445432
0.7391032605267321
0.7410826129601964
0.7426198804797691
0.7423149499131089
0.7426007288042602
0.7429515415028266
0.7440275747732701
0.7436880864928268
0.743507597077225
0.7426616665210004
0.7403441914158295
0.7373610559223256
0.7346736889141687
0.7314018468059583
0.729600644678699
0.7292569906505719
0.7304601500443577
0.7319918338882067
0.7345308901521052
0.7343829987420439
0.7344871873651193
0.7348503628888505
0.7351304581304777
0.7346786533311606
0.7327056001150707
0.7302572891109352
0.7289650517737924
0.7272792588030067
0.7258386013249999
0.7261353843823126
0.726145506010519
0.7255428231580356
0.7250137281926932
0.7249389991031475
0.726906314880783
0.7297569071660985
0.7332571565190887
0.7368358584357663
0.7388606797128402
0.7412703639118144
0.7436725840949203
0.7446055721024244
0.7435866827270252
0.7419718104344319
0.7404361870953315
0.7391362613073398
0.7350727200245758
0.730633290145127
0.7269282764629583
0.7237034278350815
0.7207697371602704
0.7189044362019008
0.7165418164756149
0.7150882026019273
0.7150062980975406
0.7171058156751405
0.719804516683213
0.721741516612465
0.7220549271102658
0.723266938608043
0.7237800062745867
0.7218562714552063
0.7200778541295401
0.7182894446963362
0.7173086414933943
0.7173903694277901
0.7186139993039624
0.7210643644538962
0.7226875990308174
0.7253677834938651
0.7276300939529403
0.7302200147510696
0.7283726972666983
0.7258553304805083
0.7241890114412821
0.7241075594809069
0.7247920001255846
0.7249382231404209
0.7250336085582716
0.7261957739639163
0.7280292281533655
0.7293265514434829
0.73164478699724
0.7320377571998453
0.731184859891318
0.7312993983538332
0.7317205987765593
0.7325439757159875
0.7344315369157349
0.735972567316158
0.7378481711453564
0.7399595216303638
0.741898719365046
0.7420892066907433
0.741637249551438
0.7396076243827191
0.737220429771226
0.7339488667283414
0.7310390397910784
0.7284812494235453
0.7262704642987765
0.7247189422144402
0.7252323854140019
0.7257042347722507
0.7273995513944865
0.7302412486571491
0.7335638970461124
0.7371379341661525
0.7401748300409303
0.7392193905469895
0.7388898513015238
0.7380829139513554
0.7380300605855302
0.738434629545323
0.7391828372260278
0.74063741530865
0.7421091080152069
0.743099891606556
0.7434662666316046
0.7433397571383823
0.7439753308627715
0.7459344550968853
0.7475569963325284
0.7494402901349404
0.7491434689962346
0.7482745199926473
0.7466779082654346
0.7439535883531492
0.7420997232150537
0.7404388167696997
0.7381264290589643
0.7376776684587335
0.7381663966861451
0.7404072047674336
0.7439441710523966
0.7462013825055509
0.7489217910078739
0.7515936366447974
0.7524673507368359
0.7508486880252936
0.7501854636685305
0.7501342133574247
0.7510260200421905
0.7473752145123023
0.7439790993933076
0.7413067659321732
0.7370966952634519
0.734649791037842
0.7340852802359219
0.7348556460461346
0.735214276122984
0.7349305559051686
0.7346326612603632
0.7358964450014901
0.736979699534626
0.7348002468090236
0.7340664468926879
0.7332696837711631
0.7328783866852684
0.7326549851013084
0.7316988670974025
0.7294541841646575
0.7287481828081497
0.7294055848562556
0.7304354261566517
0.7324688919895448
0.7305963336009043
0.7279823275445755
0.7260601791344015
0.7251513876712466
0.7245083306202609
0.7212117313040157
0.7187776852180581
0.7176689803239625
0.7170923713107941
0.7156661909664231
0.7125591266294201
0.7087468754929361
0.7041809833229002
0.7031820832367379
0.7053540671582493
0.7073126569962706
0.7093088802477588
0.707060245289004
0.7060426542151994
0.7044389224571088
0.6985502931844753
0.6928129510405683
0.6889333516560507
0.6882808259576247
0.6892837901394844
0.689618890140947
0.6909434871314268
0.6941794462398934
0.696660829846564
0.6980553143237596
0.6990634302204796
0.7007190126525897
0.7036811295148951
0.7073413631141572
0.7091349737345959
0.7104508031714241
0.7109626067898761
0.7126561720251174
0.7147281525715515
0.7184171664700626
0.7222548796714484
0.7245061216749416
0.7262042439397862
0.7283624748106993
0.7307756968034393
0.7344318013506459
0.7393853018481212
0.7422092615342396
0.7453381934197868
0.7490948588318102
0.7534287369778832
0.7552154525766964
0.7571021039761384
0.7590061441046866
0.7603445915166384
0.7584189261789019
0.7573705101321988
0.7571222857637525
0.7571291653301858
0.7566606467293748
0.7568720683924135
0.7572685375384727
0.7585158263524967
0.7590655123008964
0.7597730327302887
0.7605942692894803
0.7604198149637
0.7597657148379868
