0.444226219250592
0.44264593680070924
0.42992542920566157
0.42481256112087973
0.4152771263392418
0.41061365668551086
0.40621998373508705
0.4014547566938357
0.3915079855573795
0.37741280052259063
0.3739425999484157
0.36486662403053727
0.3580567653979946
0.34994402455611506
0.34079223436152795
0.33990564171482507
0.32920521567469785
0.32912174455931525
0.3169418342119472
0.3087350751508039
0.30687393009974706
0.2924723357840677
0.2872545999387649
0.2794182814183358
0.26879278072308066
0.27096743673897533
0.26111704938224956
0.2576302333614858
0.2463639589084734
0.2486337797972592
0.23483784506604588
0.23556883823664237
0.23119092508521877
0.2305605993694962
0.2196868325912742
0.22439433117588792
0.21757782038504891
0.21432452343034292
0.20891104750690503
0.21201477407224673
0.2127970831205399
0.20055778002715025
0.19338399811633528
0.1950907963334328
0.20145427265939447
0.19731333729172112
0.1903850966761697
0.17123553723665913
0.18310471797425343
0.18811346156729808
0.17045174778849714
0.1845542668096209
0.18202709232360487
0.18189448482116016
0.1862679301138983
0.16710795871152373
0.1741079118028887
0.1633542195018775
0.16453108370971437
0.17313126426695646
0.16723157066634298
0.1537360030648936
0.1673962130073044
0.16227716276359683
0.16699011368116234
0.1622298474603205
0.1502882762660161
0.17114340929403127
0.16322435986375927
0.14572632403032576
0.14796691828145936
0.14450891110446956
0.14202032744358756
0.15479891147748548
0.13208585483717677
0.12849994293321326
0.13415724393848044
0.15356981949594684
0.14220813376715852
0.14275047378022143
0.1407740429723474
0.1426547298728491
0.12909897003155962
0.13313400808438097
0.13346371652314953
0.11861552842272916
0.11952175053973174
0.12354093205823086
0.12586450685769374
0.11588175593958511
0.09875395836814105
0.10953755823207906
0.09787403834633779
0.1102628029185142
0.10116905622985789
0.11095162484718685
0.10088184726878857
0.08368502391665533
0.09122685430337585
0.0923680120401803
0.11350688119189095
0.0882445794907098
0.0949775649367583
0.08371166976447703
0.07661653751156922
0.0962074358543824
0.06821400391882232
0.06258848118287297
0.07013489326370703
0.09526951819536139
0.09374863489876284
0.06286947569259033
0.10122229275566508
0.08274031434830265
0.06746856948494556
0.046506077506569266
0.09077192336012119
0.052198345183094796
0.08219075566578948
0.05140988074918523
0.04551109816054166
0.042785225428159435
0.07225120889309072
0.05546899091980162
0.05942997354288648
0.07083821651545658
0.0033996444633110356
0.0615089143560682
0.030565297958466908
0.0831287952047347
0.053559008413541775
0.04865152173191567
0.033115548030857755
0.06578926709370098
0.015798141619028483
0.035522013644789074
0.05814882161752688
0.06267913091514793
0.0458847513813605
0.04894289140374952
0.0042865539514369555
0.07937979564411513
0.02401425081828429
0.04884036391877311
0.025804445555450195
0.007313874300053647
0.048152533346309645
0.04203513993051938
0.05618465818869767
0.009554406310493702
0.034185050378648774
0.04117578714006931
-0.022864524307255385
-0.09159511566594936
0.006522480724438173
0.07779736764666012
0.04782932016877928
0.056319932731614064
0.03520203222948454
0.043223846532855326
-0.021732203884086143
0.04598391116042344
0.08683760998078155
-0.038427398364376586
0.034531657111282976
0.015903578265791418
0.0037523003142464484
0.01854338329190508
0.050128044379123826
-0.027114072451030036
0.053448115402018825
0.06699253343722056
-0.00020002625916593075
-0.01924132342673479
-0.0001444818446842966
-0.0037550065779445863
0.022200506854410496
0.04684348311625591
0.0031812465995430528
0.06915787644195664
0.0039005065544308604
0.06551058862898101
0.07064245143578218
0.07591192068450553
-0.03023917035970536
0.013609236165382177
0.07301338118967082
0.023165094707551848
0.028032457952738676
0.007036395446059551
0.03145823193126579
0.0626993664668139
-0.009131320830021994
0.038178506425535
0.05166935543812223
0.0066022462995665165
0.0005245425787562819
-0.009125105104061726
0.009169420328593025
-0.023901733971067762
0.029335558689679464
0.012055968782257842
-0.005882236585375233
-0.022330846284487005
0.03684834249826047
0.05749674231904495
-0.09660134643993934
-0.05021692788923837
0.05782845849527257
-0.03776798296073969
0.02625265689393863
0.00587767664231309
-0.010550919626737598
-0.06141762742624146
-0.10192067980805464
-0.01253881117064859
0.026408607763381275
-0.1409708330447229
-0.0743911527250608
0.034866291879778466
0.11871129705661226
-0.1345701488047395
-0.012298990034988466
0.013361117621607743
0.16415236124770094
0.004058703613362857
0.0924041778034051
0.033375792644384894
0.07254820211754154
0.03683941610596925
0.016446324343756258
0.057241148493648586
0.03929799678131096
-0.03631398955687137
0.06572130270762833
-0.09437835476496303
-0.01533004491068568
0.04064219281577075
-0.10163862462806617
0.0775265163839004
0.0592273963659663
-0.04394162693471915
-0.06827784682794635
0.03140021824528977
0.08312106700108823
-0.0489687187339265
0.056402317393974055
-0.022942279779566865
-0.020224964596256667
0.021279349138004278
0.053473322457067374
0.1306209101624623
0.0011457080475415493
-0.05016828474833179
-0.09460957860984875
-0.04210479204718642
0.03047154775741573
0.056856698021892194
-0.08614253006945538
0.010027250895576989
0.011530493778595219
0.034175598452774125
-0.08946520792165524
0.02258467952567722
0.024238135429957675
0.0372413591196345
0.03158921487365168
0.011583771752486205
-0.023740622676864942
0.02784534470023875
0.03515896057056972
-0.014081219366641196
-0.006785500332553651
-0.03930715555117348
0.01798387714204408
-0.0327572683172328
0.043007494533095436
-0.05442216914603404
0.04188648508594478
0.0008246986025524095
-0.05886596115902831
-0.02134616631240105
0.03544444563381699
-0.08621014615845213
-0.08330493810101947
0.04468734179192824
0.033607644838033024
-0.08289890822301704
0.024505164237529242
0.004066621849861229
0.06757589043605283
-0.04610695109997909
0.04763396841739104
-0.014134513522810255
-0.051756826169565784
0.06839348628440062
-0.06713950656760515
-0.018495410720931416
0.0739218210239107
0.07714823517862135
0.0906620714393826
-0.006354716685762152
0.04556079124133061
0.052650330488243635
0.15124295933794918
0.04633034098258326
-0.002345699256520395
0.06998836990456841
0.02382213762887092
-0.007251275520121614
0.14801613188539137
0.07489785160233614
0.08046491175380899
0.05536688073956564
0.06920186918570759
0.03075144803309371
-0.00409910597091101
-0.011302268139674054
-0.00127388916182547
0.023471824337002012
0.11041500000576554
0.04552194096128659
0.03393894997597091
-0.019489160422587748
0.015456313314818226
0.0314214116421902
-0.05976252549621508
-0.02148263476824408
-0.0798021553865208
0.01352449701799513
-0.08875950362234741
-0.03534753512892719
0.05598286375944933
-0.04762483205539225
0.09049797973071244
-0.05878275727924276
0.07145208085102012
0.028941392600068394
-0.04022198666930987
-0.16645935987971128
-0.02719724130466472
0.10361980361282053
0.0323324871979212
0.056988087684624544
-0.04392372126930599
-0.023180358519280464
0.07388264701991326
0.015577440438099222
0.05390775964307537
0.016950840879614626
-0.015835242248029346
0.08157710982690913
0.029595899714990048
-0.01008590768983264
-0.08601564602646095
0.003968788938343348
-0.0655068918986802
0.03375934148419829
-0.06599777264900464
0.0030743536359346124
0.06727711000379194
-0.011478600228220781
0.10909475548395325
-0.06027713993864492
-0.11851906265129564
0.01346230745370991
-0.0295771488569323
-0.027514617518618167
0.042352948658388845
-0.0009641038863364981
0.02432969620149128
0.10328893971985292
0.05559208464693516
0.037467486659833515
0.060998356651945196
-0.036097714494541244
0.08990496545422222
0.03077302229082518
0.09633656038303429
0.023281987248010838
0.04245069482245056
0.010062550643141988
0.012429128152347202
-0.03039956313792258
0.024223384707871443
-0.07438848657451813
0.02828984959181058
-0.030714696323903223
-0.056889369008184754
-0.05378876579034775
-0.04188657507851734
-0.06107930641988413
-0.06797016159370572
-0.07420999849052767
0.10093871753758665
0.03607994569608147
0.043252681238159285
0.013056841832685073
-0.012047768768765899
-0.006050606037585671
-0.045585442783659724
0.11369186953162458
-0.04004189114290457
0.06833620625143078
-0.059126586609655196
-0.08739646225516562
-0.019512487749415608
-0.048067847881938186
-0.13914814689772903
0.1727405647378421
-0.06904246880660136
-0.15377492579548535
-0.0388069921844193
0.008673559768599515
0.02523885119732927
0.0613129867835685
-0.07697872929561234
-0.06053878157970627
0.02689987984327291
0.00860753317629176
-0.042053189211717745
-0.08730964832774624
0.06365030313557751
-0.07695522674923116
0.007675782417867982
0.06251328140731127
0.13341778325318576
0.002867321249891641
-0.11109628790370896
0.026173715927426455
-0.05883595322856772
0.027834508769915778
0.04350866040716783
0.0033465860622826638
-0.03269932688627197
0.023670091494794765
-0.00010656283812571221
-0.003933802945553677
0.022978906462797655
-0.035746646151811556
0.04262045140603582
0.07305490368363793
0.021594545629051165
0.004131466910111403
0.04601620376266463
0.03310291249193498
0.05421039104766273
-0.010988597454629878
-0.011120983235142545
0.127222954924139
-0.06020930672090696
-0.025491913674778877
0.11470554261589444
-0.060469598606706754
0.06398703773810532
0.0004393872279231381
-0.12781889198974505
-0.03631117268509243
1.3409865069535787e-05
-0.2264348422323842
0.05175692336137466
-0.08124292136558287
0.09886649496495287
-0.08627956561265504
-0.13258812402944775
-0.06298315367661145
0.14201192918006283
0.08090536030848028
0.012047050252581626
0.04745019238181092
0.08686208559876457
0.07373359632836646
0.07519347691873518
0.1702966123907817
0.014723722107259418
-0.008886730863805647
-0.01864627333487534
0.09121743674984101
-0.05594030012969997
-0.03017468726703687
0.008206788604071535
-0.02940905291333873
0.012523799113834888
0.05135106872326861
-0.029790610103745174
-0.014965141214996036
-0.018425989040383284
0.026166529373126524
-0.03018226948157654
-0.01582627742594178
-0.024629343560054306
0.04126418368736395
0.04074322709650513
-0.009977934802891109
0.04436090939166387
0.02847565376972122
-0.016607512243158373
0.13051593166922248
0.11559331001381945
-0.06538899828488465
-0.01386654523587083
0.030240711757630045
-0.03393784944316591
0.035816763206120594
0.0044522000934415495
-0.0005878215476945448
0.07335234665860862
0.1449465092600345
0.11387804470168877
-0.013330695602513098
-0.03576279653486536
-0.02469077599779912
-0.00010714100531072912
0.0800395352231727
0.0673821335396278
-0.026963853602615218
0.016117516736828597
-0.001044507363337277
-0.06759757256278909
0.00951497630924708
0.026913910390864437
0.11284648825184601
0.05147916632711719
0.05161412470378923
0.02159882558119891
0.061483104567289004
0.05665887223127586
-0.05547997673175076
0.04988933457450795
0.024785844279702485
0.025314071763287427
-0.05343260282193685
0.01483677846327075
-0.02003271193504086
0.00468366632190792
-0.02672789527054631
0.04619769078182945
-0.04114078394948162
-0.015392017802445479
-0.015588471630243572
-0.0002949275290551334
0.0049643210304943786
0.07062776395492198
0.09499057134825234
0.015763546146066454
0.020786618879170216
0.11553276074554525
0.008005725550580212
-0.0982142491897755
-0.08499506093838238
0.01409114513838683
-0.07046690948448675
-0.02448210875166157
-0.10332883227821921
-0.02143922085636074
-0.008445954137262346
-0.020609664172124398
-0.041633719275696146
-0.03917304860169135
-0.03999652159326972
-0.049162243104482584
0.08407657205984637
0.028278006707365966
-0.05059331609392048
-0.05456460325005641
-0.05538199322583892
-0.14162475022158794
-0.07186229612322581
-0.113230299747342
0.04046215514550633
-0.05509791727923652
-0.12292845216842141
0.07712981996830642
0.028496982033807627
0.0013505809553117643
0.018321463476038413
0.017673554867675578
-0.05293243629003541
0.02890486996747349
-0.06965395623126092
-0.06243516319732134
-0.0049703274095525
0.017136611327058127
-0.18571168113284564
-0.07878760599465873
0.0035139213588430973
0.025522740519118958
-0.10224580334593747
0.05958497918388639
0.07052430522181369
0.10652373851752922
-0.053972832236040214
-0.14502196590562455
0.06600708708622288
-0.012707285693945969
-0.11913361363209063
0.04208239283731241
0.0182348565801011
-0.04004736120420971
0.10793599212993393
0.04071952795477046
-0.3349693625599043
0.07442869527966955
-0.06490279527665421
0.1112566831743369
0.003131177914189154
-0.07828046116968168
0.022746526767873365
-0.2288298533421621
0.06119286579366867
-0.35928468199524555
0.07672518822559338
0.1958907217538297
-0.24075927356677373
0.02624844452925368
0.08869074596612919
0.037237501646623705
0.025884416777406383
0.17260522525575667
0.03966845817258974
0.09244324316365582
0.094382686886955
-0.14449780962108794
0.09082607814246446
-0.05924692338078241
-0.012970581778852353
0.024659373039287558
0.009025010764920127
0.12014828938264777
0.05571791371828122
-0.017388835134978686
-0.03287550295680297
-0.011024555101771694
0.03205599233870904
0.11549280383077715
0.08691092242016568
-0.04343759384591572
0.03652290861176638
0.05564052543639575
0.0725621365541888
-0.08046422401660103
-0.13208916899193246
0.0876308356491558
0.09106943750412361
-0.07298724824381553
-0.010183679095293496
-0.08442447922728191
-0.12178467436803297
0.014553645863662923
0.04358698799308175
-0.007737194547868365
-0.06629805304620051
-0.03861179639642842
0.11072103940588696
0.0957427852852979
0.008618192301700245
-0.06312211888068653
-0.04816581278089749
0.033214818186849904
0.00695948460781598
0.013965400272588857
0.1490415115476264
0.023036521726288117
0.0940911295491571
-0.041686159760385144
-0.02340522925218569
-0.024284213952966205
-0.10609505156729127
0.009562160640522732
0.036751968893623865
0.02799342220307449
-0.18115029743194833
-0.20768329671461738
0.034530223516228975
0.08183824105163723
0.08774004443558425
0.018527983075215082
0.048288296393131036
-0.06878701891616579
0.043711225953730615
-0.09276781797485545
0.023263973217844847
-0.19195910971049523
-0.28320553479943533
0.026081358155841228
-0.0004848757701889639
-0.05609215179018223
0.09673002625892446
-0.030203078676089956
-0.045058151446153216
0.09840793791712499
0.13596935438551316
-0.06621500262957802
0.04196823675655348
-0.11148912638673059
-0.0699885792922299
0.05450747734529526
0.00856349003865653
-0.040975580955960655
-0.05160834754345456
0.07888275748322382
0.062134535153446135
-0.03783255376314543
0.056600453724991895
0.007754668449913571
0.01172063437073495
-0.030951386877916987
0.051265582924247266
0.06599831613528856
-0.10363281748073028
-0.12660526995903176
-0.028753557210224212
0.12630543408839984
0.1199863148991886
0.010200993941571868
0.06856648039961794
0.013678401544408691
-0.059761666078681386
0.020723984517469318
0.03737331335203409
0.05592814101584187
-0.02102295629034001
-0.030475324188525943
-0.08347868054059926
-0.018616674624421403
0.014479686861003593
0.048299145842814806
-0.07001283414600301
-0.12152097218960511
0.06532410478071282
-0.005657025651415126
-0.17299707167446277
0.05009456401071166
0.038573862199413056
-0.03949553654801974
-0.15707629350855923
-0.08188279020703948
-0.035704637829952146
0.0347121442255669
-0.0011523644946291878
0.04538570767418265
-0.14819964906573235
0.06768729074632401
0.06152807286022666
0.011656376456375794
0.10747526498866639
-0.016893395951570245
0.08453998522928274
0.07025615421775949
0.05964939309688905
-0.11731492928276466
-7.554641927554062e-05
0.0751527342767298
-0.0259955310802924
-0.04546191498336816
0.01604564658709673
-0.0025199955464438872
0.07986335687978252
-0.08912439897941449
-0.05124059301515704
0.015176288833033014
0.08801439343340789
0.07789708626016106
-0.015237712943606985
-0.09703296107915549
-0.04244740205361697
-0.1062024185470466
0.013058266851032174
-0.04663712068722159
-0.02435259175351212
-0.014081714423576974
0.07263767764315088
-0.013076682437300091
0.006968186984974811
-0.03786669609456317
-0.09144857058354616
0.05350457409942716
-0.03766450993104997
-0.0992426447967224
-0.0008809048587004042
0.06849482440986804
0.08892960891552709
0.09914494341566321
0.031538426063223046
-0.033304554086560745
0.0949876334445603
-0.007300115436433829
0.022745803181930868
-0.02325229032490783
-0.24941550593790152
-0.06489457256101827
-0.011088644799304714
0.044872374467990306
0.06322252883351603
-0.2230165686451394
0.051645507749221886
0.03560126077535314
-0.03908273948676211
-0.01770332027474253
-0.09932361201599116
0.0021450085907238625
0.07086768417243056
-0.03526577681688492
-0.012000813995408088
0.10391819172462657
-0.020624435365324545
-0.08994709528589595
0.08672873470240361
-0.10042089033197354
0.11291886147947261
0.011758864246122047
0.09098249706622236
-0.024797023550729325
0.04075175345976978
-0.07325250718206266
-0.03553859417005867
0.0022747722996049324
0.0927664300784119
-0.06856597564823386
0.06827948409421708
0.00024012539944240352
-0.011373357614605228
-0.0040596958769381075
0.09818431498138164
0.06006127230102837
-0.0025907967867994097
-0.13715999502339593
0.12251069689903094
0.05001377370065213
-0.050223171043878856
0.08204662161180876
-0.08854292007703435
0.008754388569401084
0.08241182544895342
0.04693932608795337
0.047672642415656385
0.013379845748711094
-4.104744790955905e-06
0.07461881958836736
-0.021499778573312534
0.010055053657937851
-0.1155729548040858
-0.01767865228661125
-0.016533431096500406
0.012906267062795795
0.08482421048202354
-0.042751663950546415
-0.002010993989985943
-0.05607299866602622
0.07895859531650584
-0.07968813049030232
-0.038159956780256854
0.06528519391591636
0.057339218146676085
-0.022810613605575347
-0.017691629948278886
0.036410189189476416
0.004948261050914782
-0.046682704990860024
-0.10072633568161027
0.09510777903246709
0.06560621636931274
-0.0602003883230926
0.04122242472462362
0.08501246958051073
0.06671795876484776
0.018171367596791943
-0.04853509060401051
0.11692087652695887
-0.0575820898251348
0.06706430374555772
0.028293811805934432
0.028522709980999983
-0.07934261015473598
0.0347933352751732
-0.08639102784091479
0.08531907650047982
-0.025862013682566687
0.0900724883904302
-0.05258002421231911
0.03788654160275118
0.06989504270204056
0.04911244335096837
-0.000580798899298185
0.09166215999983551
-0.03426043155249858
0.05400710990291829
-0.07236316697780043
0.04377889422152065
0.015296863330214683
-0.1240458189892466
-0.014471406093504169
0.061514234556951264
0.009929367511795462
0.05918925480418902
0.06732548932894888
0.06054143506362902
0.010858339605368805
-0.03771355486220296
0.022674502121760476
0.0724614520605088
0.002797145456708283
0.0710622237813186
-0.09788630134035947
-0.009149092936931447
0.05417869585453211
-0.022578926833078605
0.10830566918205126
0.06525716381183466
-0.05740114197298185
0.07353854419972733
0.083270226359077
0.06654150260450298
-0.04295559632282375
0.11270920945622909
-0.0005666407704685295
-0.029306390813344074
-0.028529875417484085
-0.06401771006719026
-0.020715624684993994
0.05224405198244275
-0.05027551798608465
0.106106510082985
-0.013841662252055631
-0.10446311803862696
-0.04001635186483021
0.019083295556405977
0.011004374939416028
-0.02731068432507111
0.02071273440376331
-0.08113802141746018
-0.10385844292173185
-0.00036155792562475586
-0.07998145054641237
-0.027460431402698493
0.06400029531780843
0.031174571828932574
-0.0495843455105881
-0.043034297283088496
0.003807232195407406
-0.11239198807970008
0.00372311326983521
-0.0019706002802734046
0.019236312021187807
-0.08307128958805565
-0.014034551658736572
0.02696657432595212
0.11996373599351118
-0.060311809214349976
-0.004858096765076536
-0.029572807607758822
0.1180464515706684
-0.2663469341950879
-0.006109197152470935
0.0034377488837361025
-0.010613666851680748
0.05003548018603754
-0.061802379105490246
0.0240513063441129
0.05136322665302501
0.03760510950969742
0.02652100192684137
0.011710100403468426
0.03199705136039094
-0.006768031681712805
-0.10561560716462459
0.0012436751990718142
0.021730188704811138
0.08385377529070753
0.10203904696729604
-0.040367340610099944
-0.13038315920434207
-0.05367335282987451
-0.03134445685184917
0.05174039691988874
-0.07221177999557093
-0.014657695659412329
0.07557074427963922
0.07083583307374419
0.007781053534749949
-0.06928904137376157
0.02050296166858584
-0.07907166393972531
-0.1490818190583343
0.020465022309338887
-0.14962353438811782
0.007254389650013404
0.08482860251188057
0.03711318756386611
0.054397947269789304
0.1203896088476829
0.0030767318302424296
-0.06099156081351764
0.023599831472057575
0.06848883091448688
-0.05955210194113891
0.03076880356814088
0.03339049448078357
0.0872345202853198
-0.1491534971651305
0.03070387977875827
0.030154499262465717
-0.2410884292027493
-0.11675524993135411
0.0439930135279048
0.03047030934305328
-0.089078206101466
-0.12668831007840187
0.03836147548859942
-0.05847711545924861
-0.20792869173971418
0.08270729154106399
0.13101656070492823
-0.02727333607821969
-0.0126532672776275
0.06378266584959563
-0.028200326498773465
-0.023407060599205498
-0.0851906772852864
0.00278332233709061
-0.05499869645744504
-0.12098570840152922
-0.11774850457441244
-0.035923724522756384
-0.14194685591428313
-0.029463944946610754
-0.11212056858368646
0.06876476430873246
-0.012837834329466058
-0.2525707718762701
0.1179412995257666
0.08716100725460896
0.05100316367307445
-0.14870511933786223
-0.0027321301182761104
0.11264182107415655
-0.019831656583802815
0.096581411574369
-0.009544678341055213
0.048976459868090017
-0.07195873439842004
0.024726082033192598
-0.0021374066257587865
-0.2909820708504669
-0.028103068421661437
-0.20547979068328492
-0.019472382456037773
0.07510835942756244
0.02421375953238425
0.22524258761863164
-0.16384916598414623
-0.12573373676603894
0.06082529960776889
0.051882626990733316
-0.03457294866383498
0.023250560583312763
-0.14734656601717777
0.10217870121880607
0.014853645586074882
0.17254228578161884
0.12482016495788772
-0.01592074246360997
0.03531212696970709
0.09125178734660577
0.10064521593218734
0.05573927290478964
-0.14780731505815103
0.035567989023060964
0.05366641992935611
-0.14561234533469591
0.1145514954584071
0.04903983065923878
-0.031031040091295203
-0.09526720652965559
-0.09423247112948752
0.02256414257018613
0.02111111700743673
0.028267957890617035
-0.013628641708289924
-0.0076206716699267485
-0.06632983892856381
-0.07907853870494552
-0.10279754530429508
0.0046644528220637915
0.12525667533210832
-0.010285524458671813
-0.0037498362401512386
0.0568602965345692
0.0883985412317545
-0.0822134262957519
-0.021399394611470335
-0.0804655128503402
-0.20215404214658783
0.0021241990743131045
0.10787892860838189
-0.07545180927880946
-0.0014484243318361179
0.0059793486732165335
-0.05588607151038327
0.13514573890917198
0.02945854661460723
0.1147338987772612
-0.06274805366838732
-0.08065462216469554
0.00020761505655747525
0.04382881412116091
0.030693296494908373
0.06545961862320593
0.03021586829133238
0.03143098403286754
0.08333653727346918
0.032951188683014165
0.05373228997772428
-0.08370257573140927
0.016394242727289676
0.11938353902138127
0.0098003454342247
-0.033631763579120455
-0.1351792286243011
-0.006685540909085574
0.08684259075416129
-0.016256082778467684
-0.10757002598041188
0.014641537602337107
-0.022531771902595032
-0.12480491267400284
-0.012940852917991186
-0.04890600493119723
0.09943799435846584
-0.0689534787009235
0.1644067585498235
-0.235229182631718
0.04397549133858819
0.06451166792232332
-0.04948092763542511
0.03043132377084906
0.1585237266361446
0.04899988480871026
0.014270184392856045
-0.04704790719457341
0.06270184838958703
-0.002277639532470621
-0.04632306357447813
-0.03681056697602392
0.04013383031550127
0.09368449055965739
0.12069775867989618
0.010731960726195366
0.06857672109847468
-0.026323228634198004
-0.021067795066837758
0.055932221774239566
0.019836630677476652
-0.0958353328817585
0.0723360073273655
0.04980477862562993
-0.23370545918662822
0.08394459699923917
0.08106229312560848
0.11674347137226249
-0.1165880711033519
-0.2061366534234489
-0.09397883306591892
-0.0888367263119203
0.03162174156110181
0.05644361542743098
0.010866819020089291
-0.16670887377122168
-0.0454732796955134
0.08040007167993618
0.09163137235068985
-0.04144610923270442
-0.022523430615537188
-0.05769238326693016
-0.01786825773243894
0.02973849179237692
0.14792497217856015
0.1215216759146982
-0.0057063442846818635
0.0946226608542377
0.008943585677186505
0.07758924174688347
-0.19177751277999866
-0.024951768935654206
0.04332449942783756
0.0289281697466654
0.012118166468112812
-0.18447243477176367
0.09088055098369968
0.07270832333662619
0.05569115272101638
0.111598874416453
0.1429256617802358
0.06213268218755241
-0.011774852189599061
-0.01623182026632186
0.008262590216503274
0.030836869589486893
0.08060032617925733
0.0011294709557145843
0.0920083250113165
-0.016265620685828264
0.04172377654054721
0.05790598533139474
0.08953098540050058
0.10733187765021451
0.013716140774466479
-0.05653809206912719
-0.05215747358202549
0.036117429648820865
0.00904835749677635
-0.001743734751581072
0.049672782698506834
0.05980077990123939
0.05633559725318288
0.11066519577217238
-0.09850097817673387
-0.1184205481460463
-0.03166980779805928
-0.0669142605392411
-0.0033027026948609928
-0.022251832559416207
-0.02230006610068891
-0.018891963951541135
0.05527334263000627
0.0551372763632107
0.08220086610603988
-0.08069513119063032
0.08795058042487275
-0.10077715895630457
0.00570268166004001
0.029279807428308713
-0.0627885276677228
0.05187425805353424
0.05533446591230573
0.022938411040279494
0.04778101745215951
0.06508420241140783
0.05708234871460799
0.030341179891451853
0.03961954686219615
0.03996179834634506
-0.055308998280339305
0.031827995261378805
-0.009802218354843073
0.13193580724953935
-0.01600185476929883
0.1051194938299117
-0.018339433872281097
0.006566215339123882
-0.04152584155644112
-0.07023415179506842
0.01992792408864491
0.036238229855576176
-0.1776222101357221
0.034073650346555906
-0.07357863570656842
0.02224459952292751
0.006838162179868823
0.09179092021936858
-0.04071477759695219
0.11649783378429618
0.02576546016206588
0.0018136782204782875
0.02377199176027528
0.03380347843521697
0.0008199907785399474
-0.01133987695623051
0.04371301560985286
0.004331091704397216
0.0503063182111399
-0.09640484946580719
-0.0801028762798347
-0.018209531213543406
-0.05111458182371964
0.024362812114716192
-0.00859200553091799
-0.01146918470977687
0.004243282685433947
-0.050965100398458696
-0.12417958274063212
0.0396697312106668
0.09229211641992952
0.01538287543428346
0.027023493974343005
0.05044774993247936
-0.04119899267649685
0.030887542952363678
-0.1363633769405337
-0.026271109873796883
-0.009618725367887881
0.029238445225934884
-0.04727139614721487
-0.007690524071281457
-0.08394475188555184
-0.05526789485594086
0.0022981183371792446
0.038189848183003805
-0.04352144557302018
0.023179763458944458
0.1591675786533599
0.09968801120230214
-0.07784495741868402
0.08529916206122728
0.09327894502265249
0.09438707686538439
-0.1256180292834388
-0.06367337608346624
-0.2244328377487459
0.0885571606699515
-0.020858626234905864
-0.03796867061127629
0.09345643964790529
-0.055369209929460594
0.038270154092740205
-0.032666052787438726
0.013180817600048578
0.052695061165843105
-0.011142345311860202
0.10212217744371443
0.1351489444146326
-0.05378201240651004
-0.040888202479100966
-0.07105948118423366
-0.010237397877726595
0.02510461831254096
-0.2153642846539322
-0.16938167771039192
0.07529075715419425
-0.02945978325361831
-0.04128360585270374
-0.09553444281244206
-0.19708241971022877
-0.18454784987301454
0.05469610791361873
-0.07137950968980633
0.039081208778714904
-0.024863455660158462
-0.0450798060205021
0.15749457550207296
0.09194493849346702
0.17679859617078014
0.19140973516111276
-0.05041627183705599
0.04385171987676317
0.01990574092205194
-0.007642705807756722
0.02063572616222642
0.03299689910626297
0.15043179370068877
-0.013182659121456997
-0.010273572467598413
-0.1492523163113012
0.019563431309548074
-0.03317286163655475
0.03366593701155973
-0.033783725992339475
0.020774683323280918
-0.0701923097453856
0.021439884625632732
0.11511774032669952
0.10169392309334568
-0.24768777379506635
0.011029153491777133
-0.07040944769645774
-0.03852727889689944
0.019180770973518446
-0.16697352201368365
0.018708308447742072
-0.07004920412105164
0.11517190972782426
0.06724232648342365
-0.01434302589255565
0.04687208827121847
-0.10373394946102865
0.04958839832052492
0.058320298416607685
-0.15314432599442107
-0.010028135085236478
0.041721421197377484
-0.12963091210705846
0.09532386343330951
-0.17062659327388918
0.0737573428102748
-0.19172128571785751
0.04051074971471347
0.0751315546329574
0.04543768691275335
0.05900040333626844
-0.02492188186596933
0.030838147557931628
-0.002237710747265309
-0.032677315037651034
-0.033876516089488606
0.031762289116010534
0.037141493663543745
0.06832285572817648
-0.09327988311308255
0.04077931885257058
0.10171845190647089
0.06248106888856031
-0.0004937124191437547
0.13527602311605363
-0.008756313042430741
0.11855012462925424
-0.03507064191080944
0.08827480408841781
0.024634071209002906
-0.03899473242749785
-0.1248314130033713
0.14800658670044303
0.010562444401045867
0.029523172699182698
-0.011026902190088506
-0.059433931186887445
-0.09980843116973714
0.09888574318600474
-0.01162548699242516
0.09181497967017671
0.0130800449754086
-0.018600134552721248
0.06190020851492528
0.11085861082313242
-0.0775375916962705
0.04091722603471121
0.004222544817488183
-0.028028556793207926
0.03477160367410975
-0.083933791230562
-0.12854080535297485
-0.012618388121311663
-0.06266907945855027
-0.01616947409898184
-0.15240841081663314
0.11640858622563732
-0.0606196637131442
0.022524990803037326
-0.18292039413726002
0.021668274387920294
0.10968563895225902
-0.2004617506088452
0.045045846329434314
0.04315954505412667
0.05321447388144651
0.03228323150168422
-0.09415768535435098
0.13182667716031388
0.01261853064926105
-0.05640775844359003
-0.1370515225029082
-0.0915747986249138
0.009160175802650106
0.0009723509851688461
-0.0006760740794237163
-0.00418691172488328
0.04426798654058145
0.031318129097817615
-0.05362351663419895
0.12492802047799567
-0.03548754192118575
0.0022085370365913515
-0.5204099026173703
0.03407760719623093
-0.038194139422763285
0.16016622288990467
0.024895062812905044
0.22415322270783455
0.034102082143573076
-0.00983173440524554
-0.05304437779257809
0.062334387619152276
-0.07770104905571473
-0.0867115168440794
0.08744716370314509
-0.003953783460601268
-0.014178352528312455
0.0091277565797096
0.07954013128197235
-0.07063912648309423
0.10847082836860505
-0.10195809094696096
-0.03708621738572748
0.04385323393748869
-0.06194587134617535
0.16703053616250846
-0.010463359456250432
-0.09975298188177328
-0.05822893595136769
0.059549743234465824
0.03634260257884825
0.08159338497802171
-0.1683534722310397
-0.06338554109805061
-0.12663556402794818
-0.07672838517834313
-0.07527083025229231
0.04301779404336903
0.005170931402090795
0.08924282443200432
0.024821306975718715
-0.061648358896708166
-0.06913403882829883
0.06519759881115478
0.0024176803950680115
0.06259852732965626
-0.23552587894624621
0.021559576310751005
0.0012744735698668186
-0.12843370766262552
-0.04534208545608687
-0.1669231075612697
-0.06652910107330856
-0.037799806106288636
0.0051228021655178035
-0.27511338490616155
0.06599481100676069
0.010726100029927521
0.028364887281249307
0.016210235708370435
-0.09733180662249596
0.06432185054791545
0.03588459930071347
-0.027781753273654397
-0.05904586070389228
-0.0431550126438317
0.034638689424191016
-0.12388509788031576
-0.1640763819770351
0.022760229167955615
-0.06018726188878376
0.011186546370124062
0.05535370766833453
-0.06008342130924438
-0.055395027877503056
0.053160011851511535
0.0004310298158775039
-0.14501691260082428
-0.03032804308374315
-0.06031633782607093
0.2305507661521236
0.12845435058080823
0.012436938076759718
0.06471305371363395
0.03414638909663087
0.01147038265626149
-0.07686151417240816
0.045932068999660125
0.11897786506956187
0.030310752261013596
-0.11378632981368719
-0.034846022478392635
0.10821223189187185
0.08414556853873434
0.08719304454817267
-0.044506361319727294
0.06580577790802206
0.057259619667226314
-0.009523914809586587
-0.03141538970726676
0.1128829503388259
0.06473926427516596
0.03680511562612926
0.06534781852343868
-0.08030343695616071
-0.029498464306194627
-0.057417927911200595
0.0704481152173943
0.07328454982969712
-0.17124172655653425
-0.0453291708243152
-0.05760717195106735
0.05772250024785802
-0.042720098306016974
-0.022315275770940612
-0.10994157826569073
-0.016174279413037174
-0.005274191219425073
-0.07022906532776996
-0.005179203367198237
-0.020507096043175577
0.06583800294570002
0.009461735166902963
0.06790376867851328
-0.09692737369142068
-0.012876666297103045
0.08853915628329373
0.030236546806269415
-0.01667891998607196
-0.08318912244954013
-0.004008607649464313
-0.11092034385014149
-0.041899241004355714
-0.04936861548847393
0.1284717692691172
0.1297888204682875
0.035668230168862336
-0.028066430259135022
-0.003089449971196978
0.06064296079448456
-0.06584348012725405
0.14620337573573494
0.056075190694015675
0.09807015714573541
0.08398369171031345
-0.010718133946040487
-0.046113104177402886
-0.04295407068010637
0.1019206463314708
0.032233748456497124
0.07820897937494353
-0.009374161139899084
0.056972034992413656
0.07485309702294973
-0.018947961323026785
0.01722561104073339
0.035086112129592506
-0.0037052065740307283
0.051183809998884944
0.06051664564095899
0.037530324960874106
-0.10465652187785712
-0.077335451428453
0.01554843717753368
-0.13600350829133945
0.02557033286542204
-0.1423716313627592
0.05465858300933646
-0.005776796573096488
0.002653040327890488
-0.13596993117533307
0.035583961560587796
-0.08116922294036177
-0.015119085398714316
0.0620073556770534
0.09335689334957892
0.0265439816362269
0.0745326862684147
0.04660369448727447
-0.060318480926737084
0.03943419022140365
-0.04339502302917386
-0.09581222339111928
-0.17146897109873815
-0.017989208254443723
0.10518582880866306
-0.18804611768525525
0.058558395114733375
0.07046915000446186
0.17035925429656168
-0.1394543707457322
0.033147105561546764
-0.014738599813156061
-0.18382170899029915
0.10661085034955953
0.046291763489302085
0.0513493485966679
0.015794802428090227
0.11433846364933758
0.05934110723968011
0.021513646310783674
-0.02238259500348383
-0.03714459021382499
0.09825464933204514
0.02787090830489075
-0.06736484349638883
-0.02424703836025688
0.06759499978230632
0.03177734567231172
0.0715741036626405
0.0993595904210694
-0.05888340857669172
0.02572496440013594
-0.018758275435812877
-0.007183820890043657
-0.1096714102579931
-0.0435638771925595
-0.0019338898910900015
-0.028345641986435632
-0.012061310490083965
-0.10120026082254585
0.11606076286606243
0.044824432386602275
0.05843698054700086
0.14773966008229578
-0.03509206847269797
0.02651485064622705
0.04064888657079979
0.04228570660258396
-0.07412361583796423
0.08821742500171198
0.042034197485157576
-0.09801397754108077
0.03008659986824741
-0.013473853748719455
0.014001521358528113
-0.03860950283545583
-0.005270580280477555
-0.026140447394677357
0.001107505339789705
-0.09569437134816883
0.08207561298596605
0.04404907421885784
0.10461182095082266
-0.32652687592226537
0.024278857473191806
-0.046969546544637475
-0.16248965710477858
0.01679532458895716
0.052500959523573976
-0.03329626435409472
0.06639677467847688
-0.03941311500035061
0.00254462172601444
0.08150288053287552
0.025299964283162668
0.042057788054154666
0.10715128607277524
-0.014179763132374013
-0.015110062578457373
0.02052311629250525
0.004826291588794773
0.013488033093651208
0.02945142355833391
-0.23160672361780532
-0.08956263309198975
-0.1240966722575606
-0.07434285225051496
-0.00570385932316142
0.02351942076648761
0.03524415770693107
0.09043041263726148
-0.037781540480327
0.09316790386904561
-0.0974822215604797
-0.16381658142331945
-0.04350079335237267
0.16476859640376024
0.12584408232747302
-0.017820023537731378
-0.012602704829892453
0.03182560427326392
0.07681804923587454
0.02005421103238525
-0.01078450873575132
0.07874873686478406
0.10112740644062473
-0.057225608891438906
-0.12360088232685673
-0.05295099570049688
0.08287538704847563
-0.14340572091095605
0.006721309029238842
-0.0644173960582326
-0.16567311210978009
0.046097688127712644
0.04518971151193446
-0.019647622078681093
0.024904358461381892
0.1661906150544789
0.02351944364118891
0.09950675067312598
0.03004385155431394
-0.15520989086737502
-0.08884146309723995
0.047672023825623244
-0.022252387626858883
-0.04914194064491406
0.00922827344060434
-0.05939780833844688
-0.08753849417318094
-0.13728448386422376
-0.16115006967879797
-0.12048674351250332
0.05168206136211767
-0.014146119482626451
0.0156219506377267
-0.026688484226640052
0.044606635025767005
-0.04545822050846371
-0.08852571462847769
0.014610259415484772
-0.08810224097237873
-0.032702031955536226
-0.03276256269957856
-0.1549961225532802
0.03033053420697851
-0.004605175965234354
0.0035323141922813384
-0.10336180748309998
-0.05609829012386647
-0.0350034012792918
-0.005894394336648845
0.0959212848341966
-0.037811045050114234
-0.19416485420176832
-0.16247298635797458
0.03344383331659012
-0.001659188457917793
-0.01836011261579573
0.10319315962640585
0.00831072869684174
0.04715494895591943
-0.032707582885611375
0.1244791379940352
0.14474791950446192
-0.014340776154029733
-0.03616201993538948
-0.006019405140106571
0.05401366496342408
0.09510156453276436
-0.14620834887671152
-0.032716093932617096
0.017906731617604532
0.10086746134548863
0.012174249677463833
0.06544937879912227
-0.09816365888397938
-0.09994930552388814
0.048801630577949284
0.020707815684403164
0.030341240946036796
-0.04957020090791897
0.09020908898952767
-0.06276390419966837
0.04519976425941602
0.09304448749693306
0.044427134005241564
0.03611398565401641
-0.014352390957728445
0.09081004225876249
-0.13505913602935127
-0.03842715762854754
0.08954595806580012
-0.07003728807607779
0.04904324766497892
-0.040047790949226725
-0.013758787076242784
0.06545495197488599
0.02814994466552101
0.049089115066974165
-0.03208726764192338
0.02909598005600056
0.12884346461554796
-0.015974342089215998
-0.05444150552787419
0.03596898331937348
-0.11042245761429015
0.02177934420004546
0.02973311984627036
-0.020949032723584837
-0.025870230108468673
-0.005555732100095967
-0.0507292395655885
-0.016734937739428246
-0.06049425939800479
0.046753545074944114
-0.03466508769814247
-0.008093872420550041
-0.002650379007713255
-0.004210795150750735
0.02867779140381216
0.06160381902583595
-0.1389097831491839
-0.06769008591845893
-0.05028571814565874
-0.025728255232203123
0.1550360173142133
0.051998814035549124
-0.017924379619387865
-0.1708050634198096
-0.06597182260867629
-0.11616255626830119
-0.012698027796757883
-0.04587962453036343
-0.22557914047340144
0.07259265824407618
0.15157878857846924
0.008402359737442466
0.11253350732350526
-0.01048294098506708
-0.08876850420557003
-0.03399210729189539
-0.21709087186486842
0.003596865142467487
-0.00584078778683772
-0.2767437954170171
0.10796584059147907
0.08172784867805949
0.10177502577906777
0.01190833743886649
0.07653650747479979
0.10321382206525292
-0.21849589454488416
0.14441340590595791
0.005987240380660619
0.03876976010447153
0.018000677791959685
-0.16438133994126725
0.11654202942639796
-0.004572485856746522
-0.05979295885278202
0.09113376878283108
0.0014252528233980044
-0.03160603154682251
-0.13496265070661928
0.06133570719879167
-0.060896976097062905
0.03090687450909002
0.00861931579586317
0.0471862685176237
-0.2742967935052082
0.0038216105111395504
0.047841214170549595
0.038869140727672113
0.004935010120492744
0.007893172186673292
0.07971908052065402
0.019171442534851035
0.11810179473676435
0.09377951404917156
0.10619713117926255
-0.01956279711169251
0.07378157145227487
-0.0013914841605160433
-0.08194637196367105
-0.15010005927581827
0.02808164310983685
0.05436395949654799
0.07031522554969521
0.033607638006102614
0.020220094635998942
0.017769179386403544
-0.018633002534072296
-0.10686495204202984
-0.08246368140299476
-0.0792833957283936
0.040015832848352195
0.014724330156641874
0.08058612671289622
-0.14720321897858157
0.03899349567090932
-0.027940923284780705
-0.00035376720302904285
-0.23597228667475423
0.033413316449913744
-0.034248346397336205
0.1455569221473605
-0.017817860165184385
-0.012432809853406113
0.04704291537527544
0.003735623910047614
0.013245020296900833
0.0281784068722174
-0.13525534452370003
-0.027026478553677347
0.06480326779422424
0.042744640815148505
0.06434741393317278
0.1092283894905709
0.030585042229704817
-0.025063816417746465
0.10738708102808442
0.032205165938622604
-0.0817536965975556
0.03807903946187047
-0.05356942784924379
0.03436894367627885
-0.06625638954806079
-0.0758082065806005
-0.12322500993875651
0.04742861060937892
0.0788761921606797
0.12777536232973874
-0.07239633882694518
0.0824944146069409
-0.0014546718046362095
-0.3484535254407537
0.07223769162439525
-0.03554264364121362
-0.2067546782836892
0.1649346348657662
0.033589465418487674
-0.11694350289895405
-0.40309827433248524
0.004631329630905845
-0.00540612550229258
0.03364175922095536
0.03228088800626461
0.06256797281945609
0.10464194850628672
0.010955160562101718
0.15221305290406906
-0.024335732265044263
0.033168885422363126
0.14241866950722576
0.1612028570837118
0.05621004442618788
0.014034347868061736
-0.018518834457808997
0.015544760226024246
0.007346526979379375
0.049656438567597216
0.13678028086343652
-0.04840384687097454
0.02909391709601028
-0.0011261549774649326
-0.20649902541287557
-0.002467780950412113
0.08887023559552665
0.11344346927824306
0.017022892411180046
-0.14747444043817404
-0.06039737091412012
-0.08138811674587854
0.10668596452114404
0.009230827666398267
0.10273248700340049
-0.007541910990211842
0.027238954609054233
-0.09583660834965702
-0.005571816143377317
0.009905796498533681
-0.043980272426439315
-0.012864341739044716
0.049945020549646446
0.03012204583371758
-0.026999597708049605
0.11357797453871815
-0.013109588166291153
0.14867765352758744
0.03860280475102007
0.10022920070972657
-0.06562044448899396
0.04575268131742871
0.052054657522748626
-0.006834362980527975
-0.08909509027403972
-0.07351583312859089
-0.1742933539187803
0.04534562065462788
0.12173992683265333
0.07912603075907498
0.04184485935199439
0.0056523461007885745
-0.06028917576210224
-0.0046644431345679305
0.05163109616246514
-0.049355212741393095
-0.02843236699354923
-0.1585189696221604
-0.06867864836324522
0.0329558041454065
-0.11760311247495059
-0.027203654149912104
0.0926548301797474
-0.07510084261950789
-0.01827699961405216
-0.12133673176181636
-0.08613929007856369
0.010568164306573313
0.05029134548859365
0.06980703114630848
0.0950358250510081
0.01503634827812872
0.014518344221501223
0.08616001442963844
0.016025015764231654
-0.05877895916072651
0.012606932203270249
0.028205836906969595
0.05605281297974929
-0.2085336345247526
0.020685625031862886
0.08404719412810624
-0.04900114226051011
-0.04754711547264989
0.02496811212656108
-0.035675767467864494
0.012365203635735511
-0.07588482561068954
0.027336207660883072
-0.0964589477540313
-0.01219381839580036
-0.07515448627720844
0.05759233347526482
-0.002775542689719246
-0.052924552000221725
0.07821390077561297
0.0067056290723343515
-0.07786642852187553
-0.008573918484047871
0.023628677199686254
0.05264244789767558
-0.0017574017364441197
0.03926353613495365
-0.015857478825683002
0.09408345167107962
-0.3654203291280147
-0.09488854593771046
-0.030085532001758897
0.11523851184108214
-0.04509405744811967
0.056523899955740475
-0.06759213155241939
0.08939064543696057
0.11013767985220235
0.0662915527625757
0.04022428378111492
0.012953778907249025
-0.03780248521906715
0.06473640715252404
0.043276437863258466
-0.014499308708210923
0.05893039732441463
-0.055912757210591524
0.09023683157961826
-0.001779371856322376
-0.03295855376426582
-0.02381959897317043
-0.06482729511795327
-0.07189251497615334
0.00025007733743981353
-0.005943601730516002
0.09470444825971425
0.039255166754494586
0.05434088589901481
-0.027591152143649378
0.028318078353893272
0.030642860257365345
-0.006388890563390426
0.024470570893279753
-0.042986465751725156
0.08379463514454227
-0.042021273340988485
-0.2991623548537201
-0.020799410292569598
-0.07209801226272938
0.04712076076077254
0.02367191247692424
0.03422547439828699
0.046440397382675414
0.06332992241247609
-0.053513509491245004
-0.11589982340961591
0.008814345369227705
0.0734938141751777
0.0878067742095579
-0.046742396839137945
-0.0013718080919586928
-0.04463680720386243
-0.004802204061010618
-0.14775625690375505
0.02047484993914711
0.1130014958128705
-0.06945003885209566
-0.08590889524580947
0.10806474713589564
0.10946284518530836
0.11665611491944061
0.13833546861213025
-0.15812243169195372
0.15303752156967315
-0.0011351950760217777
-0.062234923777092055
-0.16394806384897498
0.05276147508726625
0.10287748767491411
-0.08737455453733023
-0.4333174506129477
-0.017664580610973535
0.020817499653704608
-0.05602249349864452
0.049714511875648015
0.057022723460742886
0.007290538694903759
-0.13184484706077693
0.011822916321750088
-0.02496959841450974
0.10155809490560791
-0.0327160555926872
-0.23915469644838128
0.11452120372223523
-0.14972565518048986
0.012327153103064703
0.03003641955761227
-0.04319972555232854
-0.10512870349250558
-0.05461467196250813
0.12229333372219942
0.03369472874756485
0.15011902425409307
-0.22837530318611032
-0.30593341861842105
-0.022047722847696294
-0.0492672035532149
0.07828716306609129
-0.29529850135326996
0.12502455964046277
0.07887156981181304
-0.02783010837618216
0.035820845526434775
-0.06750720154242407
-0.07810932408142757
-0.10028909189550494
0.06627620972198478
0.08430249776055543
-0.1850473608983928
0.005109834850419437
-0.2161530689224005
-0.0028492570764218073
0.015722394634876846
-0.25583367235885324
0.008046659911243759
0.021021978455855073
0.14584342470131528
0.05700507251007386
-0.12315843742998323
0.03967582815084941
0.16040764199825164
-0.10854311493549007
-0.053602044134353655
-0.13662998434325635
0.03669523558551202
0.01233086317681964
0.03404235353105606
-0.13572903519915747
0.06712667883650758
-0.0014711305242197659
0.15932782247656913
-0.058083680940555604
0.04959129033810372
-0.016521014983828852
0.00010096078818394583
-0.09562551101393779
-0.06982106084260986
-0.017843444519342166
0.08868261854032933
0.061605504940806854
-0.11607776101312484
0.05831234947219027
0.15253297030046842
0.07989956366581902
-0.11149639680140877
0.03580625508815771
0.06869105022143612
-0.003960852229555667
-0.1965634808707335
0.05994847529684327
0.049969195828512225
-0.06141787919282249
