0.038808666215561734
0.039661817423688135
0.04178538971120226
0.042914337797008185
0.0443674151887951
0.046766976812935436
0.04963983812387689
0.053320781903529645
0.05755684150305517
0.06233626639580629
0.06760169449706054
0.07316835050517338
0.07920675294951739
0.0854350787409654
0.0915901941481694
0.09766416987794012
0.10381617066364789
0.10998320893737017
0.11628396962695427
0.12277779572017704
0.12929516872579652
0.1362151425437688
0.14305775246972396
0.14928871950531303
0.15518850053995045
0.16120554418884073
0.16733387666247285
0.1735403921419841
0.18006951932988938
0.18658554816794864
0.19337708595317346
0.20068593784761185
0.2084878581385918
0.2166851623713332
0.22471076151387476
0.23279621398509295
0.24108502601191778
0.24973759107687113
0.2587273759726651
0.2673964668022689
0.27615643780255117
0.28500762992888645
0.29416455599561486
0.3039028509859288
0.3130226294362469
0.3215002793068267
0.32941680182610406
0.3368517296252309
0.34388880061733607
0.35001781053372455
0.3551201998750258
0.3598515031585629
0.36377541230261434
0.3681893208410654
0.3722538001444723
0.3759868373267365
0.3796951557182628
0.38376074038212993
0.38782906626743063
0.392261002376568
0.3964762471007645
0.40102687369694306
0.40545960919356366
0.4094807395406777
0.4139361406492218
0.4181869946581714
0.4223904944661074
0.4264152619277313
0.42970579316371815
0.43357499534093186
0.43845579524037076
0.4430916158343273
0.4482678704818588
0.45347292122040206
0.4600649659883667
0.46659053875355
0.47309044194093847
0.4793726341537385
0.4851120895875249
0.4903772049086195
0.4955796473669301
0.49998993220881055
0.5032999735429703
0.5076465679873123
0.5114954723196119
0.5152802217215101
0.519747391669425
0.523137027632013
0.5268136528257372
0.531143323059211
0.5352803283957217
0.5397999728630903
0.5443758906494282
0.549835575129565
0.5557033418688113
0.5618905739929401
0.5688230695798959
0.5762361555524635
0.5842398454747221
0.5923747437293496
0.5996933282335811
0.6068101417103036
0.6139372381335653
0.6204544792479953
0.6255306232881843
0.631381748918282
0.6366873643287687
0.6414932588961797
0.6454323506653583
0.6500416275375268
0.6546927443052384
0.6611074024819458
0.6681364550419814
0.6746858137559513
0.6807201133836566
0.6862303168373765
0.6903870405558076
0.6939694262012283
0.6975490076634491
0.7008094733766042
0.7049883275872169
0.7087990948234325
0.7133999741747082
0.7179476129385113
0.7227967346192027
0.7286187248354404
0.7344414224929674
0.7397693131811345
0.7453063147113377
0.7499017336500491
0.7548199097095591
0.7598152819214002
0.7637679184946473
0.766502845032064
0.7694380977933133
0.772571076218281
0.77609520706632
0.7802978063597868
0.7842287460020277
0.7867375786138502
0.7876467868868869
0.7892398418241484
0.7912660710978404
0.7946132336167874
0.798117407630913
0.8021288000085107
0.8053908896452547
0.8086504935803122
0.8104628447323684
0.8117347644777579
0.81168989029534
0.8126803087829039
0.8145236642447125
0.8166714026404611
0.8179188144292282
0.8199911174201219
0.8218551504138271
0.8245222235952142
0.8258372154713325
0.8260936615335785
0.8263894663825027
0.8255290636564113
0.823399392874636
0.8226916789373845
0.8222517541196004
0.8243678396115659
0.8247558034699121
0.825257303373432
0.8247926583223507
0.8233318481051729
0.8176212182307153
0.815383584651351
0.812825820818139
0.8098159737729508
0.8062371374204971
0.804228227082013
0.8012127909044571
0.7987225044347879
0.7973368110479218
0.7969933912731548
0.7979074107617906
0.7961029315974265
0.7962077539832896
0.7974047548881522
0.799130923032016
0.7957983621682931
0.7931472884890788
0.7917851054193735
0.789626941106418
0.7876386875537346
0.7831794541393856
0.7805487645673835
0.7790875662950824
0.7764202991700491
0.774928923768119
0.7747985774244732
0.7735312999469327
0.7722058575197701
0.7709453589455361
0.7703468093487548
0.7695322380569307
0.7663842856609714
0.7651200830229525
0.7652194106890833
0.765242886967608
0.7650576413012002
0.7667835247797367
0.7689895326949656
0.7672542916316591
0.76539544351759
0.7629094804243922
0.7617679057788176
0.7597687819779013
0.7568577595140019
0.7507610359637057
0.7416679992601033
0.7348766424138414
0.72959827150647
0.7246224132539916
0.7211251978115548
0.7214030666793128
0.724346448324462
0.7264591880228821
0.7294416417468375
0.7334690779455457
0.7409232620675548
0.7477221863932524
0.7542234346554416
0.7602875496324016
0.7665690294054651
0.7719604074349364
0.7764465140802107
0.7811499578508501
0.7865100593824977
0.787702928306955
0.7888309344410279
0.7901208088204591
0.7901952233770798
0.7905176231825094
0.7902179037610291
0.7898856793694129
0.7895322768506254
0.7888570565756777
0.7880121538963278
0.7866378840304101
0.7841266082004855
0.7790325564751674
0.7735931794140782
0.768704289073595
0.7653968873206238
0.7632141419518483
0.7611763302497904
0.7602110132299392
0.7585292622071478
0.7548212464043609
0.7498235594659138
0.7462001508946257
0.7448284082468183
0.7442340864728404
0.7446073251465767
0.7467193057592025
0.7489682863560678
0.7524560473170837
0.7550202514816582
0.7582226001304253
0.7605680004901456
0.7634447027597967
0.7662859514073361
0.7690007812514532
0.7701684010678038
0.7710134816364326
0.772108953329976
0.7722722354905209
0.77172385782653
0.7714424305066215
0.7719652833439832
0.769049105112387
0.7673433265326077
0.7661682286518217
0.7642890517396392
0.7635173345616038
0.7647290277029326
0.7664286036785284
0.7681658535925535
0.7684515755424028
0.7674505855087003
0.7673747048255624
0.7687344852214802
0.7689228547055155
0.7697516083552784
0.770966275206835
0.7724605330509892
0.7734291072126382
0.7742549640428091
0.7759574619934663
0.7753578835317554
0.7751897098938647
0.7739740078866246
0.7715842136111006
0.7706550910445379
0.7703337115522232
0.7701968438660807
0.7701407658750459
0.7717487529590941
0.77375601159158
0.7764378782410105
0.7808257879439298
0.7844882323664218
0.7881680841012814
0.7913397801993758
0.7937350267894054
0.7959953451223012
0.797569264745504
0.7982783952688494
0.7988690946056543
0.8000551873576741
0.8021771540589039
0.8035529717032914
0.8041240542132322
0.8043291713548396
0.8041148872202079
0.8048126349707625
0.8053092123207733
0.805008932765228
0.8045081530640826
0.8035759933912078
0.8025682048717211
0.8016491980031555
0.8014411368986416
0.8001933974198775
0.7989608458104137
0.7964037710234918
0.792328423368427
0.7896345271276446
0.7852706723058607
0.7823651340903173
0.7799764539642772
0.7788354803738764
0.777814885661896
0.7758323478291745
0.7696969244270816
0.7631547662533626
0.7585437785550169
0.7556717254847108
0.7546845019236691
0.7539580967095457
0.7540696287440752
0.7563284335831506
0.7591270875666646
0.7629407701050749
0.7662936790020763
0.7679798546503597
0.7699276394985545
0.772655090012809
0.7747545666872215
0.7757902303751386
0.7771678635023105
0.7782504191818463
0.7796650844042993
0.7809955734353021
0.7825755456398164
0.7847144155898002
0.7857730946289936
0.7863313740144264
0.7868369376319816
0.7869445924784632
0.7861330961788848
0.7836792912229298
0.7807654132529994
0.778150008702478
0.7768564886382522
0.7777433438079321
0.7795711338170803
0.7825006558180735
0.7862911559461858
0.7897700500454086
0.7912545087335429
0.7924693501916525
0.793329880794968
0.7950236788032243
0.7961856430841945
0.797705644680008
0.7981291794631417
0.7990977272876405
0.7981182845360838
0.7964616729845676
0.7947810699243965
0.7924744056822299
0.7893283055122228
0.7858552412256615
0.7818840952206878
0.779293134969064
0.7763595560359947
0.773902393664885
0.7720977192221725
0.7715183063430711
0.7723452955988792
0.7742993017082856
0.7751202232673701
0.7771045290681432
0.7782895594916623
0.7773092625201878
0.7772833413929823
0.7763173090243201
0.7749912046103622
0.7725943350296312
0.7688531562574622
0.7642756226208153
0.7576066033598701
0.7491794620014774
0.7441438845888514
0.7394258099028557
0.7337247845339898
0.7292975632664366
0.7271616192770617
0.7272342526361375
0.7283627787794785
0.7301056076133858
0.7324199591187804
0.7361360715882972
0.7399054583353509
0.7424494586661566
0.7419103699597637
0.7407330949234123
0.7387966618043718
0.7358633078755701
0.7344852693840245
0.7359906676172918
0.7369166722616265
0.7371533973828612
0.7371300547484041
0.7376218271712288
0.7372272997803196
0.7374711452131429
0.7371319982476461
0.7367626294346709
0.7374779995949065
0.7385691091694856
0.7361215838464544
0.7348669138819492
0.733644680703479
0.7334594864194136
0.7342697081266635
0.7340911471887471
0.73316869365687
0.7347384236042783
0.7378902522702699
0.740853009775279
0.7423675040154086
0.7436665163905967
0.7447955396618234
0.7455419067939647
0.7457325468824043
0.7461573912721959
0.7452950829691198
0.7457696559796393
0.7464881122841548
0.7454413048998604
0.7444347788588346
0.7427282598624955
0.7403992221507609
0.7388909570946
0.7372155333457658
0.737297976806451
0.7382137177650739
0.7392221557782517
0.740579043440224
0.7430737812173799
0.7465038492911885
0.7493179155230528
0.7524213944484546
0.7565931722926503
0.7599503651097511
0.7620766278511294
0.7648890695365602
0.76745184091738
0.7693218844877698
0.7710760998985607
0.7723696568053368
0.7731108206770522
0.7729455630993337
0.7730092016657258
0.7731523388162146
0.7733509044569015
0.7734240828891293
0.7740422724245216
0.7749195187483153
0.7751821681399691
0.7754445845976822
0.774226940083622
0.7736346194845849
0.7733534546804384
0.773445939016025
0.7731524921116483
0.7731818217689408
0.7736120071091904
0.7742462313071643
0.7749112900425457
0.7766561451763994
0.7789481707972363
0.7802591293198203
0.7815533049901129
0.7826025452262162
0.7832738906252058
0.7844772346644994
0.785740673106152
0.7869094812660503
0.7882057212567596
0.7899334058884089
0.7913128388038734
0.7916560741908171
0.7914182792789528
0.7901272994289635
0.7877397563882226
0.7865026807590014
0.7854559993192501
0.784716358515464
0.7845669010480937
0.7845567241826173
0.7837546884418318
0.7815573394523591
0.7804613760548872
0.778986515040983
0.7771412288640958
0.7761727178689367
0.7756811972176634
0.7754004556295935
0.7756111213933066
0.7754292845147107
0.7753206770883354
0.7746303866775702
0.7743238230273602
0.7748316882156928
0.7753216091866783
0.7765096138565437
0.7779673355458647
0.7787150502390087
0.7792470554808018
0.7801843793867368
0.780149533336923
0.7804161349819104
0.7808187217925732
0.7817557209841861
0.7833409747196186
0.7859389070107557
0.7873958309007788
0.788376606816629
0.7894838488766942
0.7900232412351886
0.789872681739257
0.7892183121330231
0.78846412357412
0.7873011981337008
0.7858676897907524
0.7842407270746812
0.7830172027437462
0.7812165405362425
0.7793539987057369
0.7777844068217118
0.7762985529869857
0.7744432337169945
0.7725075967476127
0.7714974036111523
0.7716471729666868
0.7712619849831671
0.7715569701946993
0.7715784560687547
0.7707971195987855
0.7679719681317666
0.7650478096368301
0.7634824410082203
0.7636852587544474
0.7624558886211976
0.763050597854495
0.7629863471050171
0.7630961333784725
0.7639981715659567
0.7648646638721167
0.7640914500102168
0.7635393561301074
0.7618512075499307
0.7583911756193251
0.7546527472751892
0.7521495187497248
0.7506588168789933
0.7495095074998134
0.7487686708275375
0.7489907080410744
0.7468903163344844
0.7461742908369846
0.7449947124243541
0.7454700479256234
0.7451155631554226
0.7433277698183247
0.7421694925135842
0.7408082876071653
0.7398062495924698
0.739213527539332
0.7396803494453271
0.7399163448632611
0.7406692411087268
0.7426892391446728
0.7419409325370433
0.7424869879666998
0.7413788245570968
0.7411321911988162
0.7398431099103784
0.7367763601621031
0.7338013354482406
0.7282193312218839
0.7242289163618666
0.7163148532895118
0.7111638858832496
0.7087675511542262
0.705469433349968
0.7023804157166599
0.7000262845965683
0.6988597255286746
0.6980756500330221
0.6990109827844303
0.7009086976861133
0.7039061334293022
0.7066697421662688
0.7069599413046627
0.7095651601097991
0.711631405279389
0.7137549695279471
0.716347236496928
0.7197436360433703
0.7241745148320232
0.7298128592594879
0.7348819040103491
0.7394321904026504
0.7434909187418691
0.7479363184679206
0.7526807977326684
0.7581647101902301
0.7623485981313844
0.7663173510597973
0.769521740962615
0.7722413827090142
0.7722201469763221
0.7707688182028107
0.7690094808831821
0.7672548294030125
0.7656689268875911
0.764051898316446
0.7627075837137947
0.7594517054729757
0.7565822441119233
0.7539014012038993
0.7512477136708396
0.7484999213486098
0.744258970111484
0.7421388905423053
0.7405215389353543
0.7393414025469872
0.7379181927739188
0.7359072893029213
0.735342670846238
0.7347440250319017
0.7333368775249928
0.7335744811442267
0.7342999860908244
0.7358556207678271
0.7372757979924623
0.7389943936810853
0.7395723294845762
0.7386267674927885
0.7383887867078749
0.7382033537282187
0.7383877680684442
0.7367234863789767
0.7327037258033514
0.729567973307184
0.7274491641387225
0.7271589092566743
0.7267537260019945
0.7271619610037526
0.7262612167356552
0.7259237351000668
0.7254318167146996
0.7260032713024572
0.7239578435473092
0.7199195054282617
0.7175827508922094
0.7160075206880728
0.7146823598708844
0.7147928108557924
0.7160759834743192
0.7153675708221308
0.7164877369305269
0.7189664570264698
0.7219189649803291
0.7252051010481051
0.7272338223774418
0.7293671297547869
0.7321759229138239
0.7351505060562082
0.7372454985107557
0.7390187148984572
0.7406093929723813
0.7426194928404204
0.7442746319429138
0.7454381854457154
0.7463750214991618
0.7473142420550966
0.7478192712907602
0.7490291183276824
0.7497332450460817
0.7491902399561647
0.7473905294375496
0.7445838739596871
0.7430893575194807
0.7421616755973032
0.7413362742706159
0.7411623103653255
0.7414724420692436
0.7414902943569378
0.7420710301394363
0.7416474819099063
0.7425188917833604
0.7438401144212584
0.7452367964971219
0.7467460438093433
0.7479060929786205
0.7496058462897426
0.7507402075326662
0.751629580955902
0.7514021089645444
0.7511181962447523
0.7511172247957391
0.7496472934396943
0.7493343900610293
0.7503697080317249
0.7517248124834024
0.7514618034626912
0.7504070672231429
0.7490298620978944
0.7478972800111826
0.7468863690684869
0.7456592369988642
0.7429073038563315
0.7416685848231026
0.7413883323734769
0.7413123215392952
0.7414328155872416
0.7414916720513226
0.7416931553195654
0.7422781794269203
0.7439569027940459
0.7447127427578033
0.74539881300699
0.7466150601325425
0.7478229781888907
0.7489931530049763
0.7505051154331009
0.7516755836938978
0.7532122366463309
0.7548107266983446
0.7563010288614851
0.7582371595676531
0.7608005063417568
0.7635841632913264
0.7666584895286823
0.7694377041831787
0.7712925380240861
0.7721652129770237
0.7731148753619078
0.7739913798487809
0.7735503998779049
0.7736684172010806
0.7736506623969673
0.7734623033767284
0.77287678808969
0.771950968494484
0.769136935524052
0.7665491373307178
0.7634755672940161
0.7586972040919905
0.753571713991766
0.7496864507136979
0.7467809103479403
0.7446876429560342
0.7424055543653246
0.7402702649513232
0.7389965187882743
0.738237139319952
0.7378268967910124
0.7385480870689705
0.7371168167849383
0.7359938857025765
0.735701161095427
0.7347457305316561
0.735012772574312
0.734243019409726
0.7344972249712595
0.7340704180074519
0.7341271819530811
0.7350901298680363
0.735440916182913
0.7355784856238355
0.7356539117236031
0.735688874377854
0.7373449248639233
0.7397058078298008
0.7421192937942713
0.7440861514653478
0.7458225689128158
0.7441792605971566
0.7435538922726286
0.7430859989051675
0.7436001888380007
0.7447585899112245
0.7456369489313999
0.7444626892889384
0.7416971401031963
0.7389224374398129
0.7377287491793145
0.7359644091427154
0.7345095009661856
0.7338827958228914
0.7334089280932475
0.7332110160663281
0.7337566695656954
0.7348739917443857
0.7362895944722326
0.7377821874896199
0.739751192915124
0.7429472585379265
0.7467949585507389
0.7506857859817808
0.7522047833680936
0.7539091639466076
0.7564364179018451
0.7590588828649365
0.7616689264765004
0.7631422424045256
0.7645712925402891
0.7669080614339784
0.7682183272531443
0.7705067534436882
0.7722801808467517
0.773568788218232
0.773958944310309
0.7740868482413755
0.7738679405135741
0.7741780548973703
0.7743870704328178
0.7731815318813492
0.7722631832432425
0.7711571654034666
0.7697730286020794
0.769133205583527
0.7689921064233038
0.7689068958965429
0.7691248856640297
0.7694371271054917
0.7702178072415024
0.771298237319792
0.7716527004489937
0.7725663608715496
0.7734956397791732
0.7736352280692335
0.7745845934248324
0.7749281238544885
0.7754977349752901
0.776381313625177
0.7768137332038683
0.7776383439066661
0.7772145229844658
0.7777159192333677
0.7782869402118939
0.7784831833778171
0.7779514563505526
0.7780850414451094
0.7764491939917801
0.7751709137202871
0.7735560573581232
0.7724987566595313
0.7725610509077322
0.7723011948109395
0.7723109874609704
0.7722279472107425
0.7721039257067616
0.772600193998916
0.7734647568393325
0.7742719079482053
0.7739236032024188
0.7731608115302522
0.7724454547565148
0.7721471512087891
0.7716969998791707
0.7717270660272475
0.7717872670130624
0.772784176115288
0.7734644037915307
0.7746765121429443
0.7753684822438249
0.7762256221427366
0.7765836177006417
0.7766590591801055
0.7761464461723928
0.7752830471089304
0.773158207308632
0.7716347604393252
0.7697317987536916
0.7674391292882532
0.7653224146561107
0.7638675316125193
0.7632513863387472
0.7629907612525063
0.7630559064135711
0.7638545315413798
0.7640725302366856
0.7648815493055414
0.7650717902462134
0.764759625316208
0.7649734641389883
0.7648505020075486
0.7632369481360558
0.7626071325687489
0.7618483380099317
0.7614378843366769
0.7607160580530323
0.7591711180906963
0.7571129543837863
0.7559604086654313
0.7537544996888768
0.7511065658459624
0.7485451665863878
0.7462983457879141
0.7438865893482766
0.7413227149364241
0.7371466895196247
0.7327552849261241
0.7301856676541946
0.7281034802807705
0.726335437301577
0.7245079710861908
0.7228682517578789
0.7214515391969981
0.7199128542108126
0.7193424963326922
0.7198193447915742
0.7180699781613298
0.7159224610887621
0.715005255270073
0.7162557528643824
0.7175633652773428
0.7197292866755229
0.7215867886816812
0.7239469059092876
0.7252002627376457
0.7266498670047667
0.727643250606575
0.7280931497857196
0.7287774509577436
0.7288679316206448
0.7286081794471518
0.7271084955411886
0.7264821473981907
0.727174524853914
0.728683399312845
0.7313242936889698
0.7335004262213772
0.7350025058506652
0.7347318791551707
0.7353532997417315
0.7362072399613834
0.737578943143683
0.7380699882711222
0.7377350153033679
0.7374529128246061
0.7363645564029455
0.7343020329667623
0.731247747051875
0.7283713068394787
0.7267176633957613
0.7265646055939126
0.7266688750796284
0.7261908874874443
0.7265876402562262
0.7270867052739656
0.7265388718978473
0.7268873813035572
0.7251519930904794
0.7233695398944525
0.7227266698623961
0.7218919289329149
0.7212122836787122
0.7214684589353558
0.7220441184686545
0.721318948270335
0.7210129258875845
0.7200227729482627
0.7187229211514484
0.7174507271626775
0.7160829062943461
0.7159732432779933
0.7160401158650438
0.7167065651823058
0.7177391363473069
0.7151062620034667
0.7102711224760904
0.7065562328115776
0.7037602480086298
0.6989027905029528
0.6955166472057411
0.6933555190669322
0.6915505709435467
0.6879459395925824
0.6862765523050175
0.6875617062621263
0.6897617600974604
0.6921468106200778
0.6954445239259449
0.6991525078069188
0.702876760083241
0.7066902109236246
0.7101531941740491
0.7119819723989003
0.7122643451334374
0.7110791079743414
0.709153322855454
0.7057437789840546
0.7028642216197343
0.700816474407987
0.7005055851412647
0.7008830841688376
0.6993241605587173
0.7005512347879637
0.7021093605132669
0.7042913343079529
0.7067589509200326
0.7089414618539437
0.7122379329236879
0.7163860497247687
0.7202307082082828
0.723655183706506
0.7270240502840117
0.7283152700816962
0.7278573322184134
0.7271290422877359
0.7250376014286865
0.7220617011108904
0.716775190768336
0.7122448046109657
0.7087494241422997
0.7057878695499892
0.7045807781383036
0.702777261847953
0.7006972304708305
0.6998269153756932
0.7015035946861795
0.7035467727387197
0.7060927697715259
0.7089445135537841
0.7129323635879632
0.7173275039338207
0.7210042701390118
0.7249005213766844
0.7284781333532482
0.7313903917279534
0.7339003381570663
0.7365419104123607
0.7395423034110524
0.7412284535373502
0.7427092440530293
0.744164077744459
0.7448374243778474
0.7458340106146166
0.7467548573763004
0.747887872869264
0.7481367684143907
0.7482649292612902
0.7481583479746623
0.7483676862208448
0.7485752348811451
0.7481343790707372
0.7484899669172539
0.7479031880073319
0.7474428048836624
0.7465460692181627
0.7457297133349727
0.7453804447424472
0.7444244439800632
0.7437974844881771
0.7431073204714377
0.7424570949686803
0.7423128654475275
0.7415422628894675
0.7404285299280956
0.7386074961347754
0.735448695059721
0.733921571869841
0.7328026030800086
0.7310505099183474
0.7307422526323616
0.7304554659502259
0.7307836116110756
0.7310905396966129
0.7320061896836069
0.7327676204137791
0.7332149624191528
0.734397708045966
0.7367443589265134
0.739687233217251
0.7428486157623763
0.7460591590901365
0.7486005679561626
0.7509125334266653
0.7533678228180204
0.7555538436287007
0.7568310912015176
0.757532267744926
0.758818789609135
0.7597436026398184
0.7606950553721934
0.7595205782512725
0.7576983818306516
0.7563392857934692
0.7557579670795505
0.7546622476735163
0.7549733477448253
0.7537363410608408
0.751587373315237
0.7498685600814343
0.7486736483650602
0.7480503965541052
0.7479486548873424
0.7492529682832465
0.7502799111768187
0.7517781293620979
0.7537242166816994
0.7544948817438877
0.7547008013036165
0.7559003171510571
0.7575387787589272
0.7602768873224595
0.7633711203364094
0.7670199147990833
0.7700791747157846
0.7722681254727369
0.7743860213519788
0.7759541842366231
0.7778039602951288
0.779987572700202
0.7819057996773237
0.7842549788713432
0.7866112441598883
0.7884832814246137
0.7905023039431995
0.7922932620288825
0.7931456641367459
0.7941332046320665
0.7950491928867586
0.7952449720668038
0.795520093702013
0.7963139255792273
0.7972116289478767
0.7970646556242087
0.796163177197771
0.7948618617077969
0.7928436312651437
0.7906251016315171
0.7883608271730922
0.7865713099638815
0.7841039808807079
0.7815745448245275
0.7794315454211923
0.777799148617217
0.776145658931359
0.7745996651524771
0.7724915114102534
0.7703470082128501
0.7689120585775754
0.7687888821683277
0.7693618149873095
0.7708736609520132
0.7726287276496034
0.7742323754488011
0.7761263328348387
0.7773245200194576
0.7784348242560704
0.7789556188985928
0.7787041308302715
0.7781269208358477
0.7746582567698362
0.7722585412915258
0.7703063970573689
0.7690345777003991
0.7688469748124119
0.769042820814023
0.7696947923207706
0.7711520093708687
0.771879717794745
0.7735968741751942
0.7751022101742248
0.7769176735253215
0.777471604677651
0.7787313157407496
0.7804328364105559
0.782262782972625
0.784192648952258
0.7860906994229965
0.7877134913158462
0.7889976590402905
0.7891959169586219
0.789328039496339
0.7895383120926224
0.7897331183274043
0.7899589927130053
0.7900091596004966
0.7897621002971694
0.7890904231864778
0.7891821076832161
0.7895286956673756
0.7891804146289448
0.7885251904336017
0.7881094064745569
0.7879704039309783
0.7869529968394312
0.7861355695020265
0.7853592147244537
0.7848749906965794
0.7846912926178419
0.7849252844474744
0.7842347105212346
0.7837729747443004
0.7836634685070465
0.7831783918198928
0.7824725593063404
0.7814664615453648
0.7813273470405444
0.7810703187953558
0.7806751833197275
0.7802853334748537
0.780155825525978
0.7800019220840905
0.7808996782240056
0.7821079215260351
0.7837236103880518
0.7857440810982244
0.7872366842933619
0.7885948558147365
0.7903028840082472
0.7910935657926188
0.7921760816969973
0.7925817971767088
0.7928687756229378
0.7931038035372027
0.7930747815232433
0.7931067145324437
0.7932272860274032
0.7936001730043
0.7944145207704782
0.7941225487761056
0.7929948825401569
0.7922468601474162
0.7918402079611938
0.7905317466894095
0.7899269287849104
0.7886871878977679
0.787524237234728
0.7866017338505749
0.7851435956139122
0.7845009451877065
0.7842106728862817
0.7846336117701834
0.7854297691173661
0.7865598064449162
0.7868348004261252
0.7868905807408536
0.7865671697197892
0.7845350429700768
0.7828722842093642
0.7807340267014753
0.7788206004593591
0.7776614907614591
0.7761623652791827
0.7739413334512558
0.7717828077269652
0.7704281503970204
0.768833083143141
0.7682217265178789
0.7677295566204165
0.7673499080384187
0.7673352842632625
0.7659354867763443
0.7640007298401905
0.7621427636962259
0.7617327950447804
0.7603478207694727
0.7596094317452842
0.7574426303088135
0.7543275975490928
0.7519758051734082
0.7511127437993425
0.7496014633000149
0.7485891400731256
0.7495268874441379
0.7513299479348811
0.7537658183163837
0.7564437487566993
0.7591803443706759
0.7624032729386876
0.7641056097865525
0.7648985797612061
0.7620659985312833
0.7602477360176291
0.7586130271874958
0.7561970232013505
0.7545684148838204
0.7526154877267519
0.7505159976303283
0.7480344135093382
0.745671746690554
0.7445431060619964
0.7438863313514111
0.743664415542339
0.7448076703875636
0.7456137304029852
0.7463810962207008
0.7474017650503446
0.7479581549218269
0.7493089647690369
0.7496992165317735
0.7468683792308489
0.7443692640383589
0.7417821924794673
0.738137060738447
0.7347879218406485
0.730098279898101
0.7239890861479135
0.7172452868588104
0.7121482266462272
0.7088449573527029
0.7059960773413446
0.70276452610868
0.7013258192520292
0.7002478228993718
0.7010479640262012
0.7044573757971301
0.7068300118409527
0.7105807130718633
0.7148238163292406
0.7182969082341585
0.7221876575582246
0.7259926576047183
0.7308194256549391
0.7354049507575342
0.7395861464952628
0.7411046248340536
0.7420268011153186
0.7416000889128739
0.740397857076249
0.7397551886635099
0.7391385603207091
0.738779048465879
0.7371759323755397
0.7366412062892531
0.7365997880139767
0.733266641789496
0.7304709573816496
0.727850385775062
0.7260669789638032
0.725634013220996
0.7222490700020822
0.719390302126113
0.7170494643845606
0.7155549153182329
0.7142342585804645
0.7140277865614473
0.7151794872244288
0.7158511466819176
0.7164311799294512
0.7179544320042566
0.7180549700662078
0.718635483632271
0.7198499051191203
0.7207189689691473
0.7217802157164425
0.7159978210401176
0.7108681529904161
0.7046089171237134
0.6999270207567596
0.697614147832433
0.6968867399137968
0.695606917357848
0.6965691249021211
0.6983096124833081
0.6990619697647996
0.6997237577090266
0.7003868705357569
0.7023621699728019
0.7047733073411423
0.7077688037871821
0.7113084958080957
0.7150481373711765
0.7195301710640218
0.7241429029235282
0.7288672527142549
0.7340535900496304
0.7385738577846582
0.7424786765252152
0.7460928243630344
0.7497729805754779
0.7531268707776896
0.7546165737934984
0.7545645927055993
0.7546919840003289
0.7546774686220606
0.7552779289345234
0.7564794136851729
0.7578776853185765
0.758835777759413
0.7605085346069512
0.7616330262613428
0.7629946434295255
0.7636105248041265
0.7633926804042268
0.7630514472090795
0.7629135190894002
0.7624356358555647
0.7629555480056305
0.7625627466329694
0.7625962945644837
0.7625635262576151
0.7628010101186103
0.7624311166790007
0.7619381411646646
0.7611666703938298
0.7609435599065177
0.7590842183328498
0.7574372935730229
0.7563164665668272
0.754528458327558
0.7514775454673857
0.7483477924311299
0.7463938154685421
0.7435023583058744
0.7408807038926817
0.7386446446624896
0.7361346993588245
0.7334343862057201
0.7309748747053944
0.7294870268522128
0.7283373266092089
0.7271233017074669
0.7254124174125601
0.7218600379714245
0.7193316158832918
0.7173438531319224
0.7154082337880769
0.7143222114291405
0.7143527596291201
0.713960230763375
0.7136461579460417
0.7145223636476706
0.7157677186966807
0.7169835905154635
0.7102245752334001
0.703779332963027
0.6976081796669821
0.6928080240348838
0.6888286163686947
0.6874846094193451
0.6878759164872017
0.6897495603307985
0.6913275219944836
0.6939236911871323
0.6982517872579622
0.7026901868269098
0.7076850822068221
0.7134749596787783
0.7182062966072543
0.7229330158636861
0.7274449760394944
0.7317283200489023
0.7365767152728226
0.7401943410699781
0.7432440571017149
0.7465468877320275
0.7490085576551294
0.7518749781679214
0.7536224747783319
0.7529128549992175
0.7507282363147672
0.749602826881632
0.7485913375119004
0.7474715273877043
0.7456939956870261
0.7433615086573538
0.7401388210190109
0.7368617766297435
0.7322930022929063
0.7289984733416677
0.7263557995122907
0.7238889529647518
0.7226717443280388
0.7211182952662669
0.718872680772
0.7176542063689655
0.717704519458595
0.7189540905126487
0.7156304708177733
0.7120222722979974
0.7081488293139673
0.7042746686808241
0.70061424596899
0.6965458604563856
0.6931126252669724
0.6893061193813665
0.6870298805091474
0.6794440267022862
0.6745790270410411
0.6719125579416252
0.6698143541586551
0.6682737499546244
0.667106598571744
0.6679005922034774
0.6688164330056809
0.6701328625562323
0.6709289885709824
0.6722390245010018
0.6735483603400363
0.6719793522524584
0.6691849169312559
0.6652937182481601
0.6618094669969398
0.659590453616083
0.6592956739899564
0.6599927304909974
0.662052248074285
0.6648777113245636
0.6682357538437697
0.6714950046884496
0.6745537077311449
0.6773049326773489
0.6807035050677217
0.683806834955831
0.6873714310833545
0.6907623512676833
0.6936494676510303
0.696411087923717
0.6973016324073404
0.6985201192800936
0.7000993349683037
0.702452930390282
0.7044132063454751
0.7068764041162241
0.7104509950426503
0.7133205678843104
0.7168839976025566
0.7191919344775476
0.7217763204009306
0.7245942899847077
0.727110922951764
0.7293735845097099
0.7317165424773805
0.7339045919006413
0.7367938123639871
0.7399617731715498
0.7431232149002088
0.7460367499879015
0.7480676118987322
0.7502972764565896
0.7527677419732788
0.7543111625532672
0.7549862207113085
0.7548758114542893
0.7549558475611188
0.7543522669171612
0.752814817965121
0.7504142579809675
0.7480435550132738
0.745693225255951
0.7433623238391536
0.7407350478511632
0.7378361489835069
0.7357461352840954
0.7341849791830033
0.7331373474663463
0.7317277413931217
0.7300617925615159
0.7299488562299886
0.7303409145774868
0.7313126530719027
0.7318291062570489
0.732208904662166
0.7320331665109475
0.7324134670977948
0.7329535728310624
0.7345641430854913
0.7365801725005497
0.7388156770262719
0.7402803838617924
0.7422108736858771
0.7451374717772014
0.7478878430311936
0.7506248236627979
0.7530024674352919
0.7553017939356788
0.7569540860426252
0.7586515987253388
0.7595461048129418
0.760316373994269
0.7616029409699905
0.7622136624437778
0.7629117998391843
0.7632450646734419
0.7630411047720251
0.7628318082830827
0.7624874057170654
0.7621945568257953
0.762136343981654
0.7624035824948143
0.7626522854711135
0.7634956834624096
0.7641531127120935
0.7646526929118949
0.7655550551103496
0.7660475943874754
0.7653958379025494
0.7651935832454083
0.7643422258905201
0.7640906026419516
0.7631399571180767
0.7615158874710336
0.7588465725012282
0.7568849530131398
0.7552899215305132
0.7529465187518362
0.7517656002605191
0.7514966985385789
0.7516577170045681
0.7526199971313993
0.754426329526003
0.7556368519035986
0.7570556882506075
0.7583249299235074
0.7593472685592505
0.7594944248878802
0.7598234386973802
0.7602109613378792
0.7584647412589371
0.7568826942436199
0.7556358002785246
0.7548928218297176
0.7516129977656213
0.7484037868586821
0.7453679770336898
0.7411858073213343
0.7387447654817235
0.7374491973835543
0.7374171505778033
0.7362536614370168
0.7362114810893571
0.7364926646343175
0.7372053872805129
0.7372605525581231
0.7366904341218908
0.7374762206024443
0.7395176068194427
0.7407225959641929
0.7406797847002327
0.7413005244055628
0.7425156807435225
0.7440657993713692
0.7458375427020212
0.7470951244962128
0.7485636758405887
0.7493881917684595
0.7505894866099405
0.7522960316068471
0.7532543804655918
0.7545040613936443
0.7560705034920908
0.7575050393904231
0.7562544566660343
0.7556078602687495
0.7552998467368962
0.7552575176476569
0.7561510849871002
0.7576606169806369
0.7589725981454745
0.7606317874594073
0.761812290529531
0.7607477279040259
0.7605334876890283
0.7597062467801369
0.7580983053432226
0.756914634381611
0.7556697188100505
0.7545952485285213
0.7525783160125463
0.7501993099496181
0.7483584369263984
0.7472520534365816
0.7447796959762409
0.7422304980282406
0.740187508075068
0.7389831215597144
0.7382648437961802
0.737996688012074
0.7368449888687488
0.7343391620996572
0.7325963437982332
0.730913733659389
0.7287490217091317
0.7269861559708237
0.7259968960390702
0.7258730281014717
0.726574511623028
0.7282545350567395
0.7296062125090651
0.7318524665042928
0.7342409072403301
0.7363232246911883
0.738662040004935
0.738993095957964
0.7392124571202673
0.7392034856277431
0.7349512014722072
0.7298075283251709
0.7203915111771203
0.7091044542570873
0.6990828266432156
0.6908102428302596
0.685443448863933
0.684043018059707
0.6855809860360672
0.6892698494788473
0.6921009608083158
0.6960086099318978
0.699331467780634
0.7041346579990511
0.7101489155048745
0.7134587043079242
0.71533872952016
0.7178050206539884
0.7207867874118041
0.7239335131892962
0.727069080447883
0.7303504341988166
0.7343397947147348
0.7377433272973339
0.7386299388087726
0.7387982669916263
0.739039820907866
0.7371330355592325
0.7350180085776378
0.7333171790914188
0.7299905924389615
0.7271699007124514
0.7251020436009163
0.7241418292792938
0.7239712954068914
0.7244952089835899
0.7247430213941528
0.7257199931217589
0.7271960079967924
0.7268726334780322
0.7265873031924751
0.7259626524834982
0.7242979785558155
0.7231585933575476
0.7222552236720292
0.7204578352455153
0.7182471971735493
0.7133697339096197
0.7083402428557437
0.7034461184468346
0.700290708140442
0.6974328468001513
0.6949374063393795
0.693040219997646
0.6916842907836044
0.6913025190342648
0.6917912234537132
0.6939120797414123
0.6944069739965189
0.6959780378792259
0.6982896027320658
0.6983671852454753
0.6990576078237339
0.7004075484540082
0.7008787106817572
0.7017933230971746
0.7012506822129744
0.7010594133473746
0.7022937649625312
0.7045803842882745
0.7074301243458515
0.7084043180440246
0.7085025023420024
0.7094720112069438
0.710447092586714
0.7111856246286081
0.7132704133347296
0.713120166379515
0.7136092234924799
0.7124484916078301
0.711467291702597
0.7115928721689113
0.711486853775688
0.711450748811906
0.7116763199271611
0.7118546396521042
0.7125328528922373
0.7129831626468441
0.7133150518847847
0.7130841227754344
0.7132119094829363
0.713549832458437
0.7139766595152267
0.7133643820339034
0.7125380203247779
0.7122756366453148
0.7120504850196272
0.7127733482302065
0.7137262285661058
0.7147147501787406
0.7161039539700217
0.7176748568766876
0.7203746486924637
0.7229076069082538
0.7259943101050084
0.7290512622860623
0.732832060138726
0.7347859872297552
0.7359706280993996
0.7376134806405594
0.7381704479140603
0.7395466366582742
0.7408567613611781
0.7411606197711075
0.7412666990582446
0.7415525460047996
0.7423018033989437
0.7418904251546289
0.7419375875875096
0.742222133106591
0.7429289587730429
0.7441980593382288
0.7450886914985446
0.7457165149787627
0.7463645316124078
0.7470943227341638
0.7478908864471995
0.7471971716223029
0.7464462342218883
0.7450890098796317
0.7430110732541728
0.7393571672328023
0.7366610347044368
0.7337905004127178
0.7312466352854237
0.7294710696997908
0.7282161931028386
0.7276533272137228
0.7277492163532607
0.7263426959042912
0.7245815738310355
0.7238368831365114
0.7229898314929306
0.7231522612166188
0.7242914274788884
0.7257961817049556
0.72528639061008
0.7236367734523703
0.7209063311127718
0.7181805035561382
0.7153174146169785
0.708919690715702
0.7035196180076554
0.7003075113677983
0.696515692713249
0.6947271576506141
0.6938421895325068
0.693576841111932
0.6931064401769457
0.6904019185432771
0.6889753660097431
0.6886864228428039
0.6861919279987965
0.6839891661321782
0.68253775366118
0.6824688909727087
0.6834883327284956
0.6856603441653114
0.6884700981859142
0.6901436834958634
0.6915834896327067
0.6909250041760872
0.6905074769457803
0.6906036705850187
0.688464503640896
0.6880773997878634
0.6888661399736429
0.6898274743685594
0.6914676408106966
0.6938043479649774
0.6961230989533436
0.6971193612406722
0.6987004987348805
0.7014987057683103
0.7039353193634584
0.7062325723356585
0.7087529568774354
0.7096599898776139
0.710787968337449
0.7117689018039113
0.7132158981823765
0.713738129489771
0.7145729665479117
0.7158723652871648
0.7170457269693644
0.7184056629885274
0.7203530879490726
0.7222816514071889
0.7233507978569448
0.725034073512273
0.7267638673173359
0.7287736104082704
0.7298168145537445
0.7306148602546192
0.7318216839918305
0.7333713989404439
0.7347489535570764
0.7363027607324022
0.7379643238743504
0.739555337644795
0.7404503615519898
0.740248604064517
0.7393049532289765
0.7384223562375449
0.7376272189381571
0.7375070544669746
0.7354768943483914
0.7329059588239615
0.7305177172689603
0.7287340680624631
0.7232017450212797
0.7179992763508782
0.7128866393019744
0.7096042781864681
0.7066246026122365
0.7048294346993248
0.7040102161152785
0.7035148756554951
0.7031756991117721
0.7029000818578135
0.7023174998549297
0.7011583899967592
0.7013414572319712
0.7012092627310252
0.7017465782951758
0.7034651172150781
0.7058292499459969
0.7097933494876448
0.7134294030372766
0.7163799334894172
0.7189339547365333
0.720376543016842
0.7210090686788622
0.7218203633329696
0.7234956658212301
0.7249662706354364
0.7252419247345542
0.7256694953100757
0.7266228382754666
0.727591133997161
0.7279351744370353
0.7288259254938234
0.7302204713707899
0.7277719272939968
0.7255291315013678
0.7231700267699286
0.7193327327586232
0.717029133096122
0.7149600692746688
0.7116631118235958
0.7039628925345174
0.6980363122842114
0.6923400498373359
0.6884983551077031
0.684257094176585
0.6813422864618781
0.68036824001749
0.6804517372142966
0.6824536276726693
0.6858771910969326
0.6907393487067647
0.6963437505096773
0.7023956462166104
0.7088129432812926
0.7155835524252374
0.7216632827422799
0.7271524260351925
0.731871801906193
0.7358237061421024
0.7399016802457471
0.7427151562318407
0.7445918118569477
0.7451735284509815
0.7442581845579459
0.742672020890999
0.7416419079802585
0.7411073642605737
0.7407205153094013
0.739432370508631
0.7377524733924543
0.7355316703122686
0.7344897173503326
0.734197053936948
0.7342470990776692
0.7348555929844313
0.7358217679437796
0.735921737101057
0.7368251597429433
0.7384685235654219
0.7401073700251133
0.7415741076186815
0.7431913214617939
0.7442507562998245
0.7450927811316986
0.7457695329680243
0.7455100540187277
0.7455245576651767
0.7458674229985369
0.7467651714540623
0.7475012748628612
0.7490467350336887
0.750498810365354
0.7511247831520523
0.7507148759838227
0.750728062969553
0.7506730650133121
0.7507154731940079
0.7512376624787019
0.7525531489500787
0.7539933677259822
0.7557357580655147
0.7561074966247877
0.7565751589871267
0.7571932203776772
0.7577657185649286
0.7576838502078052
0.7565522770380427
0.7546737187188995
0.7525108244392377
0.7481218467836586
0.7435002183726044
0.7398905286688608
0.7350201500175625
0.7289888211075266
0.722829008384664
0.7187023976884632
0.7162850074326719
0.7148807845842707
0.7151100641288315
0.7163058686709736
0.7174314160959988
0.7198415363565522
0.7226984697275246
0.7252939769743101
0.727529772779465
0.7298401051960299
0.732942054480388
0.7362599850619992
0.7381179981991591
0.7394144857004147
0.7403751737914313
0.7413165238967172
0.7415886009842971
0.7422782617751036
0.7417909434600406
0.7410615808052565
0.7405179048020066
0.7405084774080944
0.7404435528659038
0.7399513830062535
0.738963666685388
0.7391571000239155
0.7389288896194036
0.7374792218013089
0.7363428303174259
0.7353369575726871
0.734203576677199
0.7334428155326116
0.7331389789958338
0.7332146825746868
0.7341508924134135
0.7356361947905894
0.7373036727649475
0.739715778690885
0.7393689138567583
0.7384363451311239
0.737853638024012
0.7383419632931527
0.7391994923309098
0.7396375810712724
0.7383100673399215
0.7375685361676712
0.7375364283092534
0.73793207251925
0.7393446592631359
0.7408865037168565
0.7422140628474544
0.7442053085113365
0.7464447490729894
0.7487441821537004
0.7510175969892628
0.7529505714927155
0.7550464888544637
0.7576753609157091
0.7595156169004071
0.7604978139004268
0.7615851634885294
0.7618244406158166
0.7619146799937649
0.7616688938684074
0.7608964172335156
0.7601107732229043
0.7596038834324531
0.759177481866149
0.7596712948885638
0.7601580458454349
0.761605203583582
0.7629648251478307
0.7642607107237396
0.7655716897479717
0.7665989677524597
0.7646731753848784
0.7626089193018516
0.7608104363219834
0.7591861250965065
0.7582073334690677
0.7579118458864317
0.7579997120708288
0.7583171614732029
0.757606524169253
0.7570417409330392
0.7564911800093543
0.7566690471905378
0.7572288827704393
0.757748906352189
0.7591242415839693
0.759955822334217
0.7609046230253002
0.7611838398216866
0.7608388168059083
0.7605239308531792
0.7596208827229909
0.7587162945569595
0.7582754741125161
0.7578598322517481
0.758519527607562
0.7600430226262004
0.7611276583131478
0.7626870018115665
0.7638212581283197
0.7638691271986938
0.7624506286980459
0.7615354813280966
0.7602801179650116
0.7598363400582049
0.756277223369177
0.7529288387660106
0.7495639095183804
0.7457596469820562
0.743213899590069
0.7415222367348878
0.7403732355040619
0.7383525150575986
0.7370898984778659
0.7359286833901928
0.7357870977580697
0.7351797789868736
0.7342077518195824
0.7336475681902188
0.7324093656603738
0.7308623829423374
0.7296956946353018
0.7278493277213256
0.7249953445583946
0.7234679692760805
0.7236286305283294
0.7235983850391327
0.7246203869866615
0.7243631818084789
0.7233477923884637
0.7219521217586228
0.7209879357077585
0.7196346923489104
0.7159935535861681
0.7122335329504007
0.7099949610318038
0.7074633152212718
0.7039885590162355
0.7018041640614173
0.7009968119746687
0.6998762141002153
0.7018426991176333
0.7052279546059051
0.7079038682346808
0.7105349830851008
0.7105875981006139
0.7114467448180586
0.7118190926698466
0.7076774484940316
0.7037970017758187
0.7009861506170886
0.6993894672320783
0.6977875578935143
0.6937141090654994
0.6915610938548211
0.691477930845214
0.6926243228186746
0.6936737772341728
0.6951512875187571
0.69701583432702
0.6992680575447671
0.7021808291131252
0.7051177753561475
0.7077595557974872
0.7099259695686096
0.7131246770488799
0.7154525001811992
0.7186390919163186
0.7207188235655005
0.7220589552582167
0.7230494487164606
0.723304052139291
0.7226700660524736
0.7230963764245859
0.7245178040449951
0.72522730321324
0.7269673526110444
0.7293465918146554
0.7325168793027523
0.7347490374313588
0.7371757009763708
0.7393298170033293
0.7408132650400228
0.7395591509606634
0.7386996947916097
0.7378177121299239
0.7370976744138822
0.7364885081017027
0.7370476127273112
0.7381595873944456
0.7402416760839515
0.740583466507045
0.7409674710144349
0.7420675451636516
0.7426341751349318
0.7433847462451674
