0.43363856045843274
0.41553443340134966
0.4356607395014238
0.4156433241883748
0.37547834879344494
0.39908533581482886
0.40749383287037677
0.44682454852694437
0.39844543664390697
0.4019209615852992
0.3777928448362441
0.3883943383623825
0.3551894633228496
0.33053165294379283
0.35853195863419834
0.3673482423012725
0.33513746072296413
0.31781943243316135
0.3136259007386193
0.31688027066276586
0.3264108122727895
0.2960007300984343
0.3070371724378296
0.255786410156579
0.2885641713324447
0.285168544434627
0.2831402987130303
0.28299354460864556
0.2568209386262832
0.26518973898294695
0.2557294798907664
0.24674435452921872
0.21043507421217245
0.24755473278621043
0.24763361191515026
0.22685700700800954
0.25472623740721295
0.23888291324278732
0.17893780056038816
0.21620582805786476
0.18644383172205808
0.2038010610103807
0.18910930509394103
0.23827592327103242
0.18966806202663083
0.22793599985209012
0.24273932232837853
0.22745769049519315
0.19903387894480234
0.23773354381728717
0.2341366879559596
0.2026371104734228
0.19603947821339823
0.2171203291877682
0.19822354445159718
0.20083307903518366
0.15098007752513487
0.20553433899319679
0.1775639857511782
0.2285927295975641
0.17628397573019816
0.1562455499537302
0.15646794667401248
0.21810263175354339
0.1803334297608742
0.1678770500733835
0.18291565490823425
0.16919527500006493
0.14559547136346684
0.2502965699351226
0.18434210592631328
0.19176729211769888
0.16128265482961807
0.1450663096364354
0.20640275252454426
0.19909609308078463
0.17276530813431296
0.14384746030508344
0.21603205050894098
0.14470637934989516
0.1678734139568851
0.20959249628283877
0.13817416919339787
0.1558392869263256
0.18749306595247167
0.14183660946506732
0.18025880174104225
0.11562002433522944
0.16150387380601727
0.17928048497189203
0.13865820818694857
0.176391946603353
0.1472886552718114
0.13219330120481865
0.1742951568028948
0.18955817351884535
0.12501178578172173
0.15606586272557343
0.1375392167090032
0.1691192770560685
0.1748713897743856
0.11908760520441114
0.1709614555972394
0.1845820778888166
0.15939161872000407
0.1363027885748419
0.16896318155588086
0.1394170598828891
0.13868391697735355
0.1997425576270505
0.19435860575968156
0.13744589174298022
0.17415839135158506
0.11944940213844196
0.16956091650149446
0.18626524046865217
0.13254412419117467
0.14961414198818884
0.170270112820735
0.16602531429418282
0.14779918038105477
0.19937333028783394
0.0850217816829637
0.1357787543210075
0.08853344216769438
0.1438000588040811
0.15462644589473595
0.16605167738104132
0.11994177809267975
0.1738053331605124
0.07344989959135279
0.15763359938839605
0.11520298358588338
0.10946449127250629
0.08579696991112784
0.16810620088284883
0.14709144159288146
0.1598814296064905
0.09296584193863017
0.12536260433842167
0.1475364232543222
0.06140976288276967
0.17926020061380593
0.1920754654801694
0.11823359402205164
0.11383967563860514
0.06904857873929743
0.1866638804508411
0.12016651213338514
0.06771041763376984
0.10191221900588193
0.020673125258021008
0.11871272898705598
0.17330667610862027
-0.015310744126346476
0.09829254072540033
0.1402165513623393
0.18897558309407136
0.02399634099766651
0.0970319875439341
0.04225916813073316
0.13175650084676815
0.15373107952684495
0.18500656497317658
0.12908911010265023
0.14549189765255316
0.10775067355813128
0.13392267932444435
0.09384305628946449
0.04212309651992896
0.05204883605055188
0.13404822016463563
0.006099071375479548
0.07534469658563375
0.15074330899400107
0.15379495924496772
0.05156400914766507
0.15075546820942082
0.05059035390994082
-0.057652909857995205
0.19362238408131838
0.10522915509973368
0.09933394062975037
0.1446866824190396
-0.07343595036777528
0.13494909024822732
0.19338733109480433
0.12894251586804378
0.1217619939127994
0.13074152471337752
0.121066217032678
0.12213193144267909
0.1853705130762467
0.08485991960090211
0.14471997381902668
0.17502695568720483
0.1980961403512868
0.09013462431975122
-0.10328175346484136
0.051829021111384044
0.21107342662707346
0.12693569871768656
0.12326108187465057
0.1714132812587683
0.16731417769902646
0.18941765941337813
-0.0836501778870975
0.08026240463605455
0.0968821815328792
0.09841792438380359
0.078766152443496
0.14142100045815942
0.09613021717837145
0.17962692400749897
0.1095519068673973
0.11685555016413035
0.1967953111700163
0.17351313562448517
-0.1366884979124946
0.1729148929869186
0.21758211109438697
0.0766427069037584
-0.05228588686374103
0.15032242154442765
0.13210155310602667
0.04946973679302047
0.10888571984567602
0.11552895166547328
0.09790428654784122
0.02327807334157478
0.06732847671169095
0.022641184459228303
0.05528173045451018
0.07147487217541232
-0.09353028098704363
0.1323503343476944
0.13784365241478946
0.11212672521170469
0.06353009126736109
0.1892968422381207
0.07152735795208875
-0.009738101769407148
0.14580553682380853
0.11870085857065277
0.07044112547636106
0.06898587871721046
0.041870600662218815
0.10692839029525358
0.04167910936076319
0.1140911757883512
0.22784385746149977
0.04026052057074436
0.17999917391359704
-0.033416624494572944
0.08549763955984108
0.1562372438108443
-0.02414305215519963
0.09127481665649606
0.08582796313826524
0.1133265079862103
0.23800784202552344
0.21228435940107038
0.08942438825687848
0.08414174747454761
0.06999323976465088
0.1317693232169062
0.15866757776887974
0.07256945247811197
0.15015298786970332
0.02848077131678811
0.07584359816083902
0.06987251848333076
-0.07442315144874256
-0.02408295945333827
-0.021526603216794893
0.21297216210530895
0.03967439140342788
-0.28603212132670264
0.032775412524303216
0.11649191835148648
0.09046446651666573
0.045263124688383505
-0.049583959308825754
0.013964674032475755
-0.18876841139263545
-0.6022215607867987
0.15909821521051093
0.2219738640491703
0.12116725176294846
0.24929590551608122
0.04438705570177015
0.07890030726509006
0.12101977319543633
0.18772614734705162
0.12050755098832883
0.06982781820673162
0.060062883495842545
-0.32169468013511915
0.1500678839475716
0.19041389956664445
-0.06388000115113435
-0.20550103522892949
0.17202877966154378
0.18190838370815238
-0.11361670232004539
0.12113458830909896
-0.06023438652941282
-0.07868593271379032
0.0913755930049881
