0.43229074315203064
0.4068816548613979
0.4124910022029873
0.4349399565095561
0.4288358278264714
0.4156205004703242
0.4221878469041395
0.42440959449335225
0.41872060414329415
0.3705244007233544
0.36955681302288085
0.37008878904581816
0.42884475918795617
0.36592787164409124
0.3628703559945245
0.38145747785939543
0.3664084262231948
0.34905649329582233
0.2919795697657708
0.26315008585671434
0.31249613119511976
0.3098059458553223
0.29565568375920126
0.3152012822557654
0.271902289880315
0.28902135263242035
0.2860600012404184
0.2875452364490948
0.2916239411991633
0.27937470362939654
0.24655386950071567
0.2377138204875694
0.2623600358377838
0.23395237853253537
0.24208434420314823
0.2265527636350278
0.23268070743726532
0.22088829320112796
0.21849797857964548
0.203896601499433
0.24552859483054407
0.1994311925965846
0.19634200363064003
0.21181831024310227
0.1882574808345105
0.20055171404693684
0.1711950384068121
0.22870174036069235
0.2041274133226481
0.20358577941101624
0.22132732522900778
0.18264268170216663
0.19304421810997524
0.15349487964682573
0.20060938289489721
0.18834610456671042
0.1838771462607811
0.20604236049346297
0.18848554450613136
0.14685661995170857
0.20079679667360634
0.2281714787803334
0.20047374602684442
0.14819531393633772
0.1468353864270482
0.17047420493293036
0.14843165320215568
0.1504283152658633
0.19197112903623026
0.19644505900399895
0.17080922655690267
0.16691377714265043
0.15701491471640167
0.22262799421507917
0.15934853512897157
0.20192565763925885
0.21216312569069723
0.15871830648370122
0.15120555018144605
0.2004647569288489
0.17313265716798926
0.16900812192732245
0.10277377876750099
0.15392058233298161
0.16992831658903373
0.13179979568809264
0.17191838252770192
0.1374875723529536
0.15491022734397986
0.19487839278565172
0.16696139798183784
0.1758139047226414
0.1728183258422279
0.13547453611691657
0.10971153408947304
0.15002787387658906
0.20777838715723507
0.13446311277705703
0.10572495755978989
0.1600097564442245
0.16620368536511948
0.14941678085246474
0.08992525967861353
0.18089606398677882
0.19162817159000423
0.14315284598532768
0.1758564915834845
0.11364507268185359
0.1770144278210235
0.1287757202562378
0.1873921471331736
0.18687792162529449
0.1825916157703591
0.18653425681006647
0.20969759207847533
0.03328903832040664
0.14259997712225075
0.14961020665982883
0.1457040954283454
0.07937245567557766
0.17341042704203213
0.08040395211800133
0.1374666373589326
0.10805062637484592
0.15202864566000102
0.14271864578023125
0.10796505669798029
0.035927281757859975
0.04855179290442896
0.1089454839514562
0.12246253309702426
0.11262032558413648
0.09542486473713979
0.18041836140933398
0.11476769662696984
0.11643142698132075
0.19522232815962776
0.0758877615520629
0.10029745088247849
0.14466611171865956
-0.005087204143622848
0.2497145887075855
0.2212801934976617
0.11244644791212804
0.14910377008006542
0.13425007266203354
0.11585992204789852
0.20331244846888263
0.1189470792940519
0.06366406935605218
0.059293758827340726
0.1042751276028363
-0.03099996077932632
0.11393227257974436
0.06129319403595679
0.041583851131436256
0.060565340572941495
0.16922677616280768
0.1345326608308972
0.18133748672034167
0.203352075528425
0.12968294430731359
0.1352697303965677
0.20611402308470295
0.06179550083489049
0.19005801451914905
0.10852751107086361
0.06002851718357122
0.11076613672860536
-0.10745883379274657
0.05884569497434444
0.12557160920351645
0.2068417800745257
0.16563479827075328
0.0804543998739643
-0.03753977095735894
-0.22419315241542115
0.24375060013286565
0.14408576816581692
0.17960963273289354
-0.07153459044724952
0.2023695271252688
0.03658712893116306
0.16622545727764015
0.16404974392918859
0.11672148935686616
-0.21186714599559742
-0.12829185849382885
0.13546328250036527
0.06052754675791849
0.11695170143414879
0.12314627132002165
0.20016771987978038
0.08276262974094134
0.15046244141286164
0.20475787161172948
0.07017285743776441
-0.039152841656274195
-0.010075392527620908
0.20310263394452788
0.07834757072029114
0.16628664669290405
0.027577823018832937
0.12364851972179025
0.06781470393697575
0.16299920025237552
-0.14858633971879265
0.08772021031678462
0.19683611954274366
0.23015641273217102
0.14570084419316648
0.1058173338194412
0.07706373088096052
0.11173515976115422
-0.07634005514389741
-0.3354703586503841
0.028908189943623652
0.15702220312502918
0.071489405157865
0.29481759637279714
-0.11436263208428077
0.010930035310046993
-0.12192362937999734
0.10932495766640227
0.3190393790618664
-0.09806370085125948
-0.37515678430837696
0.030737377534669486
0.25087496794531494
0.2135617055330538
0.23116237125828404
0.10263797710480155
-0.05839152887112087
0.1427518782699304
0.306847588053617
0.14744132863034493
0.09243128761100411
-0.7428623173863211
0.0069432666584416936
-0.38379989026453243
0.09482958898437704
-0.050677458052721835
0.18370486594290736
0.01617959610636499
0.23720616855544302
0.10984249323175582
0.20617240718868063
-0.062962742415137
0.1616800039418218
-0.09450760843372141
0.1637566535238127
0.2697652036283802
0.04464401604383511
-0.0183661347087144
0.3228414977754776
0.2390531516566522
0.08998133412858667
0.10495317729662695
-0.13360988482621106
0.2413840853227181
0.04304808996117154
0.10626500486661472
-0.04606571427118933
-0.556666280402325
0.3029765165673656
0.07297109304861893
-0.2336895125889038
0.09724682359253645
-0.07976535765429649
0.12562505019287995
