0.03490683276122522
0.02617917543236408
0.024737619203413715
0.01864193893779562
0.010437648812982394
0.003286351873570778
0.006189714430650479
0.010713484593301964
0.015869696839314256
0.022151834316709276
0.02832670439131557
0.03353779316115081
0.038614282890730045
0.043678435406275584
0.04838181806063144
0.05364791832415785
0.05777361999320777
0.06077131548778139
0.06344321527674929
0.06599373506890419
0.0682380801556079
0.06954964588874861
0.0711960714009744
0.07195911474271234
0.07155369774940057
0.0714458999748019
0.07224444780726527
0.0731295472708813
0.07446840321493256
0.07596934340446831
0.07819523768049179
0.07992368395312405
0.08244028723142631
0.08553376916685153
0.08922110851583803
0.09368561512648314
0.0984100092391615
0.1036169360029925
0.10932352435947242
0.11485530743954579
0.12075102504034656
0.12740149950420288
0.134524086705123
0.1414094299581277
0.14820946005007077
0.15481188371267737
0.16139726175159314
0.16740306041321903
0.1731005935300581
0.1785934389122057
0.1837315750189063
0.18887986575705387
0.19314226603749327
0.1973434961924714
0.20179110167670108
0.20603354699121618
0.20997682059363773
0.21333794977127507
0.21640566415815066
0.2185708430609725
0.2210039899043488
0.22411049576457345
0.22814345063783084
0.23295091072400517
0.23775059278196572
0.24250530193125364
0.24698464217809843
0.2511314168584146
0.2542486913952156
0.2577214097867968
0.2612763175130615
0.2642247670989062
0.26652357644082875
0.2682740490562011
0.27023972567821464
0.27205694612960896
0.2734112713848273
0.27532177297832505
0.2768669220747566
0.278506280797852
0.280223394297816
0.28163524027616055
0.2838126228676402
0.2867427110862142
0.2891646611862535
0.29097322897199757
0.2926715305191337
0.29532810204133
0.29807402400893696
0.30080434923731675
0.3030750493040568
0.3057005544212061
0.30791021022559406
0.3095226312227892
0.31157872785618446
0.31338523029830184
0.3144614307656088
0.3153085955150036
0.31639217031915623
0.3169320781688112
0.31732795546075476
0.3177371323786603
0.31866979294356573
0.3196138024702806
0.3210169799424185
0.3220937405945451
0.3235570216535582
0.3246625386489959
0.32618910221817615
0.3279006497877958
0.33006530045609855
0.33201711929528294
0.33365940268522415
0.33574489801830304
0.3376616330277715
0.33999772941108153
0.3418532152724299
0.3435829873822733
0.3454507062291691
0.3480339864365676
0.3512607270912377
0.3539232183248211
0.35678063037180574
0.3596392983306886
0.3617121220406982
0.3651880050612888
0.36903667052051
0.37292997375719844
0.3766690584012397
0.380804889012052
0.3852117513193775
0.3900762358472711
0.3944694398435243
0.3984725163878043
0.40208545522220074
0.4064264707793225
0.41012634769824635
0.41278241860197784
0.4151516498132465
0.41788757595146775
0.4212584864151264
0.425138056636304
0.4300125860510712
0.4348408532803419
0.4401575050306778
0.44549097925272735
0.450760853102241
0.4561275984767494
0.4612124753922637
0.46630319399185244
0.47113967993719214
0.47552948828369246
0.4799974686536402
0.48339647723397966
0.486337978038375
0.48966242737357674
0.4929678635440059
0.4967999076164561
0.5005509157497261
0.5045799564404582
0.508020879081166
0.5134259912801069
0.5200325504087708
0.5262768620969426
0.5326502751768466
0.5381094053566551
0.5423414633958071
0.5486783137685214
0.5546629046978697
0.5601345324468439
0.5653390833523103
0.5700699448606001
0.5756781061631959
0.5808535628478048
0.5857813630245917
0.5914716445355984
0.5966442222046515
0.6014662836475168
0.6054743707699907
0.6085857663847094
0.6114926617727606
0.6150667240080364
0.6185200678592288
0.6222512419348258
0.6255660894914927
0.6297756507723875
0.634011319688818
0.6384162027729907
0.6428695359847213
0.6472051585671262
0.6519124361148216
0.6565996305990169
0.6608481706055005
0.6651264460865369
0.6695752775583956
0.6733875106556404
0.676857231778161
0.6811108158426372
0.6843982473991685
0.6881097345720009
0.6906500625977157
0.6926676405533916
0.6950304183421879
0.6971034122405868
0.6989247012394092
0.7007148622552307
0.7018027601963149
0.7028474953722615
0.7034936541831232
0.7046109389625331
0.7053791749808742
0.7055139956319412
0.7059808421137862
0.7066422502301946
0.7066901910755308
0.708057522104292
0.7107026961153063
0.7124480543299726
0.7143744247230132
0.7160790711500735
0.7176064599550583
0.7198732139318134
0.7212923386391522
0.7220745806374463
0.7222600213946493
0.7216721253212373
0.7210732536686651
0.7202748118774265
0.7205992538332633
0.7219398777575688
0.7228280183038231
0.7247791562761725
0.7256506500404304
0.7265556814058995
0.7289628803800443
0.7309623714632525
0.73355679502705
0.7367755255554301
0.7406206903682006
0.7437216582913766
0.7461187673684961
0.7498941628282564
0.7537783831651705
0.7571497193745587
0.7609588127535755
0.7639429149129418
0.7662528617619043
0.7681376418163601
0.7686503968548994
0.7688893507309021
0.7690368574472759
0.7697328206063336
0.7713440871468001
0.7720714264258802
0.7732734986317925
0.7742718932970177
0.7752740660032865
0.7763012625302077
0.7775464841723563
0.7782285474422437
0.7795568170387873
0.7798834099741607
0.7811839488340321
0.7825622859699268
0.7837203040905126
0.7850682834025134
0.7854989837895013
0.7856299073954978
0.7858770519854007
0.7865891042299261
0.787998604990218
0.7901396455162564
0.7922110874741894
0.794842121488132
0.7974800803572881
0.8006188967284587
