0.44753129027187477
0.4478972655769605
0.4319562529623179
0.42742643647822337
0.4186758886166719
0.409572368262878
0.4054116878016096
0.4001511873460699
0.3894679513358962
0.37532517666351034
0.37179352820034417
0.3617665880694149
0.35710308602730767
0.34995313126192984
0.34310287339453005
0.34156540130596796
0.33198147062281214
0.3271328827285204
0.3176637912471486
0.31072358280683965
0.3103882818505689
0.2951386585591709
0.2909318991082604
0.2844443279322866
0.27471012449926036
0.2752039851573631
0.26700219331527
0.2615590689332875
0.25248422687612354
0.25568543665470295
0.24121629395654587
0.24198045813615066
0.2361221372484208
0.23535389725017342
0.22837735919065816
0.23216323744995637
0.22122527900418382
0.21410419330587244
0.21221931441331582
0.21491840848563903
0.2134203133751717
0.20451394299330528
0.19024479212863732
0.19021467828718563
0.2023391132955819
0.1931063150615424
0.1879175597104532
0.16999625776208416
0.18077843170184593
0.18158771738760138
0.16583419725251952
0.17739007906268528
0.17923450987334966
0.17671616310885618
0.1701568539237474
0.15706676554777982
0.1606705226120999
0.16415612601002982
0.1547875564740014
0.16301868177975892
0.16176950627019604
0.15685886027993834
0.16020570236847098
0.16377506523392998
0.16086596697259475
0.1523037765345555
0.1397695923923465
0.16554810208670867
0.1598045758936169
0.1329557629488704
0.14063555466600747
0.13877236778925983
0.1361477425549406
0.13107195132180482
0.12056079130398628
0.13036385330353
0.13533610024690135
0.12178540886666434
0.13132373856431945
0.11969775171016717
0.13284805118386822
0.13216809934647145
0.11516795561434012
0.12339554062114994
0.12564874816834504
0.11269597531450737
0.11396588084752246
0.12050793511439817
0.13050451470689273
0.09430274701157959
0.1055505482278879
0.12850148232876313
0.10060066529696254
0.10672169558945305
0.11759808956589152
0.11184322418763781
0.09032198075988246
0.09811136660973596
0.08818638335224804
0.11991920075146356
0.09969998441648736
0.08357445671189306
0.0808881384895086
0.07808280982834853
0.08528021952428028
0.10050759654368002
0.07563171146940523
0.07772966963242894
0.09102664665385002
0.08205329400162126
0.11117690751686998
0.08204081892153026
0.11510005402381895
0.09019074799135224
0.07257679346522888
0.08861874985445223
0.0928260507788477
0.07059092199692046
0.0931884035689215
0.09096009334816846
0.059445644110711515
0.08467672406648685
0.10786061353817294
0.0719491076882896
0.04848362638475573
0.09075617618614157
0.07904772791569226
0.08162107154701548
0.03239399553055822
0.06996833518750362
0.07218461621166072
0.0497050983911978
0.05535322731888109
0.04550180003017884
0.055794497795072784
0.025726164978904953
0.04303497837585246
0.03751886699240525
0.04796132020709487
0.023596783307028024
0.035294386948476586
0.05499284742960647
0.021592955266832914
0.04663533261170233
0.04917579606403988
0.031955718148390655
0.03984697944768317
0.02342548531942401
0.03568758598203897
0.019203041682869015
0.04625426213941575
0.04612522152224191
-0.04359010486793624
-0.04823846137813448
0.016867493659318278
0.07511516029410081
0.04779818003541114
0.07043592802521537
0.018000509909018414
0.05614692689800915
0.023318052261801114
0.03912424652242269
0.0816115663576828
-0.10201954732777585
0.022575861407235165
-0.013499702529415125
0.04112462042002363
-0.03561013534396007
0.029286117977644244
-0.06320479594987738
0.013092047072118307
0.08728063274234177
0.049122044846463264
-0.0691247412193462
-0.0637586750960174
-0.015399653714232797
0.000547897161507771
0.03817745887868057
0.053198701420076044
0.04804313238769886
-0.028467886417719024
0.10607316483857682
0.09889181755232773
0.0538681953411575
-0.09074665544799387
0.027060854156157055
0.04469790712851701
0.02016133021665123
0.005309653912132839
0.004767744043287836
0.018700539750965806
0.061909929345472625
-0.0451531243477602
0.00453952569231425
0.062148842679238536
-0.01619341506171368
-0.008283535023587474
0.004626747776093065
-0.013140664289479131
-0.01618142072152229
0.005568166413779718
-0.001236417200507045
0.005203347346465326
-0.058801948900050194
-0.005969810875488868
0.06331470220084356
-0.18397149378923416
-0.07193077674444481
0.06307548653443751
-0.002405793220340846
0.006401997505364299
-0.04700487939377096
0.018924272360406558
-0.07394646245536496
-0.12585638541127497
-0.035087035816916856
0.018780377440538454
-0.11428105945423417
-0.0528990139038753
-0.0009038540052581645
0.12966844718798232
-0.12032474894825906
-0.025656911188899012
0.025986460885186247
0.17245346503537773
0.05607698584507875
0.12728817337868298
0.053532314449779184
0.04920447607894485
-0.013275321959546948
-0.009412296749771731
0.038992319644183704
0.06512675145199731
-0.04023962684146021
0.07296389128254094
-0.09643057628838914
-0.026953744326288276
0.025882788123142653
-0.1568095724448204
0.06301498325463256
0.05741539666632245
-0.04057200621953472
-0.05103520846920828
0.0231297102127892
0.09470926611305669
-0.04495313733320683
0.031564830854293346
-0.020663373459325673
0.014390782342752761
0.0161164884450008
0.0403591778381972
0.12412731369881042
-0.016436255611214312
0.006615927081163819
-0.085570154442277
-0.04046386630183485
-0.03573052313683123
0.04469109297068047
-0.04097390874402407
0.018847473896548783
0.03799629821055045
0.020727464965611675
-0.07071528294642271
-0.03122170271787994
-0.015630582635874135
0.011932812410146099
0.0623997209321151
-0.01627361363389368
-0.04816914663624816
0.04170710426349261
-0.03365211087047648
-0.05572063087857393
-0.05281347639250955
0.016821097802178997
0.021470904432151938
-0.025625146641383933
0.04869429901207989
-0.050244060620386666
0.058912809168656044
0.025790244882129887
-0.10150379805942211
0.009056892090524071
0.04629184536183406
-0.026048135317227494
-0.10199724654523346
0.044637747433368014
-0.007429615436984394
-0.06997981362390804
0.006677645467985771
-0.029545790025721663
0.08950963604279405
0.0024273273612896995
0.05433331266734309
-0.058161424471407264
-0.10350913449120447
0.07373729481358926
-0.08287000161419567
0.016569685587905336
0.11419678254018861
0.09382235762563484
0.0844188638724746
0.005411824040034097
0.0458542258704685
0.07032809569131415
0.1560402380133934
0.07474958236546725
0.030907234185143462
0.08977452516558454
0.03431656083833806
-0.02097103570266534
0.12624418146376548
0.07983252873386493
0.0850952397769727
0.05639041071114864
0.03877731270676088
0.02401768402931881
0.003207054542780474
0.028109986707269774
-0.029738725953984635
0.009652102834999676
0.11722942621928584
0.03824480153014714
0.026836432588537018
-0.0029232907079294046
0.03184160637116773
0.05964248879819645
-0.05083028288386682
-0.00954882102654997
-0.06552730458993083
0.022368630554424507
-0.09036195191800256
-0.037653896399217124
0.0830923114068734
-0.03139766999039173
0.049136374824276796
-0.04207539407228644
0.08242654134907018
0.019576905577063874
-0.06408116073362258
-0.12260533465633439
-0.011140241543629581
0.0976144622210754
0.06789990144180141
0.05991094122648538
-0.05570882715925929
-0.020235256945561386
0.07250146827140158
-0.014397956086293018
0.006461507569213487
-0.033860069793529624
-0.013617600628742954
0.11728311135144481
-0.017325017701786738
-0.0089808631893179
-0.06254356790403148
-0.003779266178803864
-0.06005821235480613
0.020359852092207475
-0.07931268732479235
-0.0054723226016996085
0.032426856239203605
-0.019449576321804884
0.10885155309652422
0.0001489239559971378
-0.11181257519556642
0.042890682433854355
-0.0020111373198649085
-0.024364698762108006
0.011150213043482016
-0.032780240916522985
0.07274030451530261
0.11391151669976163
0.010490939274110544
0.041240011517491015
0.046011519583121385
-0.04262058124338497
0.06003089648776394
0.011071207308226472
0.055761238209176056
0.008140252643261459
0.09205007097195256
0.04605101463201666
0.008632947790337853
-0.0383993572881256
0.028697918867206296
-0.07685392538374358
0.07370226171782579
-0.09910374503922925
-0.031128885764565406
-0.04048687083481084
-0.029909751958818287
-0.019292916872283516
-0.08717150188953648
-0.06570300613216251
0.11753318836482385
0.008156692768259532
0.06353032194717567
0.04584561253750763
0.011920972635230509
0.006317091434526578
-0.011997640487557248
0.06090018843467476
-0.07338753455416558
0.07695917466656527
-0.10269332880916493
-0.004591563412578714
-0.05406795892690275
-0.08593195441038648
-0.12238241235777214
0.1519235539982865
-0.03351495447243935
-0.1541770713450522
-0.044239438083602645
0.037862465362975606
0.008465437683350896
0.0858412563256431
-0.166338981116383
0.006634024964763674
0.030402639097739714
-0.009161749895256976
-0.016565785227686924
-0.11583611124368243
0.06956562405551686
-0.09066739188185968
-0.02008472859727528
0.053536729682065576
0.03870415797727017
0.05570019796957926
-0.04759882986158814
0.05717384055404107
0.007592199064619443
0.01601498493456488
0.06345545612025333
0.01706522422328205
-0.04214826905567848
0.06805489072691728
0.036205612953903066
0.03175611663684197
0.0010614213907467196
-0.01806851269293397
0.12034677702112107
0.052223713453891873
0.01677095642678378
-0.01803119285398047
0.04891505269901025
-0.005749161627966681
0.03404556899641109
-0.0718350665219708
0.028497313712725958
0.10317359907937307
-0.0011435597704437805
-0.0463113880419983
0.08298547841583498
-0.1189726046095888
0.0007695523823649797
-0.015952305554519874
-0.03383672992904008
-0.032373246832967606
-0.011859112008731687
-0.09875778493061604
0.03466108063683104
-0.022868286891399636
0.08972030869830605
-0.015785321155645127
-0.0810539275405251
-0.01901081379082259
0.10183171530101154
0.10990986589127266
0.03073574290580694
0.05079623610132711
0.04782433985100998
0.1089430890155817
0.06075355403820115
0.17054334064261917
-0.02275010157953339
0.0793750586980086
0.01234457682841189
0.06690861751298055
-0.02515712242933288
-0.020443390108390358
-0.005554203329693919
-0.020876144504737848
-0.01752664192702258
0.057955106851198535
0.00388636306704071
-0.020559126276577078
0.05487784329438544
0.015171950093274378
-0.0002182054927937216
-0.02348633059245009
-0.009443519559683144
0.0671857356331304
0.011932233650370105
-0.02403809243283106
0.01640286898484733
0.040449158789150785
-0.057503052307012914
0.12914630513411146
0.06372222209670014
-0.0823251200600068
0.014381651626030278
0.01212150772617726
-0.034525079581194884
0.0648849457035176
0.03535444917571118
-0.037276118955658744
0.06371192111985208
0.13904916714863896
0.08461156214840487
0.0003071636242564235
-0.01927255849220355
0.027346525858986837
-0.015461753963234237
0.05827018008839152
0.04132483033219969
-0.035284719396838304
0.055431346137943815
0.024452287886143176
-0.011551528921753484
-0.01859678291621336
0.008744719053910444
0.08428179416660347
0.0045642830489424635
0.005984137750804641
-0.026419980610620564
-0.0076730388636185864
0.04381384901514673
0.004769413509005116
0.01695967555806177
-0.004949652590837794
0.03129998508486992
-0.041046547028139035
0.03271532138878275
-0.0688527256293876
0.0005993373425496884
-0.015053527988567739
0.09025253405236178
0.024496853989513567
0.012044739465340959
-0.03121704327696795
-0.03935074600696353
-0.039759210516842725
0.018103741641899485
0.0801944392883766
0.03469190484771545
0.06032281530505418
0.11251035500496959
-0.002664760561866264
-0.13223059267056425
-0.05100161468578568
-8.464632598736976e-06
-0.057841512555003916
0.002266106490384223
-0.10562446342632192
0.011894484268321182
-0.02294253472121932
-0.061182267101886234
0.02515688995086035
-0.00270873495247681
-0.06050811987608429
-0.03410804374900944
0.044020543504673215
0.05325003436922998
-0.026171282482644775
0.05284842310729404
-0.03462246636351762
-0.07840262716805046
0.021176852043098326
-0.02746159689918881
0.008964259951002695
-0.051931519143727733
-0.11407919389240817
0.0474489441001722
0.026861139759954078
0.058828200419101584
0.04593196984490827
0.015283921418015212
-0.0634389636673609
-0.009978088725763112
-0.1126025500375557
-0.07555393208679406
0.04125353816026345
0.044432696324386955
-0.10496849542959985
-0.06118521535215682
-0.015328192138965746
0.014183745193914965
-0.17232073756468191
0.020571633655191268
0.05654270584611376
0.07167274056670869
-0.04431073973623967
-0.07442709221772115
0.019976181391375025
0.050190488937687794
-0.10189720837565419
0.09587187468542341
0.08856314318449449
0.029589477755129323
0.03426319954388002
0.028255034978453053
-0.13468337578626433
0.053433867105865895
-0.08409999193328
0.12872745458842016
-0.014757718594193392
-0.0630588285729885
-0.019522320675777416
-0.07130299216374991
0.05799118109058954
-0.2573790138032709
0.027597840025915366
0.10480019776922228
-0.09124063412883343
0.08142631824078006
0.009229152778171434
-0.022095308053886153
-0.08468732957801561
0.08979398697625468
0.061759040721423686
0.037006289428038575
-0.0007573349994257628
-0.05311587442596111
0.019057457633238628
-0.0684653543248046
0.0013322721476204946
0.05582724446139187
0.0072854345383464025
0.09802409035909093
0.04402000691148372
-0.07283988905485661
0.026404912662253144
0.054060893664410026
0.017922854437825597
0.11786717994911017
0.0879273954978812
-0.05835430925615992
0.007414726318634657
0.05415224298910676
0.04416190159675659
-0.005911693855143674
-0.07577504944919333
0.03932041374816392
0.04131988192213709
-0.014977131505871988
0.035956103874381806
-0.034228167944010734
-0.11533352108210027
0.000270514081428308
0.029350194043353095
-0.025118091945366072
-0.006649564093859528
-0.028455365499881924
0.13343427059081941
0.027897024797437497
0.002671003130763072
0.019015388678487566
0.017284955244847577
0.06798014265456193
-0.03876736636795697
0.0005762609812264841
0.12559268471486984
0.029380121641949475
0.06293157527748316
-0.013729811802044689
-0.02274934800926487
-0.022203908638679826
-0.14943210331389412
-0.03628301424720648
0.02406771563947352
0.03512154644689702
-0.11722515678644885
-0.22270564103622026
0.06574929077601266
0.09279771173458057
0.04840378873057377
-0.024793549846517715
-0.0027734463643678264
-0.06767114445951561
0.060880874683901964
-0.04981489011436957
-0.0015015260285162757
-0.20750513061703457
-0.37487542381276395
0.008263346500822888
0.01698753134783415
-0.011614032876354763
0.12163981390344869
-0.039496076368215616
0.027184204646707344
0.05977582709877699
0.08845728708115147
-0.07799801082350721
0.10137051450815421
-0.1399386630151196
-0.11406640713759175
0.04601360360228596
0.022721016181169618
-0.04699327455209257
0.0018252684405267172
0.19834783583753812
0.0803716156726339
-0.06710290483601022
0.03249349808856028
-0.028139294026504724
0.10997640462153113
0.026328605509685077
0.050555688026923506
0.015048789801746065
-0.07043647941912001
-0.11211348490685047
-0.028035860752165576
0.13003404211919822
0.10136169630221431
0.03945731401115221
0.06250367149520059
0.03888221541486453
-0.03040104651130182
0.0417842574805653
-0.00033285817676442786
0.07611056350155482
-0.021500036139578627
0.005902278234779401
-0.14814816146091614
0.0848210576033891
0.05282741663325757
0.05954774454317052
-0.07389116205974156
-0.1611209351810805
0.049899229103225085
-0.008977485530488605
-0.09403390480699714
0.10026039533900877
0.05345298674284499
-0.10443655821069275
-0.16310113267738735
0.01634947613047366
-0.12997772719813439
0.03245713757981428
0.009599449807111804
-0.004434552078486198
-0.21554079182726116
0.09013083925483667
0.04145665891351419
0.03461560703240674
0.12347417608556571
-0.044074240210812854
0.09739731709520094
0.09776575415331484
0.13132115016773782
-0.12222035263295339
-0.004811770579164376
0.03668764475759556
0.022968718039952762
-0.06289244226237423
0.05457151137562277
0.011725502114748265
0.01839055732410022
-0.05427791856738273
-0.03154631574489042
0.012157555713585066
0.1126122844210044
0.06102329785877325
0.021831168678192847
-0.11596877867862354
-0.016663986473160808
-0.04514651220316779
-0.01669551415812487
-0.045278505547063586
-0.0011630257245830444
0.023905912384566075
0.048225703633573425
-0.027404261380839845
-0.05081827261987715
-0.05320161707414983
-0.14434912537666533
0.06231726699329637
-0.03140900400663349
-0.10043825419842323
0.01914799955990315
0.08342060475094376
0.06853859078686597
0.08025264186281078
0.02280920863219965
-0.04168039444536298
0.09680657872114196
0.049447066394888606
0.03174000822073686
0.010949313161795537
-0.19899349174180747
-0.0649283731528113
-0.000589277300114599
0.055139134696967906
0.04617878752399868
-0.12350258591522778
0.025072902785921725
0.11849294256894072
-0.09348017428959254
0.0024913479662860283
-0.0744709368435501
-0.013360460908366845
0.055214526791899365
-0.03340265655030472
-0.042840819437710564
0.09457935265931744
-0.02023569126703828
-0.08577236436429725
0.10538282321072229
0.020592321909859324
0.056034273497059695
0.0015056435894517106
0.1003218830988245
-0.04325890500111751
-0.029824585390393565
-0.05834156107485999
-0.058788060583573
0.005099925324877186
0.1385458463551787
-0.024562823237059606
0.059891397204112184
-0.054659783303035114
-0.003946979480975554
0.07016810102254095
0.04769813273281165
0.05432175239949699
0.036817281317778006
-0.17664566635566814
0.11132829286632068
0.09769040063236156
-0.066045244567277
0.15004630937966512
-0.06141160920513733
0.029881761298766407
0.022188935402556786
-0.07259952564732086
0.015791263107600984
-0.03464842101555521
-0.011265372238470794
0.052090158119328656
-0.02056672085813771
0.006501508152381985
-0.10831420238564604
0.050082499138775716
0.043252954135581834
5.89306962904268e-05
0.0697546423363889
-0.02997797845295691
-0.027005533165762485
0.02224071568801861
0.057613291958989676
-0.1478823424761
-0.05902330872251582
0.04771610577947388
0.04048959381763417
-0.07458747858421577
-0.010672367559681373
0.013087689171801864
0.021597664007219408
-0.03380505023517422
-0.10136673854600486
0.08675686976639002
0.04667240207152834
-0.05722718469972732
0.01974362323301726
0.06310229990630178
0.08324701832344866
-0.0221343361824351
-0.01012512056504633
0.07019863226754641
-0.011736415988471083
0.02120948296229236
-0.0189824806047848
-0.03024080742182822
-0.01816519386141091
0.03135772271692727
-0.10851737197862887
0.03327603534350454
-0.008782578182882972
0.10021563600108851
-0.0927555022717037
0.07341240803052984
0.10642359060208195
0.009507424331466063
0.0629162880838916
0.08536695714593878
0.015461146243078538
0.035280646301465046
-0.02275872235596199
0.05398971597729768
0.03433712839821851
-0.09550946138175864
-0.032946956349390155
0.06965724873028528
0.0007110634388027837
0.03209499157617768
0.058964922588504776
0.025689291614023002
0.03397578986325217
-0.005181915108532276
-0.015432585527103249
0.056848108606060876
-0.005666390564685098
0.05194519772315043
-0.11731220516796581
-0.06977816010361715
0.034049905238846156
0.008700831110496632
0.09454810085023774
0.05510390606550902
-0.046490693984492126
0.07261616324877301
0.04593016800324207
0.06632853046465853
-0.10382374094467006
0.11471040345587669
-0.016460921949532303
-0.04055704781727698
-1.9269765653140425e-06
-0.08055341998435794
-0.038556774753934375
0.04765602322953921
-0.051459408283935915
0.11063146358420073
-0.0007457528674540415
-0.13785084405772985
-0.0173018857706968
0.03244317344903935
0.01713419718120124
-0.02255762833358077
0.021063752714106432
-0.07942854329006055
-0.05216957680974377
-0.00956924264925152
-0.04989599301750147
-0.05519732912107578
0.035376817509406244
0.07421275590067472
-0.05584206514695034
-0.08927704575609852
0.015387953996120363
-0.1085807872671144
-0.007942570936716131
0.011534056868701792
0.09099481132084397
-0.07704132038980083
0.05824902159798878
0.05470743110341414
0.13115900180053475
-0.03747300926978814
0.011133605048563977
0.009782569248009743
0.10505603358588989
-0.2653950942611335
-0.012072250302683218
-0.013366402084858175
-0.01585912759180297
0.11307073603455536
-0.10124728240145897
-0.002574550375680218
0.05436176574835977
0.06246392349116403
-0.02808212477797556
0.04427575144429291
0.05237637909051107
0.015485346650402021
-0.14963985696835236
0.02256805926733041
0.008599628684848926
0.049406705879921575
0.031103381429056276
0.009022419052984176
-0.11210458854429373
-0.031820118831176636
-0.007016039053642453
0.012947657131543555
-0.042968539548630114
0.037498994644210304
0.05185662190907153
0.08383112382397934
-0.01475714251323168
-0.05289501306079747
-0.03598351896074048
-0.14687440152951792
-0.16323083945038608
0.02054873433014409
-0.12589633896855656
0.007704663505569864
0.09350710253442063
0.032930388402442945
0.07264611840148155
0.12605502323050627
0.037543297508185525
-0.061087757456705694
0.0762965949379038
0.06279311027970536
-0.06395064340834655
-0.05785543586464681
0.061129234366717855
0.05417120349317689
-0.1539816910174847
0.0388992862695256
0.058232620751813235
-0.20878413720090971
-0.06691375516136888
-0.008150606584554576
0.061592921109493104
-0.011427998433880093
-0.0703547779353405
0.05746315070807878
0.0023373472430215925
-0.21348937687320202
0.06380333561586327
0.06561067089511369
-0.04662422290337831
0.0232669165676051
0.06491676789891843
-0.03952627658256014
0.01246713978077485
-0.07367355498623007
-0.05316133948928037
-0.07965180364733837
-0.16581031959730708
-0.13079512571637142
-0.011520955666193933
-0.2403910292833411
-0.005344603023619721
-0.0630565929535224
0.02878555780930292
-0.03131553697863321
-0.14448055652677305
0.11673529323738713
0.12892752078056924
0.05255713989626687
-0.2687401066011543
0.04714148976866228
0.11801973319990272
0.015204765933076847
0.07890482412071331
0.022907490885714532
0.09164201773699554
-0.02048668470911441
0.00302604369214321
-0.050387245601771324
-0.13000633527215444
-0.058167106641613175
-0.0985704923776558
0.019182808367099624
0.0861590961885535
-0.024174621182450395
0.17343574244652143
-0.21255737165024835
-0.056257308771155534
0.0715331000654934
0.02312975211085383
-0.05554447788015526
0.016105734316610054
-0.09129965088066438
0.0935883428260934
0.06774360803889062
0.12896522378426356
0.13708016774211368
-0.03789302685577167
0.010754043888520415
0.0908958372643533
0.054740148279982304
0.0275980996004343
-0.19285848398760008
0.059659153445552615
0.07561213998648486
-0.14450028203513976
0.12621560553307515
0.07673198703431777
-0.04088690119464489
-0.08201664613050985
-0.06299507497019075
-0.00783376054530982
0.014626138451680815
0.029562855640052843
-0.014789255274621493
0.034124305072342376
-0.08160873010394942
0.010857399230039089
-0.10752874472066698
-0.009629952090422722
0.07480637999805873
-0.004201220586021015
-0.04774574076032101
0.027288805697751495
0.07812386220245271
-0.05063889552071421
0.0453013279816068
-0.03626595011716005
-0.10974215036549284
-0.004958869125790244
0.10371896420845539
-0.0599248435480938
0.00901349009033775
0.025449033870887816
-0.15452193369763456
0.12186645544520769
0.04196471543175362
0.10218279494253629
-0.05998032817415211
-0.054515517979143224
-0.012627707518796827
0.06956865593564959
0.024142513431982093
0.04782779333111031
0.077720461885599
0.0536196061637606
0.06212781345809021
-0.014291893580467008
0.043785474371792144
-0.16694787441591352
-0.05409698306675814
0.12247098480558488
0.040702658426433946
-0.007537969464895156
-0.14194101796076708
-0.018428720001356536
0.09476940069544837
-0.09610149294592141
-0.036042504409214415
0.07069048888834284
-0.12247204682085089
-0.18543760001867482
0.010894855335765341
-0.052577225732021504
0.08403451527642014
-0.10301804011508253
0.14669002225434435
-0.2508216468695915
0.03477230286675448
0.07517930398843264
0.002614105428850544
0.04791292396083413
0.15164952943933174
0.057263700843484366
-0.02101225849066901
-0.02484382124544071
0.08452770990282532
0.009552253749726625
-0.04671225703595239
-0.08711031269536829
0.038663798886713896
0.07281454992892905
0.13060869561602229
0.037220521885187985
0.08097929325668407
-0.03932254471205954
0.014043068357823818
0.0409915988016733
0.026063380151440774
-0.11637767099105345
0.10963376963336452
0.030951976994483876
-0.22234554944388885
0.05263817468765364
0.09117796624310753
0.11309797429313317
-0.137809867384184
-0.1906829431810837
-0.1157231581734175
-0.11020572147607743
-0.0066031792939351686
0.10191632788943267
-0.028023426713349897
-0.12511044716363384
-0.09733557894240585
0.054872252501738106
0.09340020664122267
-0.01465891086605764
-0.0629355321459305
-0.028776403779178117
-0.022983948316760205
0.006444981530650096
0.15633780883392723
0.1248677843942202
-0.018424042484189718
0.10204479533109573
-0.027980382561208494
0.04755776208710771
-0.24516169995816328
-0.025368145811277776
0.05873742362724271
-0.026978609524405117
-0.056122955062655744
-0.3154154580350774
0.11054120204554735
0.048332045839444615
0.044163248744201855
0.1287583101821103
0.14008790154809136
0.035427881016106
-0.003403198127571394
-0.016448346555556936
0.07127925192001883
0.07741136164820805
0.003675476394228161
0.0012176614913464445
0.11037639396352156
-0.004379178270491058
0.01142397488070035
0.07397952624333987
0.11036741711165227
0.10155092175939173
0.005387548272267395
-0.026507153285941998
-0.048572907009052035
0.04618725520041961
0.002207206723660038
-0.013073242917738592
0.04809965920734943
0.09171762823393109
0.025757098060991135
0.09646128591825126
-0.06658529000375013
-0.1619038992598516
-0.008495489327982386
-0.060071213557894576
-0.05583821281430279
0.025128119770224777
-0.031106807384026047
-0.0007970997711975736
0.05585439477001336
0.0797650382572993
0.08041296099149137
-0.12662393031409003
0.06675525232564067
-0.14286322670745155
-0.011146570989542304
0.014615126141319157
-0.10538139070153096
0.0564205337274703
0.0301285053145261
-0.0032444542144848265
0.05305950785927788
0.09190886007910032
-0.03185286102057194
0.03146888890568378
0.035854769700805145
0.03632364143243949
-0.08443946836034744
0.008891439293678749
-0.03440804242062667
0.12325358609205911
-0.014940261264707377
0.12043774577817329
-0.003334898935177133
-0.0031463426666517025
-0.016838017030119445
-0.06787674809826238
0.05501054992413268
0.061365147530501485
-0.08148209273224316
0.06079006973384138
-0.059020491859244184
0.04230030607704088
-0.019646478175270987
0.11014046244135683
-0.0593994323548267
0.12274030958525928
0.012529467951023887
0.03644427700661512
0.03169448994611168
0.017920392409351227
0.001737001612913347
-0.009378146124906062
0.0362129390140043
-0.01610059858595514
0.08266130350779455
-0.12395122878027376
-0.06257951727260747
-0.02269034842316009
-0.04875032965433368
0.06964633489970473
-0.030790425629490747
-0.01958077482685594
0.021552328725413183
-0.06327724625324194
-0.11040224168204404
0.05692923303274222
0.10327168663647707
0.04190793286942279
0.006757945180552505
0.08512237799037609
-0.03290498627477101
0.052139511529212146
-0.10718178490692043
-0.08365802062896999
-0.004127255797551133
0.007307100859212212
-0.04688442572364715
-0.024889520306296098
-0.06983516034250037
-0.02941586336560953
0.05801755907058459
0.02835946815990087
-0.03341988445720068
-0.004276981538681168
0.15925854853615645
0.0755510592599054
-0.07662869824748753
0.08531543221356558
0.10857800002846202
0.09613771292367701
-0.0789592997602363
-0.1280317692367523
-0.1933637990478948
0.11464559010454622
-0.022021288303218256
-0.032319816447052396
0.08602214956755166
-0.05119103112833745
0.06486464894197747
-0.03724024738222209
0.0262717182932517
0.05928466489993517
-0.04452422242040732
0.10718524788710015
0.11481035523192545
-0.08503770248966891
-0.030857595812810112
-0.062070632011106075
-0.009212335007508399
0.02157289451589134
-0.19397899453934786
-0.20868373451359057
0.09050236206956441
-0.04187292515965957
-0.05229170748470957
-0.05535372902616542
-0.1800807077448432
-0.17057044943667432
0.018101717863856226
-0.02256812435684319
0.009262354833096953
-0.07750285552017988
-0.06246068228599566
0.14542702521829587
0.02306972188619899
0.17191724240094614
0.2250006955849736
-0.024628220786536925
0.03724013528997999
0.059160992085879716
-0.013352776832085578
-0.015930204843942475
0.03306640155012586
0.12410267143422399
-0.03273747624353751
-0.02657019607564981
-0.18199788240178782
0.0007798896842005076
-0.05812479993704445
-0.0008445187228016682
-0.026886434642047097
0.021230885712072822
-0.054673497480311695
-0.04090311053403284
0.1384988622556601
0.10511680978382665
-0.31198081814363765
0.04317938569261082
-0.03828117685566779
-0.009532864785325224
-0.027293919715875248
-0.25194445764374507
0.016294987402869165
0.030939225614024735
0.11366491488488939
0.05957371768007724
0.02580043295011175
0.008670966681063041
-0.12192478475785173
0.031315508136258496
0.10434300715871608
-0.11411999843028497
-0.0002401866570730382
0.04860043686641358
-0.10489997380595728
0.12530022950716935
-0.19701921796539246
0.05105782821057253
-0.2081178868967879
0.03615303931809993
0.11217695900287489
0.07109968609666023
-0.027265818563760535
0.06610584886331938
0.03492025419320982
0.02556857519015404
-0.054684051750943596
-0.031219631014017923
0.05010398045942632
0.03205871988648068
0.057977339372146774
-0.07659343518705097
0.0639891603290822
0.12267608214643855
0.025778457016714662
-0.017919945263089487
0.17727526022880175
-0.026623980066905473
0.11413339611266154
-0.05161001522604858
0.1526659405330984
0.05631912118970467
-0.004836884522954388
-0.09753297171403019
0.15592929586021587
0.012157912518018621
0.025065740299006156
-0.010492398829348493
-0.05138109005175917
-0.02909563062043341
0.06912658051358739
0.01714516096220764
0.08105076412223433
-0.01863987285806945
-0.02372123106603463
0.04096204833442563
0.12844682674898072
-0.05719755529918491
0.042953348800839786
-0.013177219641749116
-0.007216413887320305
-0.04129985798006941
-0.11826174975871018
-0.1475337349141863
0.0061074622704963555
-0.039513484235584206
0.027421479238747992
-0.10304795216162277
0.12750408924528295
-0.06846523740383148
-0.0036219050616341786
-0.09124053247168007
0.009601008425487556
0.0743476165180817
-0.19717471378876805
0.00370399426270418
0.03270951982537662
0.04086335861749957
-0.02443032678305601
-0.05176577778504843
0.12096062611327668
-0.009618529881532445
-0.06236292951082012
-0.09083521182121146
-0.0956659030507252
-0.003406276811950937
-0.022776052491090826
-0.0506204078342295
0.06657793727653516
0.0821362236772209
-0.025916120733038395
-0.059770617464127374
0.13753709246520524
-0.07100888479239065
-0.002603888227143969
-0.5068648435770318
0.0022050098495318138
-0.04370547305109285
0.1618764563633539
0.028381776853967478
0.23503522020855294
0.060301555198718104
-0.01715813537571076
-0.07686290353012715
0.08788772861862698
-0.0232782024214917
-0.10579892509487532
0.0714424267812519
0.0015787214701915575
-0.023853909294302755
0.05686323717775166
0.06505696188996818
-0.03318708157240402
0.1391833440843655
-0.11861671036510568
-0.018865062202686134
0.019768258047158205
-0.02655354357367601
0.1546517463393659
-0.043493617844403754
-0.09782202315250965
-0.08884195913809811
0.10395803130510961
-0.004296180818030737
0.052156083891964244
-0.15531819931770696
-0.09549816963958024
-0.1504619054887184
-0.09540077978665285
-0.10486912396278714
-0.018106211532988414
0.026582707996821386
0.06459182630927562
0.04273022362976392
-0.08995956880860456
-0.0009616198963025013
0.08179948072391463
0.010909935612611665
0.10179838075125569
-0.30686618490777884
0.016273882275769924
-0.0220613102559164
-0.14265177809380958
-0.029144128410199976
-0.13447952505276928
-0.03240479395813001
-0.03912618345200336
0.05762682667375624
-0.38411925670562763
0.1275918003387611
0.051163924526879956
0.007724874563635964
0.008052866117881308
-0.02538775002900029
0.1555890940796596
0.022554965940677074
-0.14529662286102352
-0.05299013075497705
-0.07857199243504764
0.08644798405658494
-0.15248885025666237
-0.13045069038269141
0.10944275852842045
0.03841076105045649
0.07643667463724158
0.03387935813752324
0.01518115274852222
0.03198608680576609
0.041800849577428856
0.03524405997437524
-0.10249047190508742
-0.025120856144424497
-0.06100855148033846
0.21550483192240655
0.09073957975559527
0.002185997966237141
0.061742370351419384
0.06051972343567413
-0.002178654912906808
-0.15447955582624007
0.08236273581041348
0.11786000751312586
0.05288241543058525
-0.06979907099665028
-0.055622622982012926
0.1281667300531656
0.11182007811733208
0.05912015256602421
-0.04918147597686218
0.04220724005976745
0.025757530629119008
0.038216110197975606
0.009618510528457302
0.13395646159139574
0.07221079875842451
0.01787255768292767
0.04744698821045701
-0.0816176091415004
-0.060421024609935814
-0.010466574761562208
0.09734383925408757
0.07172465573539194
-0.12342278040119314
-0.050870926940874694
-0.03804755426321893
0.05745905188317929
-0.042875013664577466
-0.044653163812853
-0.1460700554751304
0.02251235570649668
-0.011206883473655727
-0.05677351881795056
-0.025364498828192583
-0.04525242206534541
0.06611934796575653
-0.019433961224411656
0.06568314115471113
-0.07656220920088763
-0.010653583293624425
0.0759478017374518
0.012133418595594025
-0.004177199395822395
-0.08795205688611296
0.0013905884676882474
-0.10745319554166644
-0.02132073851716143
-0.023869740710717346
0.12285594581963111
0.09503347275970264
-0.015568190849156949
-0.05677543155591369
-0.022783146121782782
0.0374412327947487
-0.02653870790027668
0.13896644985676648
0.044468929913546396
0.07470990720705206
0.08063719900580146
0.04664287815625667
-0.0546812381078533
0.021884463503901663
0.07879481551887002
0.010610775264303818
0.04627899413083186
0.003142701469572795
0.008218053193586206
0.04475366526836089
-0.05260755327460154
-0.028183562438933385
0.00956057158569562
-0.03929079730822749
0.027449668743826927
0.037105719507581236
0.044439285791791794
-0.08769288912202122
-0.061115653067776776
0.04061488081560333
-0.10975376205822773
0.042801678188693626
-0.12012727847463855
0.0645005938619112
0.04884343338349989
-0.01935809924323817
-0.14277060462882973
0.02625138690452189
-0.07694117320942995
-0.06171213500017736
0.054529343624125315
0.11291996541414379
-0.0010735500895274752
0.03908448097587636
0.05310907749627908
-0.050381200061716314
0.07009467987518236
-0.0068869796521824345
-0.07381839655961664
-0.22666359956215665
-0.024094538598004256
0.09214885496157171
-0.20834330565093795
0.028034373605103857
0.036486593430389846
0.14673953887236407
-0.24050695755094054
0.013876984568609751
-0.13472983467904798
-0.13805089373873014
0.09168336812170313
0.01023022685276953
0.10713238629600841
-0.022330416579458556
0.13355832051478977
0.06779223112446658
0.01397686701759443
-0.008489451000873727
-0.03099259369174534
0.10303882080109206
0.0024025620997566444
-0.04957217954275239
-0.02252938370180424
0.05855275242395941
0.03602497798398785
0.08691591376847363
0.09448231932227441
-0.028122613597329593
0.04989997333826979
-0.030006695680893203
-0.03753811989920719
-0.05337296441313932
-0.0826343068258526
-0.03335648987330786
-0.06922955321127788
-0.038445003526111354
-0.11914587799206833
0.1323338605916473
-0.00533043744783579
0.015898791261501233
0.122790028517132
-0.043868566872951376
0.004326951297292936
0.04282101836502317
0.028014005224203498
-0.06808617413946993
0.09572595341793794
0.05033284314112629
-0.1170935549200518
0.06446303414620685
-0.0003577507466240304
0.04285133252252832
-0.08088529494007468
-0.03454587062926362
-0.019834037787678005
0.005764116350111759
-0.12248047755558533
0.08098216789701551
0.022181907800702005
0.16080321318503094
-0.41747127386938154
0.036900605792714924
-0.04954089754029933
-0.15102389343751454
0.007271759691636626
0.029564344424473143
-0.044230709310419614
0.12120687414201975
-0.056944885320860505
0.02064243491577772
0.10351622390588189
0.0261813142282577
0.02123026816687079
0.08827080525789877
-0.045188624122689314
-0.09372577712098296
0.055753097623246595
0.025609394469155222
0.020157978400855536
0.0004366740453291551
-0.3408512250661906
-0.19638675414500262
-0.2690940078299737
-0.12013315451813456
0.003772503926964099
0.030952202822021546
0.13394018937847008
0.065413961164343
-0.043494264232927904
0.09727435929389688
-0.07547207441628911
-0.12255929664600151
-0.044093440130577366
0.17252588726418355
0.09134728067190273
-0.09401292728021571
-0.07190228904393947
0.07051464011912356
0.04099710279444663
0.028880181044648123
-0.034057569623293094
0.10843057893486419
0.06480116795668739
-0.051863357418215905
-0.15256015554863422
-0.05660205498664461
0.11559217320953824
-0.18915112615113783
-0.00023907589097216242
-0.007512030411349735
-0.18076745620845847
0.03143609338162745
0.11722225977947115
-0.042037776395356885
0.030733226405564362
0.19466142480403442
0.022546637590207697
0.061627453668830434
0.022415557023234223
-0.157105915157978
-0.07667809231149691
0.10916899935135671
-0.05280441533763547
-0.05352509484815415
0.04740162702293621
-0.0238624868038263
-0.06298309393904589
-0.19612560570719506
-0.08283234875135492
-0.1343710408505695
0.05214052336454378
0.0022066862371450946
-0.01468377676636723
-0.008260516421155994
0.04881173386149357
-0.01788947946096686
-0.12364941573708321
0.016679370292410234
-0.07222771451272714
-0.03248447892124373
-0.015164697821676953
-0.13064717780731183
0.07826074135259242
-0.009045321395187655
-0.04259392526659356
-0.119938606929329
-0.056984316672212154
-0.024333927737716476
-0.024605581155350276
0.09680320620431832
-0.03657381338591004
-0.16631770176763083
-0.201465565082801
0.005789459602803637
0.017417406814124237
-0.052349538536641815
0.08681025164640449
-0.0888388245841637
0.03807504291966357
-0.0307624237898384
0.14576452275161889
0.18018324793928064
-0.014149526470560447
-0.056582260391662365
-0.023824350293667473
-0.01552949415309468
0.0730404018981684
-0.18994625495666662
-0.00148162901177884
0.006942898126110264
0.049042161989437505
-0.040456837614431085
0.05375731695767488
-0.16761424875989117
-0.1679140795882702
0.08379823475171039
0.04134549130995696
0.05962665606354284
-0.0953746821192395
0.07044012021911356
-0.06342788067051408
0.0068886357378217244
0.10584764031971383
0.07940201970828015
0.012803775787671168
-0.031020727747335997
0.09435830732014505
-0.131427916106722
-0.04331742779987957
0.11404807822668012
-0.03045635366522148
0.03493837442121961
-0.00821067336413539
0.014034023781585525
0.10763517883157986
0.06092643150403193
0.03964355324837232
-0.058182140781071756
0.05537212476200842
0.12704632909220936
-0.061725192158213815
-0.05207192497173285
0.018940018035228434
-0.10803540460487515
-0.0018083002149542615
0.011889042566140706
-0.06083456353289529
-0.10239686408102655
-0.07831908337138926
-0.006848414284108095
-0.0320478063571179
-0.11503184813247813
0.04157848453759161
-0.06783230728445933
0.03647631988765987
0.0137021308664102
-0.012856837512336794
0.03616313086849565
0.09992008829421345
-0.08600555578384417
-0.002335170867003966
-0.049119816732099086
-0.08477694621837872
0.16635400691291424
0.06748112960676289
0.007124567316404762
-0.16749529430201604
-0.11023441536258582
-0.05367934996190482
-0.06536211908777168
-0.012532512053691325
-0.24981693305068686
0.057809591028079865
0.13231535145709378
-0.034149028614044785
0.13159113111985998
-0.0011988177903541342
-0.05691985986733039
-0.038703235840901073
-0.1746052311525974
-0.029400519769594013
0.006294385103583655
-0.2021603167520627
0.05712172746252275
0.03832828673067018
0.11844973452350976
-0.025479877951946395
0.05621634391599095
0.11327962078799403
-0.13491891730662953
0.09242301744592185
-0.027056299134911144
0.055362591740228784
0.017439242770028285
-0.2001638323877296
0.10875866915963545
0.029736060940293407
-0.02494843798701951
0.04505925261783733
0.0023815039177177977
-0.06302097431162246
-0.0977043443121306
0.038126198643699094
-0.09465365438909168
-0.002998355874698988
0.06692898897540012
0.029997493194849068
-0.24451087372567615
-0.01847778024602087
0.017576473208496035
0.06352623214063602
-0.05616059370606463
-0.006079314319401896
0.07233909170116015
0.019266285272883543
0.10998183459224492
0.0598297350488502
0.09024376891523661
0.0010877620476767436
0.048303096092066344
-0.0073775242937998975
-0.12070187501723706
-0.17532636085273678
0.012910763513763024
0.0511128719282557
0.0759912981768911
0.031780597856315096
0.008869791437357333
0.019096889769422698
-0.01539968853616347
-0.16388032006073938
-0.1342019616261514
-0.08746493531119626
-0.022738261528677528
0.01245389349126752
0.09052149098379558
-0.1622599371300414
0.012939641587921602
-0.0006201201145922264
0.037599810629042274
-0.2847444773015553
0.0010425374608020177
-0.06309207611657264
0.1674401126915046
-0.017223273380698956
-0.06192412040444595
0.039814604213630034
-0.023729620591247835
0.03995277642148931
0.026548376514073047
-0.1483062624117122
-0.07483566938507724
0.0667623736375002
-0.012153668414575547
0.11676157465176445
0.1540575254022442
0.07836077659754953
-0.05753039080692035
0.10390156110550419
0.05162145266040402
-0.04850166210357698
-0.007194648051472852
-0.0919516512298828
0.0054210837004148305
-0.022297463046123678
-0.10085512444964584
-0.14343972827300844
0.05827276478009008
0.12056798653882589
0.137886413779097
-0.07934834732844087
0.07698805535581715
0.018452066130935862
-0.25394785027569533
0.05670596840002895
-0.00682917814999795
-0.15933794735878226
0.13380194484124291
0.047938951356375104
-0.057161409842619526
-0.25475076817219955
0.004959232326984531
0.0010160697490236292
0.03941007566649307
-0.023622821137138428
0.008384127826707721
0.10144138756199261
0.005937733139161294
0.10938519950520564
-0.0061952063609928
0.04466354408300427
0.10747209590859719
0.11959653147700322
0.010101528426416817
-0.009894187953197187
-0.043849721019917576
0.007484083540542752
-0.017427037723813488
0.055110096105180584
0.13564087512010126
-0.056483002549495676
0.0405415373307737
-0.028242870541979714
-0.1408199087883636
-0.03229151900649696
0.10116893457482617
0.08999779384368212
-0.0068508671835713075
-0.16435804486298045
-0.10347145178679107
-0.1266468745778312
0.10287061278594767
-0.034519535488270914
0.07909746655078831
-0.00036475270628877343
0.015205830031075174
-0.0765629031631283
-0.008547961404093418
0.009920023020045687
0.009224997973518556
-0.027559073791252553
0.05384334279078856
-0.008990650386348609
-0.046722091092181284
0.11631406413473072
0.0008846179220507455
0.14301159901115945
0.014267626097620001
0.10472206654122801
-0.1079272631359045
0.004489056194547092
0.01969824320304092
0.027014846705978257
-0.07250117049983229
-0.051483018856306795
-0.16488655370561245
0.0495857270958483
0.12728246304072371
0.06609009042419273
0.011833655551493405
-0.0029546550372865354
-0.02026344798758939
-0.025050943174054985
0.061084225067025266
-0.047175695442112975
-0.04593348998730318
-0.1776376229310439
-0.09434239577611292
0.02621151662477672
-0.08706515457540476
-0.04122791748225507
0.07975842870541383
-0.08549405540848998
-0.025779948863097757
-0.13220265925612373
-0.06398613469264824
0.02052167087353607
0.06591621471186127
0.0496027897956951
0.07968194176858012
0.0522349688969459
0.04986839570706597
0.0771899356426703
0.03788409039732987
-0.06341312264240906
0.0375128168918511
0.0293500011124605
0.06485716261913943
-0.13713564893468722
0.016070849541842402
0.11604594097478249
-0.04262655628451961
-0.0727073475215716
0.043379448963482836
-0.03345354709685999
-0.029767658330420166
-0.03897568227384829
0.034338129463263534
-0.0878228068666339
-0.048493577744948224
-0.02912493250848669
0.03821557193444369
-0.012369038312854519
-0.07304988292625714
0.07854762639958979
0.056202405366099106
-0.05094445892825472
8.472889926780525e-06
0.025478342514589525
0.058415223893299784
0.007699047050192087
0.0501336919844515
-0.015759910536128574
0.07915272399569978
-0.23906482013899122
-0.10464659000364862
0.01634029575376522
0.13707844304506717
0.019911535630294963
0.05969160746522739
-0.033066280652698454
0.10745578276661111
0.09083899931051204
0.04846893008179781
0.03497057267934578
0.04148756346801091
-0.021937186458958702
0.061671718569654865
0.04329594018475258
0.006905738545259776
0.004148492534662984
0.008802078215027431
0.06855973611880778
-0.021840930594008268
-0.021095625265207474
-0.03875479454482211
-0.015965503605415376
-0.06164492924228482
0.033182794799523074
-0.015222447233352643
0.09113340586212287
0.06213372448768367
0.031024510195789
0.014551770062265545
0.034121435548375045
0.004205870433387826
0.009786795838638451
0.03276517381401839
-0.01338407018453791
0.0656455066079128
-0.044988262274142654
-0.279086168198201
-0.018309868422103137
-0.046341647020537
0.01609209703169817
0.052142893665865164
0.05074520844882274
0.032963832768561185
0.09573799515680742
-0.07291245172801253
-0.10720065441176552
-0.0239505734167339
0.07881711658963236
0.07294209734703155
-0.011474199441747435
0.02786538415986295
-0.060771889347861596
0.023570480619330758
-0.10654241673543918
-0.0035787201240882194
0.08094416758909434
-0.04430062856360628
-0.07096222091324378
0.08458183099299571
0.0708023084852673
0.115269015992983
0.10980028458650504
-0.11917539043860625
0.1261928911799406
0.02582364692660377
-0.06945235151343665
-0.10599633720865564
0.05042600816614323
0.06844043062828331
-0.02142166442639737
-0.23757404412056204
0.0010808536440690686
0.010830027810065312
-0.009448942771504987
0.0240567997068451
0.018618279141368488
-0.02423322134865913
-0.0291403579797741
0.007376906440805464
-0.012831481070068707
0.024078028530659823
-0.08753725463010154
-0.17633261901899044
0.10087877744566437
-0.08440960630169414
0.019917994327152688
0.041046460638356375
-0.019003225929761336
-0.026488248441262185
-0.018138037180954303
0.07934203956611835
-0.01381570987672498
0.12492658079149782
-0.1841068647419194
-0.17180928356890635
-0.036853507239439254
0.057159507988073344
0.04326288813150864
-0.21920033569390296
0.05402042191910578
0.06871073705303238
-0.04472546518159837
-0.018924851403335774
-0.1142001878271296
-0.025412997503819423
-0.18025263692959803
0.06258679088337477
0.06511692928165547
-0.06284155685256931
-0.0032153633937226367
-0.10744222483104338
-0.01280702018929003
0.020253798167775172
-0.1770420015052685
0.020033985050789682
0.08382540413332606
0.08379239661160959
0.05865743233603565
-0.1149499428449906
0.0004258848553314043
0.12350732466345188
-0.05597021662298807
-0.050477201852422104
-0.10353005788554814
0.047415034175217974
-0.006253860688445356
0.03315629238009693
-0.05735081252516416
-0.014933762211967294
-0.0025828113903998418
0.14632465072798762
-0.04643902541344913
0.030267606306038586
-0.07557739006437725
-0.01953597161432974
-0.09224058352921694
0.028519977404542762
-0.04844667523834545
0.07491064759942828
0.09047347768367286
-0.10629388084665525
0.0558332767500912
