0.03026606892031559
0.021691743269577873
0.017126239226083785
0.013925147050367737
0.012170864022366171
0.011893503497749914
0.013873956361320619
0.016041225263122662
0.01801996228372793
0.020247510765013927
0.02236957844318656
0.02459727001571318
0.02786976148326335
0.031112584124005138
0.03468293996586384
0.03812919141613315
0.04200722091678578
0.04609588146922399
0.050351705217236156
0.05519839408589727
0.06051320009484428
0.06578749884409503
0.07115305029758175
0.07684694678821376
0.08182128398198801
0.08763048513993824
0.0937067447954025
0.09948078781722368
0.10509650721770991
0.10941844789221589
0.11369822540100577
0.11779727496641743
0.12182269985184647
0.1256108559511072
0.13021312547307873
0.1345988909973711
0.1394986646240946
0.1450268456693115
0.1502203805077109
0.15476667224168772
0.1596329867216943
0.16441157959417066
0.16855582046156187
0.17285825812042804
0.1771613235152591
0.1821099775364856
0.1875379064863263
0.19255174078510875
0.19698400594641186
0.20144197524882027
0.20568031559095742
0.210121723482374
0.21452815486942817
0.2193466010870701
0.22421089808701813
0.2297536365443485
0.23526497498888535
0.24061445893738165
0.24643349849860227
0.2523664139228937
0.25849242260132066
0.2642102796038743
0.2703956690868794
0.27654636423138906
0.28301744232017423
0.2903405476766465
0.29808589421110854
0.3054852823973588
0.31262033509898013
0.3197206427644521
0.32670686125438186
0.33309137251891724
0.339857731225246
0.34667140184146183
0.3539658221500573
0.36136300479194305
0.36796725238869177
0.3746602550435338
0.38072763202672827
0.38591754157592073
0.3917353531448793
0.3963593082606229
0.40134472705743085
0.4054897818576301
0.40990159195313874
0.414691042230808
0.4201495936695529
0.42528771395892917
0.4312841546122107
0.4370655680552544
0.4422362080479017
0.44690700154121366
0.4514733420748397
0.4554291529823372
0.4596037091427886
0.46415394757150635
0.4682539562878999
0.4728540309956013
0.47694937949413674
0.4802869932688684
0.48494978835591224
0.489868822739091
0.4961715905189623
0.5019708412652601
0.5081141656767227
0.5146470303979482
0.5209430615120673
0.5265350767382153
0.5321150933323044
0.5384863481714599
0.544011816831852
0.5498259275888506
0.5552326818947647
0.5615237468382243
0.5680097576964832
0.5727804451151569
0.577776952864805
0.5834579170113656
0.5895947016918972
0.5951151209466812
0.6010890709319591
0.6058870013170728
0.6101494838153412
0.6141978073943678
0.6171339286610971
0.6212313142319196
0.6249214706246967
0.6272654864020137
0.6289181032288308
0.6313213553880002
0.6336003049292753
0.6357603727587948
0.6380945534741594
0.6403734815575136
0.6438627979312578
0.6469363857239097
0.6499608265301156
0.6521818282760475
0.6541821114183148
0.6557656959762457
0.6570252426443896
0.6580815636547963
0.6600220187390896
0.6614468858417658
0.6630413978736422
0.6643832250747939
0.6664555472149685
0.6678231809855907
0.6695021537546351
0.6712388476277457
0.6725857402230054
0.6742984456384105
0.6755807967760965
0.6774708953771542
0.6795039565269216
0.6809589748839718
0.6837552677632853
0.686978582050404
0.6901860628910321
0.69514624555842
0.6988684985867777
0.7027524140400558
0.70632551150028
0.7104363320427713
0.7144057251070122
0.7179007492128904
0.7205718137804987
0.7224145814690831
0.724032378301266
0.7253173881641268
0.7264224511213637
0.727038603005153
0.7272631491236776
0.7283452193943045
0.7292957088413049
0.7299740329433537
0.7304097675290101
0.7311287331922346
0.7324054104420534
0.7335174906111422
0.7352651558507699
0.7373224316135254
0.7407115627473319
0.7439141990322735
0.747061786469196
0.7496807534572947
0.7524558138447415
0.7547722168844639
0.7575222975125778
0.7600073229794307
0.7629768433624966
0.7654263231707589
0.7676986989100151
0.7694748314763149
0.7710610515839164
0.7731328813513587
0.7750900609090574
0.7770771280383996
0.7792939910596213
0.7805851905915336
0.7806355689850706
0.7806972982632057
0.7807401441733637
0.7810963477654771
0.7821760320670024
0.7834112220396184
0.7844899735965806
0.7853916510160507
0.7863684134675748
0.7874251575673089
0.7889298920059324
0.7901281622999413
0.7918923619501573
0.7930168916012212
0.7950557450602657
0.7971280762827228
0.7994836712605987
0.8012775789050314
