0.032948210065258325
0.031207721860102372
0.03160941793177577
0.030619083959321693
0.02914468000086557
0.02878697440452342
0.029844289399598337
0.03206762530486772
0.03527804737391903
0.03960310683735112
0.044951698311811956
0.050943074046208354
0.05756034445402609
0.06430732029055522
0.07102864178445359
0.07762114322790448
0.08429810993978654
0.09116432840292975
0.09785978472052258
0.10486001743618406
0.11207769620174705
0.11976658183085061
0.12772099654321556
0.1355847978378959
0.14336621140555092
0.15131311289374072
0.1593276137996914
0.16719620748976818
0.17525588528502076
0.1830817130577194
0.19100195349819113
0.19885455758733217
0.20676884848759017
0.21466253255373702
0.22219875754220544
0.2295686747713725
0.23677622730479672
0.24407292016194593
0.25121398027511155
0.2580044877464044
0.2645752838232605
0.270931890755906
0.2771174746700555
0.28358171556294504
0.28962918165448576
0.2950814092355266
0.3002915830038445
0.30519909219361596
0.3101460246719997
0.31443479426403487
0.31849418829880183
0.32257702608417715
0.32617126400278357
0.3301177469859871
0.3337003237472706
0.3373155968068178
0.3408004258889915
0.3444867484962923
0.3478766979554878
0.3518780788361109
0.3558928881318131
0.36043706264109093
0.3648989111530233
0.36867495377377824
0.37278210726587907
0.37650547682962154
0.3800752884105384
0.3835595628150622
0.3865622726026055
0.3897076409710378
0.3939402611826545
0.39795057913102183
0.40278616843208154
0.4071247162686504
0.4122484757990485
0.4177670454299571
0.42396602122808263
0.4313635286163475
0.43810206337518154
0.4442981103117701
0.45041178790618336
0.4548334686783205
0.45922269526698034
0.4638238573891347
0.4679372226220293
0.47247178435389836
0.47762325810177775
0.4825676763420486
0.48750571709512863
0.49308520337534295
0.49810194543313335
0.5032310618826321
0.5098547573049976
0.5168852342757505
0.5247432748697752
0.5335447221367899
0.5417534254319026
0.5501204681356986
0.5581965768946006
0.5665096545392011
0.5737220949609555
0.5794420160273486
0.5843547720923516
0.5890713813764158
0.5929944078257439
0.5972921923042094
0.6004424162478541
0.6059813517856023
0.6125673488188386
0.6197046220447858
0.6251363008907393
0.6294853202269773
0.6348590341845515
0.6393460126173168
0.6438935842767981
0.6493871264151816
0.6540084088216488
0.6581492310419405
0.664213253540118
0.6701172690564035
0.6765440002179761
0.6832787338309697
0.6893769901106566
0.6964503318573413
0.7049497173974987
0.7145974497256206
0.7238972343222386
0.7332286959936556
0.7432340402533666
0.7520918371538002
0.7600664170252273
0.7687873417156209
0.7759961122588626
0.7835153819880485
0.790858825489741
0.7981446791912564
0.8048817195886994
0.8110381778431085
0.8163285161329421
0.821120098129488
0.8249520071533469
0.8287719550917221
0.8320652358535707
0.8339745980413257
0.8363461417561675
0.8385447812906528
0.840655382804123
0.8421198910756682
0.8426095498344472
0.8443039507508919
0.8463112382126945
0.8484072732076824
0.8497694377319939
0.8507700847442179
0.8512933744834422
0.8515241949544616
0.8514854404360636
0.8518898596466752
0.8518072622306134
0.8512724646773666
0.8513320384071686
0.8505957753693396
0.8499124448283635
0.8499054389839118
0.8495652773560214
0.8493652269710081
0.8485026352419076
0.848074506043159
0.8478432204812907
0.8477743876254419
0.8462852796287845
0.8450312965137057
0.844101928217757
0.8434781079154531
0.8425127102096497
0.8415422550981736
0.8409480076220711
0.8394440759656742
0.8379133765142871
0.835440925992637
0.8338801304129103
0.8314859862095506
0.8308048791820116
0.8299108209436278
0.8302630087839316
0.8300267354983982
0.8301023338765638
0.8300297298208846
0.8292179158230029
0.8284511257438909
0.8277082574765251
0.8280007599201312
0.8291877811368475
0.8302497052281635
0.831019494670961
0.8317434893647608
0.8318140422244674
0.8320659645845752
0.8314525056819341
0.8313915310455431
0.8311403567720437
0.8301779793725298
0.8302951432625869
0.8304545258536208
0.8300559172417192
0.8304390858057926
0.8314587759872053
0.8319722242338703
0.831930382602215
0.8311839944181924
0.8281046697870195
0.8254422271930567
0.8231818659568979
0.8213888295401314
0.819190827943228
0.8137443749887923
0.8078918932605927
0.8013578028609342
0.7948017343555347
0.7884247034675097
0.7825479123651838
0.7773755837180596
0.7735544359589843
0.7682876730652274
0.763102960571102
0.7609187713950782
0.7571776564183564
0.7540503712810211
0.7535855876675448
0.7546235324081813
0.7565762210200804
0.7589807590990288
0.7624873291701274
0.7658796001664487
0.7679636249480277
0.7705859613676151
0.7730062934203475
0.7753141560087571
0.7782458297466353
0.7788503205941728
0.7793071299799806
0.7805272141733811
0.7818558921763902
0.7844136511080335
0.786462257455272
0.7880298796368452
0.7873965586833194
0.7865689816501419
0.7858781162597973
0.7861975124829487
0.7877108255862685
0.7876502026690204
0.7878821866423426
0.7877201018190049
0.7858045814498718
0.7829794249720303
0.7814761458252456
0.7798657366731497
0.7793043570208804
0.7792662101393248
0.7796596060511928
0.7795350506844217
0.7803495185018641
0.7794383208072004
0.7792269295670325
0.779647248101844
0.780363709734017
0.7814566498550429
0.782604669919977
0.7841903257532847
0.7850367382449724
0.7859508399002312
0.7868253361408112
0.7878319797644711
0.7884100631018089
0.7893214449308465
0.7894707689854503
0.7900829349214775
0.7913592360573432
0.7918096445110566
0.7927463154143521
0.794266342750851
0.7956775515310425
0.7975572691521959
0.7984006251017639
0.7985411098895788
0.7989424858061004
0.8002809364693025
0.8014305492409424
0.8017973732698138
0.801876796011074
0.8017004980603669
0.8014209073822453
0.8018871901035663
0.802694247912731
0.8026669038682727
0.8030233218249648
0.8025434696933279
0.8012642680658082
0.8006844155809616
0.8000557784595427
0.7993995036229921
0.7984573941360812
0.7982832320389405
0.7987602646988684
0.7999056847557501
0.8024273578265899
0.805342326904302
0.8083269940550606
0.8110302382604114
0.8131046163033765
0.8155662190547056
0.8174373921787572
0.8186112576574642
0.8190410623320732
0.8198180954644064
0.8207145035098916
0.8211873710238338
0.8212284199684137
0.8205831578060806
0.8198851443790794
0.8203616391628346
0.821061559260058
0.8218987879496851
0.8228057027605439
0.8235069254221669
0.8241608927808128
0.8252146053412174
0.8259322305946362
0.825955148580857
0.8257654647165064
0.8244187641545898
0.8215815205775219
0.8185519897145453
0.8147755052006119
0.8114473485124784
0.8076423994747969
0.8049121495165955
0.8027793691822801
0.7997415468682181
0.7948176083612208
0.7893685158890251
0.7845093263864232
0.7806851032524308
0.778454751821661
0.7757324574140224
0.7722062062922314
0.7705020863016069
0.7692777788330244
0.768967626294401
0.7695952239002151
0.7697478643176633
0.7702491964259868
0.7718301800407509
0.773208538750678
0.7740022998319354
0.7752817119704943
0.7760446468791835
0.7766093173278359
0.7761831550423228
0.7760365303253853
0.775866883176569
0.7761200664606002
0.7758459321401433
0.7754606331932604
0.7749279084151327
0.7745920414671195
0.7744282610904043
0.7745877344421991
0.7752210102867283
0.7754479773826506
0.7766356153442484
0.778260270833436
0.7796167491812508
0.7821045572086397
0.7842611811080525
0.7868976265217174
0.7895365083321746
0.7918731949937999
0.7947688184522931
0.7973682206073518
0.8003770907411627
0.8031144343418307
0.8058617629086601
0.8068577654980664
0.8072079554911386
0.8069445101246894
0.8063542745989178
0.8051963103555985
0.8032936270394659
0.8020979808390332
0.8009944997787339
0.8000138122215428
0.7999088814274099
0.799738904747325
0.7999522884432495
0.8010151348355737
0.8020098781705411
0.8021254381155569
0.8027757470023998
0.8030860143620597
0.802379411998116
0.8021928230106911
0.8019431508690146
0.8015665901706666
0.8011280030981074
0.8003035343494922
0.7992433511321944
0.7972950875903981
0.7944145719523723
0.7926077030519241
0.7905995274034082
0.7877833368244268
0.7856752396326696
0.7844721695012151
0.7841020013183789
0.7839654932332105
0.7841971419596749
0.7852930995085593
0.7867455011259965
0.7882536459312708
0.7894595200946445
0.7891145449178281
0.7887410078695668
0.7867222474063648
0.7830957432224331
0.7793382714897759
0.7765484590310309
0.7736864690904423
0.7704729920192968
0.7676051608624026
0.7653725324173377
0.7636988111886404
0.7624036059931779
0.760770320937609
0.7606760859911175
0.7616406234371563
0.76328075612555
0.7636213111823804
0.7648371843146914
0.7655305760475678
0.7657079023343067
0.7665315685859855
0.7678552347026006
0.7691791410732604
0.7720113394907079
0.7754731781762938
0.7781342041478168
0.7794704574816588
0.7802054072664395
0.7805612433213164
0.7805890489335445
0.7809203482730863
0.7811872554674301
0.7824281338429194
0.7840334060436629
0.7866218569198106
0.7892194909410899
0.7914710540481719
0.7933908009319375
0.793987663060004
0.7948856866920575
0.7941394510622486
0.7937295703271222
0.7926702617655828
0.7920432901445922
0.7911132664124845
0.7900333229085029
0.7885968806895745
0.787403471293991
0.7870694327957257
0.7870887183727849
0.7868593246417215
0.7861426477414883
0.7865217332034274
0.7872642228435844
0.7887760556050344
0.7906928056865855
0.7930356708617469
0.795427563291471
0.7964895604347092
0.7978201168038742
0.7995550587895356
0.8007662258879451
0.8016453331255007
0.8024553253905382
0.8032153902475904
0.8036851001300408
0.8047227629969588
0.8049060549154325
0.8043905806157844
0.8032218106673291
0.8021992862716012
0.8014476238963771
0.8004211740736152
0.7995119154406476
0.7985423709929736
0.7963386442045755
0.7943866298040364
0.7932038027979772
0.7910858647714369
0.7898690008691827
0.788749035075953
0.7880743687002387
0.7884384925575606
0.789472743194864
0.7908670218911342
0.7922247424034399
0.7937204489213519
0.7952088599332177
0.7965007150329443
0.797722731921269
0.7985421038987405
0.7994432372351383
0.8010238661502206
0.8028054915585718
0.8052130518194538
0.8067120602996152
0.8083197107306326
0.8088458302879277
0.8088572580693616
0.809589990890233
0.8096720716578862
0.8096958016571838
0.809757983865831
0.8102075533857942
0.8102410271478339
0.8103814840235387
0.8094355174972906
0.8089860084093355
0.8083203684409015
0.8078615152019682
0.8078191311149484
0.8078802973678132
0.808585115193183
0.8095330835746033
0.8099968797100113
0.8104081743282978
0.8104728439989036
0.8095272207522978
0.8083282886678295
0.8076805082259466
0.8071562619745871
0.8069841281269358
0.807228303068739
0.8076126278840055
0.8076741588380463
0.8082408708983185
0.808581658595326
0.8083191623015693
0.8074884305110076
0.8074219982259945
0.808053011718759
0.8081603552941111
0.8079317001566121
0.8072617676937064
0.8064874082732068
0.8055330944411855
0.8043097933586495
0.80245691731919
0.7996721032503407
0.7964545834717517
0.794109038833638
0.7927761400074599
0.7911908022512287
0.790673395724134
0.790140562565628
0.7897534700012869
0.7892803888145177
0.7885954865099097
0.7882981562039616
0.7890429746636521
0.7882796520631542
0.7881135034177225
0.7879581645739177
0.7878734795545648
0.7881152450586064
0.7875292242881754
0.7863654826515337
0.7842616073083405
0.7807455558451041
0.7755447021230676
0.7692811586000344
0.7638719625141273
0.7592167588353507
0.7554190312124625
0.7527194475685892
0.751051061591251
0.7504538112087263
0.7505041238983909
0.7501809163694653
0.750653876114519
0.7497653786744486
0.7476794748727734
0.745875469415739
0.7431806425722667
0.7405783230610534
0.7392192642371822
0.7384110074709659
0.7359408890719855
0.7341592992677454
0.7333702489050989
0.7281966654974249
0.7241382822977822
0.7196441055357692
0.7165011741384045
0.7120920207379522
0.7083176310780728
0.7058100081384364
0.6992204315323306
0.6940981154695313
0.685414393849941
0.6788039501627017
0.6750407634881127
0.671104441436913
0.6673256199163996
0.6650807629442237
0.6647365523817659
0.6646329262726235
0.6672944210102595
0.6699521781356217
0.673854360537913
0.6775835785733297
0.6801244333635691
0.683602872620154
0.686604280880287
0.6896544520041711
0.6921519178617707
0.6953307913423877
0.6990182698861424
0.7038218081459041
0.709147282970819
0.7141289159553994
0.7187828156822241
0.7237764937133966
0.7290977009877437
0.7349962976154435
0.7392954827963764
0.7438413850774032
0.7478218553725723
0.7516965091004095
0.7541234338579496
0.7558619637367336
0.7575747408718596
0.7593225769167188
0.7610506188261529
0.7628850730127691
0.7652986348085132
0.7653079539908987
0.765595835683928
0.7653027654990374
0.7639427319922119
0.76266280925776
0.7594233273400098
0.7570732615821033
0.7544985945997698
0.7516902525393953
0.7488462756406471
0.7457227651338947
0.7429061776394434
0.7398870565955363
0.7369665585902446
0.7353495321242599
0.7343208962857409
0.7352147915743205
0.7343673997231394
0.7339135050585752
0.732822496571738
0.7303353513769182
0.7293114418798455
0.7283120808490011
0.7279400449198045
0.7260059543875202
0.7238550628995877
0.7222803338541053
0.7219637831867733
0.7231794545686897
0.7243477945366982
0.7250800568460283
0.7250420623831753
0.7244483377859262
0.724168735149548
0.7248474949232653
0.7224841316268151
0.7187085159266731
0.7162212569113371
0.7139558273369764
0.7102148829784894
0.7074520962620936
0.7050000715136362
0.7021651987592797
0.7013450875720962
0.7017157700467943
0.702835788349609
0.7056396530717188
0.7077961812281007
0.7092229761482065
0.7120683267537408
0.7162238452681442
0.7188495294565692
0.7194269873552274
0.719470133640929
0.7201913559349156
0.7217629458182566
0.7229972443348408
0.7241552275772581
0.7251207840729371
0.7262834259535998
0.7283539799763109
0.73062030796696
0.7326967626890497
0.7326689682573221
0.7321654204613516
0.7325935706691084
0.7330099318577602
0.7331109715400377
0.7332719227811616
0.7329156499796413
0.7326285428529101
0.7336722094235381
0.7345789785721116
0.7369611843187079
0.7405387112917369
0.7441344870214767
0.747368402847501
0.7500826525758101
0.7531521848650606
0.7555323763676595
0.7570557879469626
0.7563853834190862
0.7551201668066386
0.7537825220028294
0.7524279819256817
0.7517898803178279
0.7526696133766929
0.753410203999308
0.7540985238908856
0.7543871031514733
0.7537605014115903
0.7536263730854799
0.7535227332932853
0.7533387502920427
0.7517825676465886
0.7513461648512685
0.7522484918314405
0.7524624670371942
0.753167126924906
0.7542927490654716
0.7555921975758259
0.7572326894808613
0.7595527617370618
0.7613687841686981
0.7630545488997198
0.7652780837460611
0.7670781732682523
0.7686840653976121
0.7706827108053395
0.7730132894270858
0.7753054856981177
0.7772892627699086
0.7789381694688292
0.780718578334082
0.7825468887167367
0.7846715918434345
0.7868917122024978
0.7883541147508243
0.789863415331238
0.7911294853080005
0.7925077137917552
0.7935466089430112
0.7932861022987396
0.7929841830891897
0.7928781220642686
0.7930312573223451
0.7933848680832122
0.7934754902027737
0.792366151955825
0.7908185960265544
0.7883620737157371
0.7844741413475741
0.780556860834508
0.7771272538262272
0.7738687183449737
0.7706844840215804
0.7677732052927234
0.7644782833180197
0.7618847859250435
0.7589860251181917
0.7568591837745572
0.7556314728114685
0.7539513858940727
0.752740291926041
0.7524346602700724
0.7517186292101379
0.7520364180953387
0.7507166018685999
0.7501895581294531
0.74994376553073
0.7497964577008107
0.750046996325365
0.7503366679294677
0.7510812667360207
0.7521827260923069
0.7521309807378417
0.7527340909401476
0.75360929384764
0.754072766299766
0.7541652573806278
0.7539249548458612
0.7524826885295279
0.751643951734494
0.7514243668465924
0.7520411904817206
0.7531727465031838
0.7546298469300384
0.7547859406886733
0.7541649634275644
0.754025112558404
0.7548669681868189
0.7551267603076419
0.7547774923728656
0.7553247182271251
0.7563519809299676
0.7572982724092819
0.7578803213070278
0.7585624766916921
0.7591053883927457
0.7604339500840629
0.7626468660283449
0.7651680164814896
0.7681681634005402
0.771503837540177
0.7727480905112034
0.7743500672837068
0.776436966732315
0.7787240894311507
0.7807198307180733
0.7816815510736241
0.7820987454041102
0.7836529696596196
0.7849280601274335
0.7870133934578948
0.7890538354479759
0.7908607382800963
0.7920840197523875
0.7933719687887925
0.7945839825632675
0.7960083854882347
0.797471796636047
0.7981800486609562
0.7987040563587643
0.7987898102848878
0.7983198696689257
0.7983597083738115
0.7986720886401802
0.7992826344464566
0.7999017132611388
0.8011080988702762
0.8024888820192869
0.8040160625586082
0.8041915287741742
0.804665415769396
0.8053531053999422
0.8054751481920107
0.8060036044779724
0.8058521597080307
0.8051271008366979
0.803754259541132
0.8019707823241014
0.8005229027490264
0.79841854813185
0.7972558108458301
0.7964773992530447
0.796191742161388
0.7955537040510966
0.7956090778441942
0.7944466050176923
0.7934191682144125
0.7922151613912751
0.7912038941610212
0.7907128291687688
0.7905591063056969
0.7913650150132479
0.7919947596058072
0.7929477499840957
0.7945329799331393
0.7964517296347089
0.7982710906560604
0.7996665610735717
0.8004537046810923
0.8005185401263405
0.8001533988606092
0.7994321706317778
0.7989038526030527
0.7982607888988624
0.7981524061376895
0.7975855522425253
0.7965196123780128
0.7948937920167385
0.7937310692615629
0.7932436404297436
0.7925357649419346
0.7913943196166049
0.7903483954033846
0.7887850817513578
0.7873932163742193
0.786590405086254
0.7859997741715414
0.7853957077673354
0.7844251149871361
0.7839987636438406
0.7829749470384837
0.7822622294185297
0.7821718274815062
0.781983987990238
0.7822824818464583
0.7827528102332243
0.7827160133605798
0.7828366211771013
0.7828227679681091
0.7821242463301651
0.7817665055580506
0.7812808155404107
0.7801492760222368
0.7784984370167002
0.776041778991028
0.7733575243848101
0.7719562791543887
0.7693538290875032
0.7663072654073971
0.7641010815269843
0.7619222537179187
0.7596594816590001
0.7578806720001513
0.7545092387746812
0.7508780912196348
0.7488705759826904
0.746872217487128
0.7448513236848396
0.742871991307377
0.7423283835660083
0.7419260680331397
0.740882297591761
0.7386388594729839
0.737139066308233
0.7333757648367982
0.7302073253860735
0.727702508889657
0.7269810069253548
0.7273162525680612
0.7286183240652075
0.729481962228415
0.7309499961277315
0.7305913630186613
0.7313423924079102
0.7309524903188017
0.7304975034817843
0.7303235229803248
0.7296074735631205
0.7285112839515313
0.726728729100331
0.7262485603851225
0.7260329089712909
0.7263754684251406
0.7273122446741299
0.7278460360722916
0.7277976338232416
0.7268335160329675
0.7269789519070484
0.7284604102910807
0.7304660334683978
0.731587107732484
0.7315688998829076
0.7306900838621615
0.7293705781700631
0.7275118147513502
0.7250842198099638
0.7227483138411029
0.7215861695291541
0.7219994454142311
0.7234999791263605
0.7242329556098122
0.724634242563438
0.7249449507187111
0.7229198831291523
0.722157606701377
0.7191336576826033
0.7167055814255219
0.7151350244649526
0.7137561309017535
0.7138983474797499
0.7148188783715071
0.7160450310771598
0.7181263057575935
0.7198841105711218
0.7215751078983598
0.7229829218983896
0.7228137129603703
0.7217695731174182
0.7217776453617653
0.7207379874606464
0.7199286977343952
0.7195484993400465
0.7166690722760037
0.7121984210183773
0.708285053001111
0.7051159297386723
0.7017618032202846
0.6987377167845191
0.6964286064152546
0.6947176573739011
0.6913469787702559
0.6894066255229329
0.6894814302332638
0.6904795945743245
0.6915035287916618
0.6929006604217813
0.6938758923744458
0.694949525142838
0.6964183960105668
0.6973940306169404
0.6974542145639328
0.6971998949174529
0.6963206508015121
0.6935719304564132
0.6906534939846699
0.6880254273229115
0.6859150476959136
0.6848539303169087
0.6834209862191396
0.681932078932932
0.6823491343364049
0.6833801900731161
0.6849139563993242
0.6875326314094173
0.6899853769767835
0.6938428075075443
0.6980709655969579
0.7022375687009539
0.7065363925264853
0.7107529162534522
0.7142433016364201
0.7175490929724301
0.7192659418851434
0.7205735010717939
0.720591448028824
0.7179673438790604
0.7155140677886757
0.7139678919784418
0.7128181553575136
0.7125548820903574
0.7090377107405013
0.704953359781698
0.7021210837477276
0.7007538491844982
0.7003872125509294
0.7006069231187706
0.703098188257348
0.7064825477990546
0.7110786916792703
0.7150094957787059
0.7191061270577269
0.72189312870312
0.7249427348746327
0.7274655116958323
0.7293749820207713
0.7319398748726295
0.73198831757484
0.7327701643530584
0.7328529689878707
0.731830258729528
0.730904476916399
0.7306381397047483
0.7301670550950663
0.7286076451042452
0.727569990427994
0.7262336642749062
0.7258304535529302
0.7259657113641749
0.7264344016538248
0.7274710080750536
0.7273742752184141
0.7270167701483704
0.7261740613880667
0.724807237481383
0.7241487263700469
0.7243912794307673
0.725062279494306
0.7252814803085545
0.7257998757973156
0.7272473433403142
0.7288878082467335
0.7304430797396676
0.7312611700156142
0.730472254628932
0.7307265702074864
0.7308955560305381
0.7302742976696093
0.7308768459260557
0.7307858823267251
0.7312088901191098
0.7321865204386698
0.7338340214553084
0.7352184087571612
0.7365285926817949
0.7376649531751808
0.7393516149595553
0.7409582829943618
0.7416948560527584
0.7423323637450174
0.7433764992231098
0.7447967771070851
0.7466382145972285
0.7492092364442506
0.7510296061957366
0.7526345377670717
0.7547327839550695
0.7565871768614146
0.7587389451568476
0.7606209582799671
0.7621250398422772
0.7633265200260245
0.7650329214192215
0.7663046361802305
0.7683378223499002
0.7695287015375052
0.7675499592589075
0.7644708429590563
0.7618673849751971
0.759910072581516
0.7578293710432914
0.7571016798908482
0.756003140175584
0.755612015391911
0.755394903314991
0.7541059586398582
0.7515936920760774
0.7503757347505476
0.7497946755808985
0.749808762789194
0.7501201637685415
0.7512060424609734
0.7523695205581331
0.7533579020035681
0.7543032732783711
0.7551792625345937
0.756795798774821
0.7584827451139152
0.7599261437030967
0.7618603067088877
0.7637552120843037
0.7656171245717043
0.7677188474409021
0.7704531539857475
0.7728960806204846
0.7753331105401697
0.7774973063281396
0.7782076912131722
0.7785226442078179
0.7792775501019953
0.7795540016794359
0.779256717894391
0.7777612647382691
0.7753047276780741
0.7715116833004285
0.767855779960715
0.7644157959140578
0.7609821915264693
0.7569132345913148
0.752704973124081
0.749140808031965
0.7466468225171645
0.7448172066509658
0.7431017468771901
0.7406877764055397
0.7389848000054691
0.7381877624836831
0.7389261219970746
0.7397356998513247
0.7413002204221193
0.7437030054676833
0.7462668071667888
0.7493625019845552
0.7509018473893219
0.7527823615236264
0.7537209682478776
0.7544759853900264
0.75517685436003
0.753536897875032
0.7526416940962108
0.7523436893468177
0.7523286254999183
0.7529826357667257
0.7538981661022152
0.7559741545416359
0.7580997471706555
0.7591897980744496
0.7604597530402097
0.7612574583736033
0.7621653729548085
0.7629076380093714
0.7643902199383636
0.7662273903607063
0.768263106013881
0.7702390117393538
0.7725431177398746
0.7750946219054502
0.7774901709776612
0.779183577213693
0.780632692448305
0.7816844651811778
0.7822491834756718
0.7827761744884691
0.782730391411008
0.7820517843132845
0.7809049264736447
0.7804218131358059
0.7809304426060881
0.7803893286203983
0.7799153169277484
0.779615051207523
0.779438261120494
0.7783104035941866
0.7772770684131377
0.7767824400090478
0.7765138011329877
0.7765774960450936
0.776644585624875
0.7762858590174283
0.775828251708961
0.7751235303894779
0.7742313137890249
0.7739513262563003
0.7731099868682685
0.7731304892682372
0.7730671800888032
0.7726919766818862
0.7728327595570453
0.7734171029674521
0.7739380299422874
0.775155393653803
0.7769673153906955
0.7788467436060614
0.7814899471118375
0.7843007621808427
0.7871688264273603
0.7905325806016016
0.79302637924025
0.7956863275636685
0.7972349975143002
0.7983251400292667
0.7990149319469672
0.7986639900677553
0.7981149382692333
0.7972330902240093
0.7959788228091771
0.7952298886530218
0.7942877697043085
0.7932424463906391
0.792477070472739
0.7923507667610392
0.791685262446238
0.7910971766517333
0.7904005125986958
0.7899495550238981
0.7890342715957733
0.7884463702157276
0.7890055908594059
0.7898025045162737
0.7909716051257427
0.7923709044533539
0.7937358791245217
0.7942145607622775
0.7945441162729152
0.7944652800236099
0.7931353688769862
0.7917321434531326
0.7898533992567893
0.7883154635377614
0.7870994120971261
0.7854780862940424
0.7817833665519731
0.7786047785816076
0.7759557449271337
0.7734617264870771
0.7722509906368363
0.7716291706946479
0.7710637467629674
0.7709482522982901
0.7707097179242286
0.7700912855872167
0.7695625211494758
0.7703606335050595
0.7701526006780165
0.770341748131727
0.7695007905685015
0.7673888354038969
0.765651249551732
0.7645625909686741
0.7626393427818194
0.7610130869791268
0.7605124769030576
0.7608409587384186
0.761110212049683
0.7617341316983215
0.7626061038234694
0.7640651144279854
0.764531007318069
0.7652968680590422
0.764199945533187
0.7642673269979561
0.7645114457569214
0.7641096986211556
0.7643176047334574
0.7633709568153094
0.7613696440509282
0.75969630067152
0.757442650256239
0.7554684366199425
0.7536749263019544
0.752548903820751
0.7530194257128641
0.7532290061473583
0.7526876669547987
0.752632067993316
0.7527120784841622
0.7536057527665495
0.7551813971172605
0.754935351504688
0.7551406533314762
0.7543660778014131
0.7527422953104642
0.7505413260923623
0.7470194343699421
0.7430771016971464
0.7388203472677379
0.7360965853565076
0.7350801168352894
0.7341078932396844
0.7319261884327825
0.7310629977427575
0.730410553126182
0.7310709860640674
0.7332215619893722
0.7340300773560672
0.7354015397190676
0.7372029751828875
0.7383283225749228
0.7395131152262558
0.7416192132322909
0.7446294256868204
0.7476561211502656
0.7507741488227073
0.7514468704080667
0.7519846175226483
0.7516443144387588
0.7512028850236614
0.7506818172953649
0.7503918903338768
0.7491319093577764
0.7473756729918574
0.7461318464960842
0.7455107914545914
0.7421012111813935
0.7394133924459961
0.7371732269923027
0.7359270386405345
0.7353293365575378
0.7344451627818858
0.7342957966717953
0.733562444744738
0.7335265750672672
0.7340129828170421
0.7349501208929475
0.7368760734728411
0.7378954966473933
0.7394107614250148
0.7413261093892962
0.7421871454028452
0.743134177061654
0.7452121163455586
0.7468288587080739
0.7481739463475717
0.7467890821937668
0.7456606021471387
0.7433633546213628
0.7423147287515726
0.7428166891423269
0.7443836347063755
0.7457634809460383
0.7476084038474301
0.7490032699879291
0.7498006505889427
0.7507577186832209
0.7519571110495414
0.7535957743417242
0.7561585489955012
0.7590099358338972
0.7626110382731004
0.7656086749744561
0.7685354845492005
0.7712626142575673
0.774053977732184
0.7775336375879058
0.7806655833696904
0.7832618617092969
0.7853063001390932
0.7878314916874495
0.7894728768641848
0.7901000228426579
0.7901873497512425
0.7903027728527708
0.7908257806386216
0.791726696600874
0.7928786421416576
0.7947919735890459
0.7966031918191008
0.7985375869509856
0.7993175736207666
0.8006681053926766
0.8016751352897629
0.8022385383553435
0.8025650309405014
0.802799238952023
0.8027250248832019
0.8026564852667398
0.8011964236665045
0.8000818643280496
0.7986875170059602
0.7965473259017981
0.793784266122961
0.790200480459174
0.7868631414327977
0.7841639471275653
0.7796892513528377
0.7759837935469956
0.7727240621704806
0.7694889494644525
0.7654154954989999
0.7612768804485273
0.7587153545277981
0.7560910250031377
0.7540849478846492
0.7528223967798081
0.7519575559177468
0.7512132950514071
0.7506381832833576
0.7511411865948119
0.7518308570874767
0.7521112611640842
0.7514528465057442
0.7503963088741499
0.7493553564748311
0.7485184097167538
0.7468341641830236
0.7453204425693484
0.7450032530399014
0.7441228798046007
0.7434091469178209
0.7432234544542496
0.743325882576039
0.743016761943031
0.7348833004030053
0.727664162173712
0.7204625885804113
0.7144301235101735
0.7077763042644654
0.7033348981458788
0.7010379290978345
0.6998760008053285
0.6983064051737811
0.6981428917273373
0.6997738992882642
0.7016905867397251
0.7049164528909216
0.709064724293361
0.7121830317225812
0.7161889657903474
0.7195525319920333
0.7227535366786143
0.726704203416548
0.727908042092711
0.7293806450371014
0.7313509234502944
0.7327319363333012
0.7345736655643668
0.7351231107753062
0.7325925107722548
0.7296746962395768
0.7274794344964987
0.7255717393966732
0.724031226188956
0.7225219467532019
0.7205733434555741
0.7187378827036359
0.7176071296364059
0.7152815556735103
0.7139688500201733
0.7131604971682433
0.7114921832437464
0.7102804510216114
0.7061289324677731
0.7024403857622533
0.7004754094401885
0.700113756797857
0.7008630897542175
0.6995920448482965
0.6986733788576703
0.6981291873243569
0.6981834335160134
0.697202549758098
0.6961161569073847
0.6957446239192393
0.695558492517658
0.6954788455903365
0.6950108508716171
0.6947487327355261
0.6957023595331967
0.6968341898405358
0.699199970233538
0.7008921378908264
0.7029612612120982
0.7049039143691622
0.7072716409237657
0.7087998021521751
0.710876444382356
0.7134063001235575
0.7141017091020945
0.7147047785797006
0.7149377464746973
0.7142255420770415
0.7130079315392719
0.7126776831497507
0.7119413248646805
0.711521849905758
0.7115519944528045
0.7115260493701344
0.7112093071886993
0.7105850481524135
0.7101770123492098
0.7108547343364228
0.711438590186096
0.7129728250068147
0.7149666952625707
0.7163230483559899
0.7185605513713014
0.7206017565876409
0.7235580459749814
0.7267169979639124
0.7299835344700867
0.7336560826973777
0.7367743446127117
0.7406932140241079
0.7441828676316734
0.7477934898819039
0.7503589901070109
0.7526977966071409
0.754971149405167
0.756927323384166
0.7581876943433934
0.7596258524036575
0.7615966638753493
0.7642064895309848
0.767186466716892
0.7702069168698739
0.7724030580951146
0.7744320598523147
0.776417677945812
0.7787046491065492
0.7781270826088236
0.7770884696385706
0.7759828285932137
0.7751282196525476
0.7730628178723407
0.770789846748508
0.7679923423676557
0.765221702493389
0.7620319135811474
0.7587257350380014
0.7551304120909232
0.7512161461049239
0.7478734012712396
0.7455286322043736
0.7439055626498549
0.7420036749292145
0.7404470247754081
0.7403224400104164
0.740662697519874
0.7417532193511664
0.743098200290733
0.7442076516426741
0.7449715762853469
0.7456986353939288
0.7470747251746513
0.7494191054599307
0.7519813828466358
0.7546023109129176
0.7573201323293168
0.7602433267335243
0.7637471970865652
0.7668244250832807
0.7700818768292379
0.7726733780209759
0.7747668938975624
0.7758018513165125
0.7769066752614966
0.7768180912480828
0.7768228016419584
0.7774433283937014
0.7777702236810471
0.7783803847519586
0.7782180298705542
0.7777561739134273
0.7776385068793151
0.7770002122407024
0.7770505760778776
0.7773516162102472
0.7778600179336252
0.7780005591224212
0.7788631964598235
0.7797476680620498
0.7805684914462869
0.7817427971930553
0.7825953153482691
0.7822397222496376
0.7820083128872658
0.780757126943185
0.7796383451025096
0.7781693560125066
0.7761776926614798
0.7725328590072309
0.7693943815698728
0.7673470838833688
0.7652644410836779
0.764353228942028
0.7640381957999524
0.7638513961900373
0.7647334953032889
0.7661727240457714
0.7668637810591701
0.7678538051954088
0.7680771255748873
0.7680561615123936
0.7669406349764565
0.7659729414658797
0.7654372691473731
0.7636197142956568
0.7623151780320487
0.7611135236874419
0.7608577486623714
0.7592035631723313
0.7574221155295091
0.7556648250634646
0.7533450863713335
0.7527139040259428
0.7529363486879554
0.7538692388873379
0.754265878372372
0.7553174717641141
0.7568428353664987
0.7584524323807544
0.7585699681880794
0.7590839822756674
0.7610644212931045
0.7639569935198577
0.7667012381438114
0.7687751749086834
0.7710121744506926
0.7733888348920708
0.7756073993041865
0.7782987603996798
0.7802590030629639
0.7823197971538451
0.784562764441161
0.7867671084618872
0.7886208972584879
0.7896436667586582
0.791078898630927
0.7923898944723266
0.7931873615966594
0.7928862666884767
0.7926862565495659
0.7923220239238327
0.7918836493475352
0.7919037043449344
0.7922003924480792
0.7924468454364558
0.7928768538295314
0.7933969632544903
0.7929514479412015
0.7928295713147407
0.7926589809008329
0.7926555677454238
0.7931295869803341
0.7930618265603967
0.7928827358914866
0.7920716465317208
0.790751930375275
0.7894718998723494
0.7884605499109706
0.7858445477720806
0.7830637475420057
0.7795867172901605
0.776647209610355
0.7713889015824562
0.7664877685172617
0.7610773120623996
0.7552033832371414
0.750332605695273
0.7457819072464859
0.7418454755292565
0.7388927545106323
0.7368566068281488
0.7353969499455179
0.7350326899388432
0.7348496917149824
0.734026206066793
0.7339251458727514
0.7337025344667178
0.7336145917784236
0.7342250608654348
0.7346923969066175
0.7341435696176996
0.734404976006866
0.7324770782149747
0.7302811802371755
0.7257657864001887
0.7206545743872613
0.7165378707716434
0.7134044771084775
0.7108772912609328
0.7097550157340538
0.7092737225239513
0.709389057398402
0.7093187755692516
0.7097664047293581
0.7093003067701027
0.7102792928054332
0.7125150707378729
0.7127902447735927
0.7123288554492255
0.7127575398877912
0.7145492323408547
0.7171939794041406
0.7193508560714698
0.7223157900261981
0.7263700299733464
0.7300055412386086
0.7313861411171315
0.7327918383875669
0.7346090359015075
0.7360859443424297
0.7374392297150857
0.7392648499900394
0.7390290533480977
0.7385808276375165
0.7386236565608064
0.739540219438043
0.7405906230712413
0.741949184867897
0.7430203671945184
0.7445138662311118
0.7464214185896081
0.7467486764846651
0.7468636884071651
0.7471648516135921
0.7467005592909043
0.7473130321225377
0.7480056989318113
0.7489761458829548
0.749106860006046
0.7470146030456007
0.7431980037619583
0.7387201094983985
0.7344343411419009
0.7295692830285609
0.7250493437790603
0.720972573726427
0.7175743580664756
0.7139540381058009
0.7119330966143366
0.7110156636437371
0.7100046534674
0.7096987873416692
0.708970778045989
0.707549105600122
0.7065837435156127
0.7065475712634569
0.7064732339478613
0.7059572525190976
0.7044004243373043
0.7023901488198319
0.7016336276518953
0.7022361881532837
0.7040660765169009
0.7042353448768787
0.7034062298254773
0.7032842398447654
0.7034321992341472
0.7027153075882306
0.7029129708580357
0.7019800666725199
0.702314641695095
0.7027401854013198
0.7038459096981158
0.7056650264302767
0.7080187291321687
0.710474334026361
0.7132282510348021
0.7163892465912233
0.719558819113009
0.7213354035294355
0.722755679826141
0.7236761179496161
0.7251062621697226
0.725144303725932
0.7254814181118692
0.7243923178304146
0.7228531086211921
0.7220587399733047
0.7217422669150626
0.7218454482911862
0.7226433200104104
0.7233830291003183
0.7246340302563021
0.7265019906688169
0.7296971085934888
0.7334867045878262
0.7367917393098764
0.7398415876526325
0.7431978849700158
0.7450018679278806
0.7455421098808801
0.7467642737887762
0.7471739716573027
0.7486262610424235
0.7492914164363542
0.7498961508841336
0.7510216347781434
0.7526322446871451
0.7543956007024352
0.7549588964134764
0.7556658865771686
0.756694335658508
0.7574887243890189
0.7590142630778396
0.7604066309101982
0.7605745387721953
0.7612671497893603
0.7617501126370633
0.7620800113310241
0.7612763667920324
0.7597681617034949
0.757676406050877
0.7557392776689222
0.7538560863857431
0.7523197487303566
0.751061698389496
0.7498598812708753
0.7481728774297853
0.7464613578643613
0.7456038140026693
0.7461874519956151
0.7454185336940305
0.7433989962749616
0.7417237424493868
0.739891504139073
0.7393138281135784
0.7392667376204727
0.7393009750034286
0.7380883026913866
0.735797452751088
0.7337610346872611
0.7317982127497442
0.7295248624984002
0.7221440584152263
0.7156342337631576
0.7109590058875408
0.7061304632830804
0.7037327654492882
0.7034953940427641
0.7049346239179749
0.7064295401318843
0.7064874698448161
0.7077917938381926
0.7102501378896622
0.7115434508630041
0.7127596375359416
0.7145710776326804
0.7167681702493145
0.7195772903938726
0.7226134435084729
0.7264277343962467
0.7286058820209431
0.7307815033834616
0.7308344620019744
0.7304847211288777
0.7296355553945661
0.7280018142611624
0.7276903900811635
0.7278493699613813
0.7275220949968166
0.72793668036815
0.7288414122621704
0.7301999142463609
0.7308287145085975
0.7326117689571344
0.7348877753570157
0.7378282624045428
0.7401611149752098
0.7414227622310896
0.7405738064735279
0.738703973273607
0.7373501150841252
0.7367273264083453
0.736167027222574
0.7359510764648961
0.7361757468198479
0.7358240712266608
0.7363571328634123
0.737080640078305
0.7380087000674794
0.7391640281852718
0.7407225072222254
0.742519403209059
0.744232968396345
0.7442060933988035
0.7442851325731245
0.7450412776167566
0.7470437160699327
0.7486169431163321
0.7504554898319749
0.7528941826283669
0.7551101391267807
0.755776014302758
0.7553127687321608
0.7551448746948839
0.7544591703305845
0.7537864352440179
0.7540724267284189
0.7538249019653178
0.753346675129439
0.7529144993381569
0.7526355060696271
0.7487812070187807
0.745017433600924
0.7417066892228252
0.7398745879910885
0.7385895048987856
0.7373465220152845
0.7362179198301356
0.7352455912444744
0.7344976112500874
0.7330767901970984
0.7314524309973567
0.7284342667570205
0.7261826823025651
0.7234948855397716
0.7217984171846118
0.7211755268937525
0.7216292544812523
0.7236057601764928
0.7259228374840926
0.7282307135762267
0.7303431386638151
0.732365134340795
0.7340839550753441
0.7364233169074602
0.7392164115980131
0.7414644652895358
0.7419201262510418
0.7420254911246722
0.742297492540832
0.7429114750406945
0.7426327091366718
0.7426573437914004
0.7428473620003666
0.7413145228469709
0.7402654187563541
0.7392166305756858
0.7380487154494936
0.7377867513349201
0.7382369184732952
0.7385101166656148
0.7360108373861407
0.7339984551612694
0.7327388936768153
0.731990400068729
0.7313339610698577
0.7308900920961591
0.7309533258855347
0.7305142177856689
0.7301513328437212
0.7301808379468583
0.7319204882990554
0.7337868522995268
0.7355549102917134
0.7378434235214868
0.7400780910243884
0.7419207014214548
0.743488473218251
0.745011085744093
0.7465489999836556
0.7487019324007552
0.7509202786632775
0.7526921163634954
0.7540831148352256
0.7545667180728268
0.7545042502141043
0.7548421550820497
0.7558456605296102
0.7573021600914395
0.7578028270548519
0.7567321632881798
0.7553151348263927
0.7547797171675468
0.7544874248254331
0.7544315045544059
0.7551077321078887
0.755637369576873
0.7550202483926095
0.7549383565240222
0.7554830161013755
0.7555735431293846
0.755812220349233
0.7563170385921222
0.756363740518152
0.7563556772407121
0.7564493909001794
0.75614807341166
0.7565204281619439
0.7573989404457561
0.7588376609150098
0.7599048145033207
0.7612336437292097
0.762172184143853
0.7624219794071594
0.7610606218551271
0.7601833467730909
0.7580318637837451
0.7565889602830006
0.7557749787111597
0.7553182345538325
0.7542001847876593
0.7533337504017887
0.7515331103759573
0.7498343312641476
0.7483976323407983
0.7467837351955606
0.7451894347928448
0.7434763455246806
0.7415443535572868
0.740926389366906
0.7389009879974429
0.7367478006827833
0.7357952718374754
0.7348261339353133
0.7336754130331088
0.7321903080603087
0.7311420972881786
0.7306206122684172
0.730692250884507
0.7316061405352074
0.7330912471849962
0.7334735442118616
0.7342537384879869
0.7354229338114003
0.7356708929433863
0.7343321992801402
0.7332331108558394
0.7332670418999688
0.7338147097937407
0.7334081200121692
0.7322305653304074
0.73168254347496
0.7306463092723231
0.7296327899646108
0.7298703182706976
0.7299836260459995
0.7297953245434731
0.7303104960644444
0.7320811526648607
0.734584583233648
0.7370243473697109
0.7388948379898543
0.7404577439867082
0.7412024587832622
0.7405508312995274
0.7400734563005088
0.7405040897747404
0.7401837830180127
0.7405474534164681
0.7417437077956143
0.7436388934740189
0.745608052497903
0.7480596598235917
0.7505490775943052
0.7531375567923713
0.7523545392033056
0.7513175346486078
0.7501202425536502
0.7499427445684288
0.7488501818176504
0.7476753444856088
0.745196236401455
0.7439696199997331
0.7439613228216982
0.7445887555763485
0.7463711642319865
0.7477512544521883
0.748756403256244
0.7498678505598612
0.7509600480621434
0.7530393617199739
0.7554386574932105
0.7579228730332929
0.7605972969050879
0.7634707842953727
0.7660242958035591
0.7675621763772519
0.7686340391298687
0.7682140546016047
0.7675531840735196
0.7667770505693456
0.765998533775404
0.7652867450494151
0.7645286223442213
0.7635283094438664
0.7634580529519088
0.7630086017297367
0.7633120743431454
0.7638216678378295
0.7647764857911823
0.7661900798361322
0.7673424630221901
0.7665050982133361
0.766152510587381
0.7655138929059755
0.765017212526459
0.7648573106114237
