0.027797658527896923
0.028833716906093692
0.02869787868540959
0.02572088194655327
0.022685782884748925
0.020942576054166825
0.019498820926491474
0.018709141349022615
0.020238069118560267
0.023950173371303916
0.028137910618693706
0.03269106107492584
0.037844543823622075
0.04289965225835514
0.0475735136272241
0.051914775121081544
0.05571237088854532
0.05927221467275197
0.06272298209342202
0.06578577056060846
0.06839415070749028
0.07088529567913071
0.07359245832218499
0.076518281793101
0.07969595179530234
0.08319600472623842
0.0869158092429758
0.09084958931983116
0.09530125612835666
0.09979617950479051
0.10450988928128989
0.10985289790664833
0.11565991617538501
0.12168115922815381
0.1279105930496086
0.13420665697836073
0.14064497857248334
0.14764129836324622
0.15461342021940644
0.16140208453213598
0.1682460271031457
0.17504599157647754
0.18158183151861385
0.18823223970032013
0.19467776210639642
0.2012152713298554
0.20813260456031082
0.21530727583727233
0.2227370844620544
0.22996966340831373
0.23688971855614208
0.24380459560591133
0.2505204714256245
0.25788495687486807
0.2654847241160907
0.27326960295741587
0.2808940518068901
0.2883888052259751
0.2959077125716985
0.30390438685236
0.3119746058058936
0.3202658159673359
0.32852549539138987
0.33666946275899196
0.3453877348086351
0.35393688630205233
0.3620111043520737
0.3701338091348454
0.3776209049948868
0.38511031184566824
0.39349386365126854
0.40174706381894604
0.4098411879368484
0.41710872034914453
0.42450551546235343
0.4323669251855233
0.44070426015593644
0.44975871356752894
0.4580417230845341
0.46608572603265225
0.47407825585776325
0.48159667648314985
0.4892762640813292
0.49727015062400237
0.5046496751678513
0.5120063919824733
0.5201944744797846
0.5287275818722676
0.536927403406953
0.545083960663106
0.5538191461714114
0.5622303500949306
0.5713999182038377
0.5808609984790862
0.5906291226073798
0.6007590037733809
0.6098578986940514
0.6190825041205194
0.628127624575528
0.636964529667201
0.6445608072436136
0.650590102037152
0.6562558256408738
0.6623182417015826
0.6672891946911902
0.6720541081716558
0.6761383589995437
0.6798063055705953
0.6834206069604226
0.6867489234994879
0.6898487268690066
0.6937409909266895
0.6976034310067832
0.701998965769232
0.7066654481392869
0.711084620500127
0.7159076845365607
0.7202399370994004
0.7253376056444046
0.7302508034039898
0.7348680064497143
0.7397249244201665
0.7452942354751346
0.7509493635816101
0.7567888064422494
0.7623391546256539
0.7678026684192792
0.7724280358002167
0.777110666395524
0.7808578433281048
0.7840187093555623
0.7867887537274955
0.7879313220086632
0.7882530193321292
0.7884771755942734
0.7888133950296621
0.7889629434894034
0.7897794753191816
0.7906770316724839
0.7917280630149138
0.7927928324701825
0.793768952843175
0.7945128567617802
0.7942215601803121
0.7938203668849619
0.7932698318907593
0.7919948754584464
0.7908355308439299
0.7897195377643769
0.7893325680456716
0.7892283517605141
0.7897359290847301
0.790456722270131
0.7910424769483381
0.7903609423955573
0.7895579114705055
0.788913525160521
0.7882346325309512
0.7870891986747156
0.7855084381077492
0.784394635031511
0.782187613902708
0.7794790601553783
0.7776682340841531
0.7757926759344083
0.7746335166039562
0.7743237646402102
0.7737654995462592
0.7730038399248792
0.7740940391339207
0.7729105575870142
0.771590835857893
0.7706215493575179
0.7699865464388952
0.7688180652363996
0.7680439785748755
0.7676571327498485
0.7664452049385851
0.7658427876921442
0.7654871756244688
0.7664782923681935
0.7675792770658633
0.7688182936786743
0.7706211240143196
0.7734891361899676
0.7741256748354247
0.7757168744083092
0.7779941580416857
0.7789783583554964
0.7801582768206499
0.780775056287458
0.7805730021304529
0.7810873092141583
0.7812287821104932
0.7812322190298969
0.781262143363746
0.7799600309696283
0.7783754994848665
0.7757047691276402
0.7735763807309635
0.7712908094505099
0.7690227138249698
0.7689910536458332
0.7695557448514556
0.7702709381773041
0.7713073377954891
0.7727340898206689
0.7735662108635365
0.7741826352658846
0.7751833513826145
0.7746856610677403
0.7744298862495214
0.7741891002038687
0.7737793567167182
0.7721943644550555
0.7681322222364363
0.7641908691270427
0.7586966528318443
0.7518390700783756
0.745493690437621
0.741174555830731
0.7389903552873694
0.7384849543774037
0.7374530479878604
0.7355021773289734
0.7358049798350996
0.7350676633797911
0.7347929220149746
0.7350920222047251
0.7356562545231234
0.7378369166799166
0.74107343232393
0.7450026466651799
0.7484474053726826
0.7500094453404279
0.7515191915756192
0.7515283461818429
0.7514437887882667
0.7510353729278245
0.7473981289643377
0.7446768912051652
0.7427283945679037
0.7423821403368985
0.7437853291624694
0.7457186224175494
0.7487425087749565
0.7500038544614517
0.7505334776588369
0.7498332842445882
0.7504885058621308
0.7522517825873143
0.7537457348975594
0.7550771719028871
0.7565779915010186
0.758056415146079
0.7573644588629985
0.7571915627370375
0.7568718152039551
0.7579315495762962
0.7594866755890028
0.7609433929949295
0.761424123601991
0.7621273987959297
0.7603306003102925
0.7576010254743762
0.7552040121075764
0.7530517768847733
0.7521581821923472
0.7522488777434674
0.7535115949711956
0.7547985078692423
0.7562658409722401
0.7573082167446166
0.7585753449499457
0.759306825842964
0.7603024564049866
0.7608923413942407
0.7612996527930154
0.7611432051478668
0.7612989012936806
0.7618103867629775
0.7623150710505462
0.7625173465000402
0.7627135711319758
0.761879212669686
0.761648275465263
0.7624931052545605
0.7630312835372259
0.7631510529546808
0.7630829318795822
0.762491335542372
0.7617676461982993
0.7613197405922149
0.761390544392105
0.7606750935748745
0.7577097516434963
0.7552880011449737
0.7518728947624582
0.7480188717757009
0.7450319456149276
0.7422470018080051
0.739654136913611
0.7380881435647817
0.7380993894061543
0.7389618277213532
0.7405641612245261
0.743139388850736
0.7459713161624236
0.7493306092245093
0.7528337598661718
0.7553816240657866
0.7582653075470156
0.7608602769799206
0.7630716005481544
0.7650035205219536
0.7679680294547211
0.7706602487328799
0.7731894492046688
0.775490603021122
0.7766198980128977
0.7766758779493206
0.7776204889281857
0.777819892985994
0.7782562340814347
0.7794258334814864
0.7804750253622019
0.7818094047336499
0.7835349824860596
0.7842526277569724
0.7838563646361013
0.7835452591157617
0.7813443383877924
0.7784207622731769
0.7754375172196475
0.7721015185911868
0.7691483477331877
0.7672834447909459
0.7667138036665864
0.766940548317339
0.7663277098013415
0.7652028664156473
0.7635532715492755
0.7624575051769912
0.7617883399283032
0.7619817212400974
0.7613834110912919
0.7596417017386373
0.7581192821888564
0.7562963035078197
0.7549274600463801
0.7544518335377143
0.7542250793068677
0.7544342618071407
0.75504302213704
0.7549281809654097
0.7547489174688874
0.7554248801204705
0.7551288483406015
0.7551381017949309
0.7547068375061785
0.7543710759154101
0.7545643012170418
0.755598934962481
0.7569126188898053
0.7590087852051124
0.7611769903981427
0.7634371402325884
0.7660543408839783
0.7682606085857439
0.7706907880762361
0.7723068937789499
0.7747046044839541
0.7772497530758679
0.7794379561028401
0.7818786707219073
0.7836877372856816
0.7846205295333225
0.786264370561766
0.7878727633576735
0.7898587628495886
0.7915375656078966
0.793378401900174
0.7949079657266418
0.796907846702169
0.7981704005102784
0.7990340635434875
0.799591692459565
0.7997111329805966
0.7981393207319003
0.7957944588302851
0.7937216165712179
0.7917903049386322
0.7890205686612144
0.786809042793848
0.7836104754172138
0.781285346042678
0.7796904609357527
0.7788025701421243
0.777449215648045
0.7761301241451615
0.7752222536087583
0.7732985954018959
0.772031274090775
0.7712291000682223
0.7703144094018286
0.7685983041932704
0.7674460209008924
0.7660484152966417
0.7646144836497374
0.7618169573542876
0.7604581062816534
0.7588744500341496
0.75586849400958
0.7535780866347036
0.7522938476461745
0.7508310573772248
0.7489240145699014
0.745669539731477
0.7430632281761788
0.7410201506372105
0.7385055588207833
0.7352962434188549
0.73152050781122
0.7285341353640468
0.7245237702792839
0.7191397317188309
0.7146786339142964
0.7114730659859431
0.7091083917730716
0.7066319014531554
0.7057532837706656
0.705519652493611
0.7046195338623232
0.7050874754063264
0.7037085839335844
0.7031672081436753
0.7036761604089078
0.703837123917923
0.7038567975828216
0.7044620512930476
0.7045981145829049
0.7058324057348766
0.70790043812371
0.7107349602907942
0.7138889289297956
0.718003111966669
0.7228572524236088
0.7264796526666965
0.7276003879637402
0.7273810011395709
0.7272767913373329
0.7263329727289595
0.726142269062733
0.7257743685926374
0.7261726089751357
0.7279371808718932
0.7311998982896799
0.7344819374100946
0.7372540341092351
0.7397864188841695
0.7411924883848947
0.743419474638726
0.7447244637629497
0.7464411053239275
0.7478350454061549
0.7492029146051014
0.7506399106784948
0.7517232541545733
0.75279107242919
0.7540621918265409
0.755547132239412
0.7581527202194107
0.7603339631463595
0.7616844182577822
0.7639814042820126
0.7664459163513541
0.7689641531690039
0.7717487436710632
0.774905628331058
0.7779144433009286
0.7800841145371064
0.7822506414187521
0.7842412607553491
0.7855967838792417
0.7864171757302778
0.7874900429782108
0.7881452136221754
0.7882751458047508
0.7885103488544294
0.7871387316431994
0.785168338716135
0.7835925399714813
0.782672366598136
0.7818510385774042
0.7810869681082964
0.7808142119752124
0.7810597798719625
0.7810240566183053
0.7815710040577261
0.7823735824953235
0.782742307170397
0.7833685539827991
0.784068193574809
0.78488529162852
0.7856391075186584
0.7865748321048465
0.7884381731399484
0.7902783089371754
0.7918856962427583
0.7936773282135867
0.7951006957998077
0.7964242044257547
0.7974975599073765
0.7979646747038538
0.7985705269577187
0.799206939189745
0.8001991253488177
0.800869128304674
0.8017012270547561
0.8014944194394982
0.8005822863701069
0.8001767464864917
0.7994201620025518
0.7988530933440888
0.7984058162437176
0.7982287140674176
0.798500208421972
0.7987973743371313
0.7985449386505943
0.799250384811547
0.7999378620020089
0.8009145744616579
0.8025349943124929
0.8040308054960794
0.8054714519531522
0.8068535399898662
0.8080852259566432
0.8085153075348724
0.8090829870613324
0.809131079433663
0.8089969887613278
0.808518255527856
0.8082939134405905
0.8086744048726277
0.8087841203758929
0.8088490231178448
0.8085824219797202
0.8086889101900157
0.8088554399496202
0.8082572701861165
0.8068224992001836
0.805897155128317
0.8050596211691098
0.8043628839352136
0.8031470379390299
0.8013480340461673
0.799617021654812
0.7973338910783427
0.7947510345297574
0.7924478066786006
0.7891633299637001
0.7861172056868675
0.783146314578455
0.7809789706805254
0.7793760857850719
0.7782920098735429
0.7766907436123721
0.7760027051561328
0.7749041514430843
0.7736292074669797
0.7727404542471281
0.7723130468261041
0.7693552136760143
0.7665862950025578
0.7634178059155176
0.7603628199286421
0.7579946103468587
0.7558218099174411
0.7532127578361741
0.7501727625455304
0.7467325046656177
0.7426266873318595
0.7389676864323126
0.7365868424434282
0.7352079324269087
0.7340858093394353
0.732851106057712
0.7322585223452511
0.732485284771448
0.7320631815115789
0.7316834021881162
0.7320644817049579
0.732179418681055
0.7314710068812356
0.7312800084193999
0.7307066629467568
0.7300544467587816
0.7315917769375235
0.734347664902167
0.7351772106940517
0.7352727080095778
0.7355535887841036
0.732987183880517
0.7307484648741107
0.7282636678882091
0.726303502110102
0.7241748923923607
0.7224631158455869
0.7210709952086347
0.7161962673891418
0.7123580724001976
0.7050878539154573
0.6992778195062115
0.6945192521608902
0.6907371731073411
0.6873315336843134
0.6844880811013213
0.6833760989509476
0.6819083623250328
0.6824280029589852
0.6831624210533852
0.6851385842555221
0.6867830107232872
0.6876785753328393
0.6890308701789856
0.6896153062503767
0.691038029472095
0.6927819401894161
0.6943456360741302
0.696362831880172
0.6993248491468945
0.7024099741263119
0.7054089209470985
0.707842926530405
0.7109665519700271
0.7148626107993986
0.7198354721322656
0.7243083749937425
0.7292285162843218
0.7336420000106897
0.738431182362956
0.7415587138779437
0.7441475839874464
0.7468624834066317
0.7492075688827411
0.7519829553625312
0.7541759003468912
0.7562851675448506
0.757308302609645
0.7582854623382566
0.7580904052328633
0.7570712973231871
0.7557987464982654
0.7531617417345065
0.7517938792844326
0.7504707389489539
0.7499158695877993
0.7498034843472191
0.7500602532488099
0.7506523797922385
0.7509450229510888
0.7508230235801657
0.7515612262659682
0.7525730926243872
0.7542582189010475
0.7543237282112626
0.7540659414412237
0.7529392251593907
0.7503382547338135
0.7477838962754847
0.7449204164253431
0.7423089182025712
0.7388046866699911
0.7349719318473595
0.7319065842731723
0.7300908669428124
0.7298848840364696
0.7306524529225303
0.7317566892411907
0.7331745358416268
0.7340017862546656
0.7332122854125525
0.7332433896112466
0.730066721497726
0.7240854857353016
0.7202216316229499
0.717127885442007
0.7139001744795135
0.7115306578827318
0.7096358578710834
0.708194481907757
0.707618114992605
0.7074698525794422
0.7070266531363384
0.7066505760757003
0.7043394677525313
0.7004976853429224
0.697385870596804
0.6949632208873083
0.6926865592431596
0.6907583922269809
0.6898112360166475
0.6898180127341837
0.6916137775231826
0.6930349984212002
0.6950346538404408
0.6981363767069351
0.7013246755700527
0.7050074520666794
0.70890837677804
0.7126963200304343
0.7147383622387804
0.7162164512866843
0.7181983874457127
0.7202275601990434
0.7221639393744612
0.7237164153798757
0.725421385966154
0.7271719456828561
0.7292481452679404
0.731189770439633
0.7345257601432972
0.7383015007210354
0.7422282871345705
0.745878719404446
0.7487138071089143
0.7521181707359427
0.7549447536832032
0.7573135677542151
0.7572340211997094
0.7569087501184695
0.7562518653340521
0.7541625921670598
0.7529405851895911
0.7523931571411752
0.7522227951419315
0.7520743404190877
0.7516144611770424
0.7497301912360661
0.747894994450337
0.7462426138559503
0.7451919796613249
0.7428408221065406
0.7418446988062996
0.7422015202888674
0.7422333017292203
0.742566906471751
0.7433310797682027
0.7441919977087694
0.7450799156866201
0.746390364707732
0.7465477539401162
0.7466615558203556
0.747712419356555
0.748473712051218
0.7497985310849925
0.751542018899073
0.7532117175439794
0.755018352885847
0.7558724614621689
0.7571130007118213
0.758581717530075
0.7603411174921666
0.7621042723394931
0.7639065674406214
0.7648429445362146
0.765862168555385
0.7677370989245169
0.7696145285056637
0.7712738423263304
0.7718769242506331
0.7727713786485262
0.7734786333519368
0.7744556449224683
0.7745118950336616
0.7742837198897771
0.773048730927003
0.7716730228732621
0.7701083936213292
0.7687043844531102
0.7673025448864197
0.7666956796117228
0.7666593399204331
0.767025508670293
0.7674886779434745
0.767327704484194
0.7679540468931206
0.7681211029554006
0.7683287383587714
0.7693987213813342
0.7694508664975324
0.7685444782411253
0.7680537389983781
0.7675037519897436
0.7676827046574739
0.7672967716866962
0.7674614917053179
0.767929216129732
0.7686259008259575
0.7692265131569916
0.7699339691712982
0.7705924589863354
0.7716516472068182
0.7707883225547029
0.7701394837759354
0.7698926834744234
0.7699676069166712
0.7692639505846564
0.7687063731724151
0.7676209400392691
0.7668450825538975
0.7665841159106952
0.7670463240538927
0.7678943865744278
0.7685426945848887
0.7688251256833715
0.768710203851981
0.7687719354768119
0.7690665471674499
0.7691382420804246
0.7688463132675233
0.7685795302084251
0.7686486178926785
0.7685374465301167
0.7688182715506146
0.7693659269708688
0.7704014492421634
0.7715152638460765
0.7738277748583936
0.7763905230148841
0.7791201046977156
0.7819446222554051
0.7834017325947715
0.7846962632418287
0.7856837654701627
0.7862062104568914
0.7864654123080856
0.7856531388704661
0.7843047040836032
0.7834776909777724
0.7829000507460459
0.7830030662000133
0.7828102603574248
0.7829333198010269
0.7828426822177935
0.7830134027920019
0.7834260362969953
0.7846938449442329
0.7862341677185157
0.7871447221567186
0.7885175262326527
0.788798430016252
0.7890836148191729
0.789483303847831
0.7900675831788798
0.79029409484792
0.7903931594391619
0.7901494244768706
0.7896739518906922
0.7884919398802215
0.7869784861672279
0.7857757439810329
0.7850452913512022
0.7839010540489204
0.7832094811906268
0.7824399894888141
0.7817959317343413
0.7811762017608567
0.7809966936989671
0.781231790552788
0.78184791476598
0.7828781532676372
0.7835145439445818
0.7844620245274988
0.7852246794418284
0.7864901874092168
0.7865659659562746
0.7868591558530358
0.7873025349074969
0.7878554551818305
0.7882726981155156
0.7889704993239948
0.7901414258707578
0.7904889011607867
0.7909724779217621
0.7921033224525243
0.7932023570085837
0.7937097032543431
0.7936566992172148
0.7932374536952566
0.7916467688812928
0.7902635423127361
0.7887314945782511
0.7877164462111991
0.7865168793486558
0.7858795186478241
0.7852609061489968
0.7851004304579775
0.7841919874786049
0.7836497052293041
0.7827064197995859
0.7821254230290691
0.7812948410116439
0.7803791513158974
0.7784873984006765
0.7767348852964294
0.7751720282612699
0.7741133889006353
0.7735767111781041
0.7728170342867419
0.7730597241664467
0.7731593218202278
0.7738041954455358
0.7752332432554739
0.7763610138805986
0.7776644055525873
0.7790835709695018
0.7800478446162434
0.7809818777923488
0.7817141289688493
0.7812492048100138
0.7810086950764725
0.7801340242194544
0.7787782115018275
0.7772631259136853
0.7753106659017476
0.7736319935411035
0.7733365288977202
0.7728590574182207
0.7718488456113789
0.771507417583358
0.7717727122976371
0.7718535070459833
0.7717613294382737
0.7695769823665383
0.7676636335091263
0.7664761138997619
0.7657105213516701
0.7639985069946171
0.7615419055821919
0.7597949757790193
0.7560491125495233
0.7522982332970783
0.7480945402418805
0.7442587115926922
0.7399377454637788
0.735663921982762
0.7319110227561162
0.7302181357298235
0.729649883639193
0.7308110798300596
0.7313247999246637
0.7321851271426758
0.7327707668542741
0.7337763136653038
0.7335690995346547
0.7331988185164924
0.7327556294834738
0.7318588145890348
0.7298192780281595
0.7276804206680377
0.7272427442568332
0.7271433581712093
0.7272834464377796
0.727890257900732
0.7282096709905721
0.7270903469804741
0.7258439190499941
0.7258405189449167
0.7271208446106991
0.7292863041101421
0.7311573993483892
0.732819043010392
0.7334949199237097
0.7340143942228471
0.7340425586071802
0.7325081072258349
0.7300351789312208
0.728516085138266
0.7278621315904491
0.7277455341724727
0.726230097881074
0.7247514394217626
0.722306694326405
0.7187200571170645
0.7159868601595135
0.713227303820197
0.7116518656579918
0.7111329839385218
0.7103189679459312
0.7103457576890945
0.7107102385311002
0.7105503253902882
0.7113902440820931
0.7119240487311449
0.712403299142718
0.7125107749149826
0.712500305612801
0.7128239713995692
0.7141368470052238
0.7152342639040863
0.7165029214352289
0.7177944862382513
0.7169079320263924
0.7142041865688027
0.7114135801557455
0.7094152779541665
0.7069156558201651
0.7047924063923436
0.702871904367768
0.7013361818081538
0.6992125900704661
0.6976309951921257
0.6972866053595507
0.6972983459281185
0.6969164957790268
0.6971496954247554
0.6968197276642939
0.6966812195092978
0.6964385046201189
0.6963729079186315
0.6950333655464164
0.6931739843952137
0.6915125546532732
0.6888065635633117
0.6857334226677313
0.6830568571462036
0.6810415125963383
0.6809215374644633
0.681837762169469
0.6821352715534917
0.6842127274912984
0.6865510568005546
0.6890240153634326
0.6911717473772451
0.6922283072402134
0.6936442764498714
0.6945825705578298
0.6962545396522224
0.6983354904480905
0.7007331275438462
0.7029427752943764
0.7051420993070896
0.7065148561177591
0.7076901536156557
0.7093856658200889
0.7094776871405187
0.7093636193280392
0.7106118919439833
0.7119512765891151
0.7141301523008143
0.7145051737450333
0.7128372167546858
0.7116671115744811
0.7117655166227698
0.7115911081013258
0.7114692981319284
0.7124199300153042
0.7141297554368314
0.7166400396256312
0.7191840444150056
0.7223617802719875
0.7255012256512973
0.7284788939538008
0.7305265630978159
0.7324522251450111
0.7343124823840045
0.7339778079602541
0.733592521199665
0.7328024395036535
0.7308526027133959
0.7289519596071568
0.7276774159802206
0.7262821279639486
0.7252514932396424
0.7242288242196904
0.7226788426920293
0.7214822598714189
0.7205896073005257
0.7201772294494635
0.720441908683862
0.7197450310524269
0.7187107455355346
0.7178852228055214
0.7160047047365452
0.71486852096404
0.7141786045556185
0.7135115555155731
0.7126203143572946
0.7117568910437897
0.7107908869669204
0.7101929537275705
0.7101727111911357
0.7080906171378842
0.7045293655522343
0.7028300799649688
0.7021484722303323
0.7021394203777652
0.7037044205501123
0.7046231792920485
0.7063537985307904
0.7086762746355214
0.7111132157212604
0.7127525712491276
0.7140697190328279
0.7151812932149639
0.7165895975650804
0.7181117691799892
0.7194724431974153
0.720642342133505
0.722133482764779
0.72470459157237
0.7280643451373687
0.7325312393667633
0.7361375537527197
0.7393714974227892
0.7431624025555512
0.7463775554613173
0.7494210329998403
0.751464027991707
0.752633421351335
0.7536700178501147
0.75463349852093
0.7548537293175969
0.7558261259725336
0.75502176272416
0.7512846152706081
0.7472904036097534
0.7438376361383248
0.7417488033938405
0.7407207873466721
0.7415419597302952
0.7402813745581569
0.7392824587298392
0.7385227045459248
0.7368622938717445
0.73531086407675
0.7350756491404203
0.7346758917787892
0.7340576900004996
0.7340856840799305
0.734364407072584
0.7344070462887308
0.7334450788965428
0.7321618303399209
0.7310071636782114
0.7309996232688941
0.7315120781123672
0.7315992730665002
0.7318431957395596
0.732243765151168
0.7329176277263684
0.7337050504980474
0.7353167169837901
0.7365015541067477
0.738239786329429
0.7397575307680343
0.7399881495307046
0.7399598703063168
0.7409983427298471
0.7419084829434941
0.7421356074521132
0.7412871284736144
0.7399725993092988
0.7383179249668681
0.7366938309614592
0.7356626933493694
0.7343943950418081
0.7329574558570838
0.7310067943304349
0.7299484728210395
0.7298087757098563
0.7300709610472201
0.7298236701407518
0.7285934751895868
0.7279909326955686
0.7278672191187785
0.7288776293948119
0.7301828806913028
0.7322546396031812
0.7349002206183429
0.7379169090641007
0.7412875898756678
0.7433306327377541
0.7452580673486531
0.7463642480452605
0.746816101425918
0.746782984314249
0.7436797860478093
0.7414150249331063
0.7400232213263679
0.7387258589225363
0.7384730338170084
0.7391135991589872
0.740513572672833
0.7422571391613461
0.7427066539109225
0.7444167874498896
0.7456279872190255
0.7467373406586113
0.7472104947024429
0.7487938027647896
0.7507624886947637
0.7524904133157664
0.7545639403731609
0.7568958585876275
0.7594280370423367
0.761717316551074
0.7636267537442825
0.7650393527548077
0.7659562663050463
0.7665329020527485
0.767024171051044
0.7678256691065791
0.7683266404526577
0.768498185403161
0.7687874170200631
0.7689077073568802
0.7682338455864794
0.7680045641597826
0.7683863521941756
0.7681471432177263
0.7664152369129311
0.7644347282524365
0.7621567274696656
0.7604396914690291
0.7589624891924553
0.7576941463834981
0.7558682539982514
0.7547109154410343
0.7538603424881556
0.7529381861590345
0.752000387021448
0.7506321363593598
0.7501677524028106
0.7493696859242209
0.7481388494463281
0.7476082763429754
0.7479316390928167
0.7482925438797754
0.7492647227542096
0.7508722285544404
0.7529110148058963
0.7558772325455784
0.758784572025422
0.7615215469749285
0.7643906130751679
0.7661132507055742
0.7679399811885868
0.7686831265708012
0.768635087609362
0.7678518422407589
0.7666856238005263
0.7660977746812462
0.765536542717772
0.7652115056230799
0.7654352763704547
0.7661775226650552
0.7663755537956669
0.7667358676089309
0.7676878588759628
0.767595265655831
0.7674282900223893
0.766558510805092
0.7657278931218009
0.7640506059138715
0.7626771629797521
0.7623341492079828
0.7615786754046104
0.7609934389744439
0.7610370086125341
0.7606214174912231
0.7597128064706147
0.7585384417665755
0.756869168340465
0.7550054459358959
0.7540398976800909
0.7531671572582413
0.7525792924700225
0.7526285933037791
0.7527355594627723
0.7518974244909562
0.7511500135360691
0.7504602260136389
0.7495630102095093
0.7502465799906811
0.7509449279409416
0.751663530556626
0.7523999649227474
0.7525710114872382
0.752814984469596
0.7529171215766803
0.7539654047658758
0.7543697211638091
0.755200910215832
0.754523785274824
0.75186625970664
0.750118456512825
0.7491859523104787
0.7481791095640116
0.7477252462022922
0.7485531736084375
0.7500864835286016
0.7513443259633289
0.7533150677939715
0.7553641588459056
0.7575718489471761
0.7586249724493551
0.7590786958997069
0.7579408385041206
0.7581656020332682
0.7584945059858719
0.7586579069236451
0.7593324861285495
0.7584799746612736
0.7567699076736464
0.7552316910316643
0.7531933401172874
0.7510265328316995
0.7491210126486271
0.7476678150107908
0.7471705813103836
0.7464003665129394
0.7445071604485474
0.7430094069736125
0.7419879661238147
0.7421274681244404
0.740867581720378
0.7395757472309932
0.7394309467018952
0.7394873418625402
0.7405656751339029
0.7406705074998323
0.7386736559331619
0.7361255950012519
0.7333630260674467
0.7312681891208789
0.730802081513472
0.7293813849022079
0.7268323898783121
0.7248093109148522
0.7236006270242703
0.7237080861177316
0.7251476783835284
0.7246673670447777
0.7247989869088342
0.7253880876057522
0.7238485030448754
0.7219740556816422
0.7208084296702408
0.7212711572162886
0.7220034983295747
0.7231820194293676
0.7228914209602871
0.7227981588155069
0.7238000042412946
0.7247622806955807
0.726117109967671
0.7278837861949682
0.7287943530538004
0.7295000925268621
0.7315632329398546
0.7337989990643131
0.7342945508214331
0.7351059711550121
0.7356721639539993
0.7363409979565699
0.737200598797313
0.7377280214568308
0.7384207075636801
0.7381358716416186
0.7378639016061045
0.738473222432175
0.7400193159764255
0.7420067885944843
0.7423263950512475
0.7430554698519509
0.7445326113992418
0.7456268200087378
0.7468298498995891
0.7481867090229284
0.7489627061343287
0.7497126648964894
0.7482666398165994
0.7477330506234356
0.7465931196361927
0.7460986945933746
0.746672136859136
0.7481335212679121
0.7499718234072567
0.7522741839798284
0.7550429979540786
0.7567080195505188
0.7579946226517591
0.7592176948890258
0.7603930092507674
0.7621105300010037
0.7642029222287154
0.7656523803653646
0.7669768543012775
0.7688285911035897
0.7704152562090444
0.7715586976506646
0.7730540393902446
0.774932956660625
0.7766697869935677
0.7782522020437047
0.7803639083391584
0.782003981086645
0.7829921196837034
0.7838884805636526
0.7848188191270195
0.7859577017353486
0.7873526655041816
0.7883490888187064
0.7891559424689135
0.7885469684885349
0.7882926303827995
0.787474164511964
0.7865278441962573
0.7849538161662133
0.7825545468450914
0.7790366322498631
0.7762823021996247
0.7740364618634541
0.7731778608008276
0.7705857611823654
0.7699042181846193
0.7694194476725782
0.7686752114771889
0.7661141325745973
0.7634348033161221
0.7610344479589104
0.7593359104854908
0.7560033660678925
0.7537073686077544
0.7509281547375688
0.7478080062454677
0.7440222472162239
0.7394464513625608
0.7367320188303098
0.7344173186076929
0.7329583008786065
0.732952935364069
0.7332262231348142
0.7317758206941178
0.7313602361909616
0.7313739132538443
0.7314500532289606
0.7312448476783044
0.7283454202541148
0.7240983182054721
0.7196512087210825
0.7158433998373296
0.7126884024658479
0.7109971967515082
0.7104121042341556
0.7098675831142073
0.7105488477461692
0.711277060424154
0.7125141830867155
0.7140505972640073
0.7121473746267499
0.7104609668382184
0.7083107908729959
0.7071909252717387
0.7066173885621218
0.7072134466855227
0.7080100083781018
0.7088500818080234
0.7086474819166053
0.7093755099912255
0.7108000808602389
0.7120689571904986
0.7141660854366304
0.7171176220734824
0.7192879109228373
0.7218537131366928
0.724003791186336
0.7254367258519601
0.7272982468589426
0.7268207445479405
0.7263950205849815
0.7257552451831365
0.7244569906255548
0.7239893886083856
0.7235318541397131
0.7228804223871892
0.7222986546660557
0.7230017775498558
0.7231451771907961
0.7231135510433707
0.722694919021062
0.7219498569783909
0.7220386344444397
0.7220645722528216
0.7218920397294105
0.7220454673963852
0.7225244550500122
0.7230809595102393
0.7244542570978996
0.7231371223802222
0.7217051593588679
0.720884667589982
0.7208350957685827
0.7214414104659208
0.7178646625789643
0.7152541460343703
0.7125035668312177
0.7090458813867898
0.7048512729456192
0.7008675009790474
0.6975684896614797
0.6949949672264571
0.6923686033725798
0.6900556388837595
0.6893824843748394
0.6896229443024535
0.6902362862481538
0.6923483142786132
0.6940081123572894
0.6967451775338618
0.6995283184258777
0.7020173178935779
0.7034988002322801
0.7045305031725647
0.705722040500152
0.703478965843688
0.7012040587401538
0.6996023997081529
0.6982666895181964
0.6983300064083338
0.7003642480529748
0.7027001387585115
0.7061400568386977
0.7093589130622299
0.7127814196715964
0.7164734538319026
0.7198711625372312
0.7233113441606789
0.7265787055093942
0.7293244367277992
0.7320895958759633
0.7340466862459063
0.7350037649663664
0.7358411124339307
0.7357249028398686
0.7361635366187926
0.7365826155124553
0.7369068272235346
0.735962932137038
0.7351988392089444
0.7352662393575996
0.7354902587884636
0.7358666192302054
0.7361251876701602
0.7365543042895932
0.7374138000019007
0.7387364306738984
0.740646364993274
0.7432318142981443
0.7459187986672174
0.7495592663917752
0.7536734440883837
0.7573760982863318
0.7598005417203002
0.7617071044903505
0.7635943175789512
0.7654359776904884
0.7653786087751353
0.7647691118034972
0.763197613250662
0.7622853774232894
0.7608289201906058
0.759155995679151
0.7569068804539222
0.7557426524694598
0.7543508599035925
0.7531148332122899
0.7518805583013988
0.7504011175995746
0.7495947774979715
0.7484982788094664
0.7479855264603673
0.7460312231160877
0.7446568384863584
0.7438419518052737
0.7428831702945987
0.7422075223874705
0.7418680506610664
0.7412830160368075
0.7388310250778333
0.736413159369791
0.7344958828092477
0.7343772120814778
0.734849094455403
0.7357216964788195
0.7370671903878115
0.7390133598013021
0.7416420186350796
0.7438264328576975
0.7463814933961141
0.7487032168648347
0.7510378879421888
0.7526655835369458
0.7538204307102697
0.7539637863057782
0.753744433625627
0.7545507663111786
0.7557363931006449
0.7572027824204826
0.7583493798549515
0.7590968086290562
0.7603316794403016
0.7610294124887577
0.7618745809613655
0.7628417907613841
0.7635360873423328
0.7639938139987509
0.765575205164643
0.7667558794755929
0.767724459819736
0.7689240645404791
0.7697306256609951
0.7686221995501499
0.7676736061531629
0.7657082800757262
0.7648893511157782
0.7636907081440792
0.7620514576962656
0.759296413902151
0.757126468853312
0.7557847139311339
0.7543743875946082
0.754078543598433
0.754375904344447
0.7547761713896416
0.7560867185291601
0.7584079768321671
0.7591465975788091
0.7600038335862235
0.7607620982802745
0.7607309679647921
0.7586603954940901
0.7566691173355308
0.7556996259045488
0.7550105876527312
0.7543253684952516
0.7540163176757337
0.7541425286330661
0.7518676835543839
0.7492676578671301
0.7459968814345763
0.7425355016373204
0.7408615217556629
0.7397571551303872
0.7399888302037029
0.740274103577849
0.7419210417757609
0.7440660615582335
0.7466101589078683
0.7482688175239814
0.7494621880266071
0.7515398919496767
0.7542115185824352
0.7564823872317052
0.7584963643073108
0.760081821555531
0.7614464991864276
0.763365383530265
0.7649762439732327
0.7655422218324849
0.7667081897328406
0.7677850078680336
0.7691012805576435
0.7705917272941354
0.7714239830083396
0.7725627863509652
0.7740859306942678
0.775113073871296
0.7743583034117174
0.7744131579148679
0.7746776886449143
0.7751648269640014
0.7761465464745947
0.7767272826269997
0.7768504672394623
0.7775477055864893
0.7779137446721436
0.7758109924920206
0.7737226729463382
0.771385928490495
0.7688092570020648
0.7672368956617421
0.7659498507826983
0.7646219365926019
0.7628272044804651
0.7610226045935564
0.7605361883045683
0.7615917324552394
0.7609896583947366
0.7604822188063819
0.7592870970418241
0.7591678866838651
0.7569272059211477
0.7555280079771597
0.7540800156217463
0.7515751598803584
0.750461795028579
0.7500726971906476
0.7500409435997888
0.7502960428886291
0.7510752996427447
0.7513272280941974
0.7522406579067147
0.7533433389677145
0.7537572600630593
0.7543384581366435
0.7539554247795415
0.752761197382198
0.7515912373917434
0.7497154327584105
0.7478048504371557
0.7467384367827921
0.7437849904825097
0.7401151373572408
0.734687210073802
0.7298932302172518
0.7259051019462174
0.7232531583916497
0.7214508379597954
0.7210370330046378
0.7206379964611748
0.7213148629612752
0.7217540341759892
0.7227935344553124
0.7228948615006404
0.7245331459912384
0.7269300595737297
0.7260843761919437
0.725261374663506
0.7246248309560842
0.724837392436043
0.7261283641818079
0.7267837117367617
0.7281751647601828
0.7307497447941665
0.7333242373781579
0.7343444033421275
0.7350484942497585
0.7358495836814225
0.7361040356156465
0.736650960396721
0.7379975050680473
0.7378624277591478
0.7380944408999245
0.7387334269062549
0.7394895421955974
0.7396689010464342
0.7405532583728378
0.7415493132136001
0.7423917610290589
0.743829367781064
0.7429889448008777
0.7414811522935253
0.7400187187933723
0.7388394593565771
0.7385667452660324
0.7391467928770883
0.7387907597862172
0.7381187961875735
0.734678839632672
0.7308066823328845
0.7264471785580789
0.7230302099493309
0.7198383329538776
0.7171624850592421
0.7144327471655803
0.7123255140153731
0.7103811516363893
0.7095819872256445
0.7103355727597209
0.7113067968930318
0.7127882283473209
0.713883548292945
0.7133462155472339
0.7124032371841007
0.712165844881033
0.7119540243936916
0.7115883948555611
0.7098109497668593
0.7076586628698668
0.7076453626405617
0.7087231517267374
0.7108228416600768
0.7120559677569973
0.7129681862307714
0.7145169372116037
0.7161131251390035
0.7150387816177853
0.7147262620716691
0.7128734069161108
0.7117946753577713
0.7105028805459661
0.7098574448210597
0.7106379739199657
0.7118101758659047
0.7115746975516263
0.7114719848870343
0.711327065601879
0.7117717018567564
0.7110083972421548
0.7110026032626687
0.7108256203486253
0.7118556547746627
0.7113584955736499
0.7116113798980984
0.7095894097738967
0.7069987789441696
0.7056298477881443
0.7039711187663816
0.703147249053257
0.7028713365218574
0.702740399267938
0.7029196966392335
0.7037498872543506
0.7053369854301245
0.7068490180024726
0.7081581651161998
0.7089915591333539
0.710044220081659
0.7046620606622618
0.6991204951056651
0.6951463806151026
0.6915776308414818
0.6895585588360938
0.6889213171767257
0.6890241794588786
0.6900151902203527
0.6924253029487737
0.6952416076119626
0.6977564374404216
0.7009127465352704
0.7047005098785647
0.7080906507472783
0.711315183949708
0.7143978269063717
0.71599913762564
0.7179492081968116
0.7198638804107013
0.7211255005277234
0.7208723651715889
0.7188893541495258
0.7152670223552418
0.7115369106547682
0.7077515904904756
0.705080290106145
0.7036679925875907
0.7029040035126735
0.7019426558123404
0.7021355348594552
0.7035084920745481
0.7062334629056659
0.7081476884920724
0.7087554960112598
0.7096710595330947
0.7103315968333053
0.7123926046082186
0.7147701530446436
0.7166714486393347
0.7160940410299932
0.7141640004245507
0.7117371584920936
0.7092027676984931
0.7070359765395104
0.7017678790225127
0.6976239812935054
0.6949817938420928
0.6919281060602606
0.6908427400712932
0.6903227214525628
0.6901640919863261
0.6883089790510154
0.6826135776248737
0.6782202393324377
0.6757700184413646
0.6729412352606268
0.67154057534122
0.6711806701527726
0.6721337328193276
0.6747801728778268
0.67766308056053
0.6812884884052512
0.682055764179276
0.6832625089446834
0.6834066912653779
0.6835391544418793
0.6830080325081233
0.6806690257850687
0.6801423155858998
0.6805619739485916
0.6809807275381323
0.681363813181977
0.6827783846269575
0.6843709198366001
0.68511361753136
0.6868543812091448
0.6893971234785007
0.6930751058749104
0.696489759126368
0.6997712371469152
0.7023737345041473
0.7040398893953953
0.7060291363014711
0.7077370983517057
0.7076862264816093
0.7085162515751878
0.7094037314125508
0.7103682064514579
0.7120008152704713
0.7139050386845257
0.7156769665330287
0.7169268346234189
0.718317481303759
0.7202635669553507
0.721908469338597
0.7217439608987614
0.7214309651599997
0.7216087484079373
0.7229004214896577
0.7245360172571892
0.726640141134583
0.7283221750086587
0.7296333509814701
0.7300321124604632
0.7290691295198654
0.7273944594359524
0.7253041019209763
0.7234675202698388
0.7234316687041806
0.7223168002514694
0.7213530414118247
0.7210192484349166
0.7215115741084147
0.7180042991309243
0.7148980824723254
0.7130128936193086
0.7127288735322976
0.7125506204897482
0.7128793711506674
0.7136477867792087
0.7141595260197869
0.7146866773119946
0.715150480133789
0.7134400999193271
0.7102279623881288
0.7077146916159703
0.7050525681806358
0.7031794375742056
0.7024440190153369
0.702291314730894
0.7037592208020342
0.7049921389107684
0.7062564996803982
0.7077103113119603
0.7078763995583736
0.7075542012376705
0.7075989703141103
0.7075092594931711
0.7072343242932165
0.7060599905996475
0.7048806180661591
0.7041654205395956
0.7040245552636488
0.7031904258637667
0.7032329310365363
0.7040992890152079
0.703978613361795
0.7042855156968604
0.7046664019183632
0.7057198858103978
0.7080888720999656
0.7107219894830751
0.712930400925077
0.71192748567485
0.7102517547718364
0.7086438151180938
0.7072214586262785
0.7058830141484855
0.70495226912603
0.7046276551048333
0.7034867827714391
0.7029364183657086
0.7030590750392408
0.7042682937447176
0.7061068029342369
0.7082227004427198
0.7109107486598147
0.7139259603755025
0.7166870237182453
0.7189700026773861
0.7200783386914197
0.7213296188804165
0.7231968718669416
0.7248105590178586
0.72643164538882
0.7272923939406682
0.7256014144335821
0.7234548245795237
0.7216287050293613
0.721175172556276
0.7211977396722664
0.7197765883346579
0.7171310463408241
0.7152283602705457
0.7145820041483097
0.7149856660824453
0.7164289504722013
0.7182124293068471
0.7196768372120104
0.7195642624818884
0.7200953231098896
0.721235371778258
0.7222852869782438
0.7225723861112935
0.7231581529343363
0.7237992876175386
0.72439096392348
0.7247714177578338
0.724510864866577
0.7248264983829938
0.7254717931004067
0.7265152023711002
0.7273960808946858
0.728365760382496
0.7290697514215202
0.7288322987255889
0.7281944435881135
0.7277591138785172
0.7264950229588802
0.7261687078522624
0.72666009933168
0.7277608657555289
0.7285664061759108
0.7297333809794537
0.7286825350581243
0.7280498354612568
0.7274950258932619
0.7266856004215139
0.7257146497468099
0.7244660007066283
0.7231136430368406
0.7222422751432593
0.720254237615575
0.7185578154918101
0.7182651135652437
0.7180776245674397
0.7182076029741137
0.7170930703643847
0.7160105700121102
0.716197423503285
0.717332334677278
0.7194905066221854
0.7223417306475974
0.7234693223999802
0.725060958276146
0.726456954303661
0.7267341977970222
0.7244465699175078
0.7222232058865502
0.7203512384254421
0.718707410200969
0.716437717063088
0.7136792839981273
0.7116382929946296
0.7098325886702428
0.7084053938595323
0.7078964621625333
0.7075409906369688
0.7077547717125985
0.7086479990404313
0.710648400561569
0.7126545369018255
0.7140514771555754
0.7145616743564462
0.7152313119514373
0.7149330738328031
0.7142724356489825
0.7139906759456838
0.7137340317430103
0.7132438180908865
0.7133342677953489
0.7142930409090686
0.7160241211572055
0.7173520298033701
0.7198721201570755
0.7226061203959823
0.7257520253345302
0.7271040624844042
0.7284140409107868
0.7300497233582705
0.7326972079454822
0.7350614279262813
0.7368761742510732
0.7375146897769086
0.7384077187370355
0.7393098224460992
0.7389641151992777
0.7397203288024963
0.7394150657609234
0.738511778135994
0.7384422581121554
0.7388058079214961
0.7396408182103922
0.7408215573514918
0.7412327224676706
0.7422387279749162
0.7434331952537728
0.7445663868566752
0.7452232968616254
0.7456272176567766
0.7443992023736368
0.7429212489203844
0.740494180302301
0.738310351262709
0.7363239128313017
0.734289036079005
0.7318875550910185
0.731092093299597
0.7306400035781222
0.7310594383428645
0.7325724060776915
0.7347762775245287
0.737520303921754
0.7401157970942699
0.7389827018445875
0.7381952515582579
0.7360304733996222
0.7342516462313566
0.7327285222588996
0.7312619980550324
0.7302223947153942
0.7300300210354279
0.7298515582205074
0.7305545635753248
0.7307700504704171
0.7314789057227955
0.7328216629233608
0.7337263069017829
0.7353130404045043
0.7352469942369001
0.7341456034247487
0.7322344746534073
0.7295704182263587
0.7279234668069107
0.7258032323018677
0.7234872375486878
0.7225574964800024
0.7225295410353363
0.7238664425106306
0.7266001064897053
0.7289165295971917
0.7322381713419319
0.736069426171345
0.7390249373501887
0.739928390629407
0.7413681807647334
0.7433649703417187
0.7451619858190579
0.7423631409119265
0.7399216355905379
0.7375783360645718
0.7346810674075254
0.7330437026466651
0.732318517567388
0.7322047958415829
0.7316134324658247
0.7307390698454225
0.7302448817908903
0.7308280706164679
0.7314566671702931
0.7283048387337095
0.7261518708660735
0.7246021222066447
0.7234971799993475
0.7224777515190945
0.7216389741288217
0.7209190880156563
0.7211684010041917
0.7223641361980812
0.7227339096147141
0.7236946514297241
0.7222400640119757
0.7189244038380318
0.7161733194553312
0.7127553446654031
0.7093593725816466
0.7036551432891225
0.6994217509346722
0.6966265368205389
0.6947569084631798
0.6931624195948666
0.6918358700504769
0.6911354573103322
0.6903384346237044
0.6915926549521901
0.6947760587919741
0.698290555555398
0.7015411340652814
0.7019582658117555
0.7032059775041994
0.7033527735182874
0.7009780069837412
0.6988661186504206
0.6977593745120212
0.697768794943687
0.6980979740489628
0.6984982626933519
0.6996170481128212
0.7019082562027057
0.7046631845843202
0.7061699322076471
0.7069820754280345
0.7079429362537334
0.7095801928482307
0.7118259582824787
0.7124479276739001
0.7130677679050359
0.7136914332766608
0.7146016956272019
0.7156545850151877
0.7177227847330677
0.7201057630390212
0.7220424524704439
0.7233901480074822
0.7251191375515339
0.727092876290834
0.7299286678461481
0.7332403714301173
0.7363283487925999
0.7396817723389847
0.743394429752778
0.7470853481982288
0.7497545460916367
0.7523682242534839
0.7551342088556559
0.7578200853715044
0.7577936761081435
0.7576612767962995
0.757664780415396
