0.4440833708682874
0.4428352571250185
0.42929815203248267
0.42516466010458537
0.41435320784215457
0.40874766362119913
0.4028003017463474
0.3963813452917112
0.3870830003408821
0.3742186197497698
0.3692963214651148
0.36007804196705484
0.35295955634086806
0.3464370168788886
0.3374883561223858
0.3352329114696703
0.3241328008604145
0.3225524890884921
0.30988811353662826
0.30417940358863343
0.2988632822131133
0.2862540298091188
0.28054743839371143
0.27199073365210835
0.2609493220452769
0.2607904477948716
0.25072917215800883
0.24636845792441536
0.23755623909246182
0.23248043638705124
0.21856178720708452
0.21712607399158834
0.2146738639920645
0.21066873186439516
0.20723638145460033
0.2024655451344866
0.19812755631338258
0.1939563166730479
0.19398709493990934
0.19819551397648555
0.19552545896486362
0.18941266301053516
0.1775288526127815
0.1876874648675188
0.18909162614555958
0.18020080215588952
0.1765374474698056
0.16374518811994893
0.16978534692855868
0.17288466068950914
0.1627869735077901
0.1790012055246583
0.17249364052466581
0.168540983448292
0.17290481682224135
0.1624349995930479
0.16496648595777524
0.16285808660196588
0.1548506654780652
0.1606948177482843
0.16699780889324956
0.16482027924932235
0.16830151734704918
0.15969326432120579
0.16522290230513736
0.15986204017325018
0.1470183726340767
0.16949653502696843
0.15519359605166794
0.1438869795329274
0.15172208455187858
0.1280091230495437
0.15132023997648553
0.14055833614614555
0.13136499614595482
0.12595781978863418
0.13363303486087919
0.1272765311232153
0.1337387783938369
0.1339004851948179
0.13329322012108502
0.13187642580157033
0.10741215906968204
0.11587019249049868
0.13982706143043266
0.1014588380391977
0.11327337238253693
0.11902723534707088
0.11599010009377009
0.10195894098457492
0.10107342350365955
0.11978684253035238
0.112959021373919
0.12140467798983706
0.11226007625359558
0.11126448714864257
0.0939834573998935
0.05813651702313449
0.1018497256820951
0.06547529069958341
0.1146033387770845
0.07307245434504211
0.10204374684707934
0.08200526351063081
0.07917278854088228
0.10161335759995871
0.07335927873012477
0.05455544749258062
0.05398598692933715
0.07310614011226485
0.08683003225334845
0.0653207876800761
0.12579712985740094
0.06585396063307125
0.06835476190440004
0.04186949907466736
0.08299246760581769
0.03643125044750867
0.08483705775481176
0.04334997989147388
0.07178301094851103
0.064345237463109
0.07377592171740188
0.0777599152533695
0.07773972509601768
0.07901900048946692
0.0035836659224542933
0.04754294307061485
0.04455320852784006
0.09959294170004229
0.0796451209694718
0.06475944293410041
0.05840552330135379
0.08038503643281397
0.04601050817641389
0.02056833071405062
0.04933655274206755
0.044856254848060106
0.013137125765853686
0.07099301152680237
0.030746755122858904
0.0537661689280734
0.023783791036793678
0.031344928627166535
0.015556051840402041
0.007778579644854788
0.07370794684800469
0.05113679720683861
0.07851496068758257
-0.005406037506960115
0.023810445732925567
0.11602476618942692
-0.026897468220099197
-0.025660652122763583
0.022621139813998103
0.11015352064527639
0.03743246140917894
0.01086560445455187
0.06829380202457908
0.06604117905943163
0.010260849365899993
0.07044434902902807
0.09760281384976066
-0.043251103860989404
0.0677787896372774
-0.007762565834759205
0.017130394964189166
0.02183292745073412
0.07321349517965076
-0.010705158253181302
0.05218026463544939
0.06896140979767135
0.030489380573057834
-0.0041358407407097175
-0.03151557133037708
-0.029315399440441592
-0.010848089726527288
0.07233029331890795
-0.04063879933069092
0.03608197801240415
0.02019574600394075
0.10132156207944182
0.08861415407823175
0.10315750218010256
-0.05352570165731996
0.05103180052687861
0.09933229572169666
-0.04197507111197851
0.04780303552633508
0.027307056394429985
0.06327395655773405
0.07787543850204537
-0.001473276557064751
-0.022963343819697557
0.06052350499198528
-0.05231214759140046
0.052183313862038394
-0.011875136424737698
0.024166768752364676
0.003128449710609882
0.0244347811093778
0.03134776576673115
0.02011170126421702
-0.014650776104260355
0.02117766359103429
0.07208527074797771
-0.09353272986497185
-0.021405951693457825
0.03292809770736427
-0.040114304306021475
0.023464565645084645
-0.03540143089978032
-0.008743383779442615
-0.06560612412342204
-0.07181401311250601
-0.003469115251426458
0.010870848677769107
-0.04966884764810431
-0.07062009781958889
-0.01899860852855806
0.1340942622485271
-0.040908466160746504
-0.008755071834539607
-0.0374984775091598
0.13733072431881604
-0.005819931363343245
0.07229718535943014
0.02770320307949925
0.023394187779571696
0.016135897368737107
-0.0040055211503772226
0.03878820617665313
0.03778715953091549
0.02115037743228998
0.058955819037347645
-0.09887999840417161
-0.02167765841045355
0.0317134594339159
-0.11002160791271476
0.04830472704670774
0.04659833999914037
-0.05354891460279576
-0.06709861931874406
0.0038285264863086033
0.10076265675753121
0.021953237317202445
0.03225275579213416
0.010737970844119149
-0.0003489828074115797
-0.04523423740650567
0.09001027105596332
0.12703433516894436
0.00961755885273885
0.03860743117147336
-0.1546358863264119
-0.03480394670523723
0.00306892936866221
0.06402430021644934
-0.048934126385865695
0.021878399286834882
-0.002779862043343795
0.024154212677661158
-0.20781779635941722
-0.04484978979854781
-0.08180446768657224
0.05252174245070623
0.05725487584468125
-0.0026706068820407936
0.00012961161426583434
0.057260201929453525
0.00497544835427044
-0.04737259900020474
-0.03194745557419709
0.028817253599005777
0.012944725616195807
-0.040808486868467386
0.03989102324448912
-0.056359935183854626
0.06268530852789733
0.040435222057859765
-0.09158550037971125
-0.01557963927546624
0.05629992084415408
-0.06889421537361051
-0.12505232127249422
0.03422560263972069
0.02962101209699436
-0.10141006772795991
0.02046230394518167
0.01617481736249471
0.08504160444774883
0.00357171142799656
0.04596387413026448
-0.043531488114787575
-0.09393507722979377
0.10287328341787177
-0.03045720096678306
-0.00968748574577416
0.10348675570291788
0.09560409833755729
0.06741465845063804
-0.017822610592019394
0.04578939368583723
0.04859853135956871
0.15706756219350154
0.061376685230893346
-0.0047767077268584535
0.08407994974045718
0.04893643871555098
0.014040486157801901
0.134413044256746
0.07302984281492658
0.07135039584178987
0.09520845518834486
0.022420360780967374
0.034997544175172424
0.017335578805997953
-0.009716003369361292
-0.04759337455707657
0.025823827769888896
0.10769839248503738
0.03633767899064205
0.039998252989035976
-0.02146254706877959
0.02589382926882028
0.03753945873788139
-0.030959861692803292
0.00524760943181346
-0.0536785728913074
0.024261621073844775
-0.07559232542296634
-0.03400211180843382
0.07504057499680633
-0.06911617427880135
0.06610192430420497
-0.0366811403113293
0.06447591003241943
0.030383894692710745
-0.046696514741664474
-0.2022442811990809
-0.03710343643490022
0.10297243098844294
0.08230272611081063
0.10841689328510729
-0.06546602147559655
-0.028193420852080875
0.08910382467800504
-0.012350249609096697
0.0357359179868148
-0.018249973142533737
-0.025689774659952147
0.12363799325935382
-0.006670134275016948
-0.010481372828043178
-0.11770554090610974
-0.007053028409015116
-0.05057501707472323
0.04147045815631856
-0.04960684846535601
-0.01616704462479579
0.018197019918890278
-0.03524535577328625
0.11128465918143815
-0.057051725895316596
-0.1379330038835609
0.008926104976127391
-0.005834876154603319
-0.05198189677011189
0.04420614195934547
-0.02307876402172826
0.055105758083121736
0.11445924825001441
0.01009620150522289
0.03388267823533009
0.06610165988900463
0.005865868690684395
0.07423885225243604
0.05079736495703113
0.08035848348949193
0.012147005526193855
0.08454446058345821
0.025721881322045836
0.005645552846223978
-0.0031704939126250276
0.03370845114562021
-0.06115031365104895
0.027551004209212582
-0.06315204091472992
-0.03799028483873046
-0.08991118121070962
-0.032353861743223855
-0.014932667229156205
-0.09315927118675371
-0.09971502595775572
0.12261294623679392
-0.002474184267418744
0.07019073925079017
0.02174451240850911
0.012224794084534973
0.001372867190398197
-0.007318792778969629
0.0737242853978744
-0.023782340947843372
0.060679625723707276
-0.07811751815556145
-0.042310190840169515
-0.0146264546947521
-0.07355738803677636
-0.09967046515443845
0.15026425557215306
-0.08733340611247586
-0.14081331055797686
-0.04157730202081944
0.04431142473490757
0.016653748826542525
0.05704269032926068
-0.15723859427596143
-0.05516421501716329
-0.015591861134391483
0.01645367649886742
-0.0268229923504113
-0.13907474970823508
0.11420465305743277
-0.13113463661098979
0.03256591709604023
0.008749527637659349
0.07809340522997082
-0.0372445786113732
-0.02611109861799077
0.036912098041691876
-0.016642217649489033
0.013900056615776757
0.02165814447221881
-0.04846468947126659
-0.06695016308891188
0.05428003727191055
0.02616589818313736
0.021419278211102066
-0.04866484330973564
-0.020342363211662162
0.0797322626004699
0.112756087219539
-0.004365339532644397
-0.02019028455534433
0.08277995349808875
0.01659538837794533
0.016929409611508184
-0.05692976527998572
-0.02719737027390723
0.11809343881255341
-0.03117682413361722
-0.02081902094831589
0.06946892944655347
-0.08658268587886941
0.03871028212782762
0.0039120785450640905
-0.0484166759538629
-0.03767232662519715
-0.039126503929890144
-0.19067943535149368
0.0245528463385129
-0.015135807964257508
0.0973048895427645
-0.06544020673993634
-0.1155599368784469
-0.051319145571891434
0.12686846020436138
0.12385260266322429
-0.02215720235248242
0.048398568767673567
0.06606781076447177
0.07695963697008112
0.06422193888201894
0.1733731477043861
0.009455475893829113
0.060687300510290976
-0.012585525004270348
0.0875929283384218
-0.03660945934567228
-0.05736640659880232
0.00974380933246477
-0.018906532656063124
0.013441501065550088
0.03924868839620799
-0.021051609263342264
-0.01726453101652159
0.004725723934962178
0.027658626967600464
-0.03283574915408638
-0.005169465546717822
-0.021728260938143618
0.04606420541691042
-0.0034787584205431266
-0.019840595790832527
0.05516480912473587
0.030346184732998494
-0.04647033773075426
0.11897162312288645
0.06245960295998093
-0.08873324934673776
-0.04405084866989728
-0.0089689569774134
-0.02066072681368647
0.049966720220503025
0.04761820852031928
-0.03633814301634464
0.051472258980589436
0.13171047350356935
0.0724289983208336
0.026041849594506228
-0.05708372533707884
-0.010591384752765887
-0.0076340063393743884
0.056082216765743265
0.035811823303015966
-0.037885586677319116
0.02686215026500971
0.04893586268240829
-0.015939514280507883
0.022479265317010666
0.028003336944486257
0.09165900725870368
0.03156826022389986
0.07847149264794728
-0.026956397594391834
-0.010396597083889847
0.06104577359955543
-0.05572003125689562
0.026735734899015873
-0.014203336033622671
0.036425228024897116
-0.06826413036820889
0.01956554762752627
-0.01734382649260169
-0.04499590341970894
0.012871370576781727
0.055278994610764465
-0.014734307534293278
-0.006469653554206034
-0.01895059212354544
-0.011409956180185143
-0.012560398181509558
0.033629882981515646
0.08814334716859723
0.013147880428125258
0.03561984954566977
0.093474879576185
0.02207952813009073
-0.10389117450797813
-0.04765352730235173
-0.006387462054175841
-0.04870607811398353
-0.0031709832581952035
-0.12645025238799146
-0.07317728948403379
-0.019975777202626444
-0.05739116165578628
-0.03680095584950227
-0.04748728956332737
-0.0938813825984055
-0.061043896483489846
0.0531694569657179
0.06984987380338892
-0.01838206458044711
0.026980295388645548
-0.0424573276603285
-0.12125940622325482
-0.06947889630713566
-0.014348362567261352
0.024491956458910835
-0.07572650096516298
-0.13342407257698297
0.1119137949666888
0.07790598995927756
-0.022701400333267507
0.03605804959710962
0.021009243585468407
-0.03207712988411826
0.061011940509743345
-0.13603267501677274
-0.03845765962369174
-0.020053270575651982
0.039034335476733184
-0.0935875788175008
-0.03981316195715667
-0.06369115445682971
-0.0005799993270150239
-0.14099453429561049
0.05336868809908285
0.0647392294344139
0.08108635434132061
-0.08148779366540448
-0.09036318541714661
0.022442085884555263
0.05224990298798515
-0.10368774937919345
0.08761198552692623
0.023246126331036066
-0.03978720443535877
0.03551054336966075
0.022157804176646867
-0.1967490411065963
0.058227110758719114
-0.10134464613327243
0.10300733224255204
0.031138923022042908
-0.08423219236018709
0.032393334357691594
-0.19130707951177484
0.09331682755000181
-0.32101374514397907
0.04321616992275601
0.08987172205914068
-0.14482192241142267
0.09839821857060549
0.028545993477368803
-0.01436338568050044
0.016116773362991665
0.1364122353144573
0.02109181837826546
0.05291035938114752
0.11728475974335617
-0.09587249902207451
0.06419967708567964
-0.006942335133933608
-0.021508243754255196
0.031338426486036464
-0.03065803947442869
0.08683371684672392
0.07686972121429975
-0.01737812049995624
-0.005289567588016131
0.0004326572988468391
-0.00862445103613907
0.10911621697944862
0.10582350699884369
-0.015231841421407655
-0.00014442236743883452
0.03230160809851801
0.06038985619520326
-0.09073468339807522
-0.09715031160205656
0.05722407807176766
0.06704300982918554
-0.025541967042109426
0.038241058823816565
-0.03663612929745719
-0.1174523565792911
0.03422336406169013
0.030988301020344444
0.039405492901255446
-0.03632095960158799
-0.047985024739342075
0.0813974621085411
0.04141009691906944
0.050854481415676556
0.006912541291378305
-0.029627653749792482
0.06833830298641375
-0.009367969225259398
-0.00595300665119558
0.11020063639426247
0.011314165938087095
0.07016539940606265
-0.052565193973011626
0.03236401647335263
-0.02772969878978626
-0.12011350650123742
-0.0005534157243388682
0.030927698879939236
0.037151979114595446
-0.16399517778673145
-0.17120802241577193
0.02896574550738773
0.0448214519066083
0.05298409627093703
0.0253405507698376
-0.010633403690003984
-0.0644719864279667
0.06888760335104605
-0.08396099617342045
0.006385011773672122
-0.19449651443643767
-0.31174769357453824
0.02798881730062952
0.0416851077394525
-0.10895104258731692
0.10019037360588423
-0.04251095641138403
0.007111305049752714
0.108753584536606
0.14701790610636933
-0.13381483238772918
0.07667185512242314
-0.07342331519979195
-0.05294174306898136
0.041060605460686406
0.030433690313725004
-0.0581046022353956
-0.05303000685950754
0.06025549809244812
0.06059007905218439
-0.02959899311784986
0.06078916914347715
-0.025731381893507765
0.04014470472700454
-0.007033289412330279
0.06638870382813888
0.04777741744460151
-0.0382012084115001
-0.14892208890502512
-0.021763764563457633
0.12155495651352338
0.10703000518055694
-0.02889125753923083
0.06273908442048098
-0.0027052631306659913
-0.042787675626958066
0.03271787564149642
-0.004508246236818225
0.06962280472714594
-0.06140436949611394
-0.011231000848921147
-0.09707875462439164
-0.03752425543430937
0.025168753648282416
0.03332215990460974
-0.09784757203767214
-0.11729633765470426
0.07401641539648335
-0.04818844413348211
-0.26155593860308934
0.036046025813668114
0.06321518771947421
-0.022474030226617425
-0.12984473362223325
-0.055226822431882594
-0.06621394651128276
0.05218386163893046
-0.0021853907352035185
0.05168935006520581
-0.14032987099947036
0.05833922212973708
0.04128806953608882
0.04134039711750631
0.08287086443737823
-0.0376450299704012
0.07993095549500967
0.07539068174149843
0.055726107847104744
-0.12241636386090637
-0.03219684664945188
0.08351883827356837
-0.01703934861882761
-0.07468111086364548
0.024294522415807485
-0.025874801122755642
0.09105974046320187
-0.09659248565850642
-0.06631766459786659
0.031210872371916387
0.08119844460067022
0.07303488142873099
-0.01783735556280197
-0.09380308264470316
-0.056192770872317
-0.09975271263728691
-0.002124064475785281
-0.04564314850963125
-0.039042896875354005
-0.024913437750420986
0.06133160827563078
-0.03023350253325441
-0.013703789809185074
-0.019378484537731278
-0.0807010168514175
0.04366785325288203
-0.04008708554778406
-0.05415026500348008
0.017905486777516855
0.08569658658638868
0.07008379954265548
0.08121755410981074
0.0600252758248675
-0.051897660009224245
0.10779845676926375
-0.00027007589429950407
0.050365050343566364
0.0042566366315783255
-0.22109031363313125
-0.07007154284564221
-0.05653868457100342
0.0590402056747078
0.04553882594357783
-0.20547997612053637
0.02450292180674024
0.07567423046276889
-0.04468104231223802
-0.004052096391357063
-0.11465837887715624
-0.005464908035222815
0.06634735809597286
-0.053986999862665086
-0.02384858891038011
0.1257855314186926
-0.024720742224063952
-0.09646195319442574
0.05591119646824172
-0.041034251888006246
0.0907146715350004
0.0025159978519070925
0.07584110590491683
-0.019176624856021562
0.043188510105786615
-0.047628835164453265
-0.006827258993897578
0.001076584334304409
0.09884180067469728
-0.04797280975225082
0.03490290865325357
-0.009490046819611075
-0.028700838282332275
0.02161219049063917
0.0862312341553858
0.04541847961778084
0.01310391253374571
-0.13654607172111544
0.1226307614473649
0.0842077794872571
-0.017740527311189136
0.09097274824107593
-0.03332685815502978
0.018031521230629677
0.06670429511737686
0.020905791850429012
0.043122355650704824
0.0010340536583166027
0.0049540518354658225
0.09442733629123862
-0.038084301978351776
0.03586892324175084
-0.10176315177535755
0.004608400145785785
0.001309150316087082
-0.013055754338306746
0.10517885471001298
-0.011126930216192932
-0.009080730675443127
-0.03825581447377313
0.09029757278579209
-0.05501401087632163
-0.022169753609812992
0.04695192195347314
0.07358183277774683
-0.010941878258735493
-0.004649489739805279
0.010213110440860096
-0.028689320436965704
-0.026121830048088324
-0.10222698325715285
0.09084182209422936
0.05526049092718516
-0.07484867827096753
0.0707398966112181
0.07905664745171814
0.0523768590956723
0.010642424525390826
-0.007742565747634433
0.09249494892938631
-0.034260348979897604
0.04104393787794397
-0.027676907880041846
0.0016704388313930618
-0.06784713607166926
0.01531807272762653
-0.06848750091428057
0.0627362347696393
-0.02493670567414752
0.08959081293149918
-0.048043700892677066
0.06920628333712081
0.08485400565170303
0.013008412369176825
0.006131606509415244
0.10226258343544431
-0.004482154895191326
0.04956606165201327
-0.047241097481318994
0.03457808733313955
0.04095817772066668
-0.08671379528716205
-0.05910029261198846
0.0739302328534594
-0.024644325228097452
0.03703303886489523
0.07292406789231465
0.07225121569098547
0.011366033521287844
-0.021864214734190424
0.04244905834422946
0.04364184470025456
0.021769425479823856
0.06822012424652918
-0.1429905894604574
-0.03229631642561692
0.050652146694341205
-0.05385453057795331
0.11386219547963766
0.06875620718847414
-0.043694532955102616
0.07945498499953968
0.06332696308007124
0.07345122179094904
-0.06640965244477903
0.08955553681112044
-0.004609386159154294
-0.018632765291734854
-0.01854692516099421
-0.09397106997068572
-0.03863006573621841
0.062182505872652505
-0.09151127595858244
0.12427616185187951
-0.014929723220953872
-0.08896230667759553
-0.04719121490873124
0.043806489268027105
0.053916938515874424
-0.006827391789056114
0.030327721846164724
-0.061027379149609096
-0.011702861503744777
0.009740813814902494
-0.12798224904919442
-0.03991750027230334
0.05502749449258593
0.048113686571386594
-0.028545316727669245
-0.04314861097876377
-0.03154038966926909
-0.1309049014183381
-0.01820932950485865
-0.021251876125702007
0.06658667298952675
-0.05582261735463934
0.008370668543194848
0.03782840581827368
0.11131816962583585
-0.0733671000128342
0.011071226891882335
-0.005189239995504913
0.08519767705291625
-0.176654924297462
-0.05009531368801845
-6.235252860409268e-05
1.5705207209726346e-05
0.025932415252561014
-0.05107187986483397
0.0029991220714210565
0.0101347132018631
0.08396457239068267
0.020020225015128457
0.05959108152796655
0.04168471804466767
-0.05842063691329824
-0.16318038205466157
-0.008729495092925643
0.05472361194838199
0.06110994479162002
0.13489526479410807
-0.03588261236525603
-0.1308692294696363
-0.050025079186622134
-0.018830970605301256
0.006434302551782234
-0.07433642654561146
0.05895017936581237
0.11005909670712077
0.06966611577873061
0.03571882372251267
-0.07946960428079619
-0.024827628490372122
-0.0403045925406772
-0.14115488391068998
0.034925209391763135
-0.1564110884458153
-0.0336764592043709
0.08644786947907473
0.03970904131770375
0.10318067192485003
0.07648172344538406
0.009028399022428024
0.007114076147640425
-0.028670904267836583
0.05473591519583898
-0.06357759864076107
-0.010254839251919279
0.07348479579116768
0.0966941818013915
-0.14798721680164884
0.01832697985335663
0.030564461351062555
-0.163455309409128
-0.11166032360430855
0.013046208930395764
0.023864816876373263
-0.08612351514402883
-0.107648284207841
0.07335341919364957
0.022673710528634428
-0.2790321350872197
0.02339089356327778
0.1164665291432942
-0.028103160073242983
0.018137863917590702
0.06920523026841952
-0.022750463602106308
0.011033378936233518
-0.06625532310242599
0.015025905573449128
-0.052817399931714415
-0.10018354278119346
-0.15106011117902196
-0.05397523818356642
-0.10892047384663639
-0.018041683041272183
-0.02964445409026062
0.0069915310090215566
-0.10204134046104207
-0.2047693478983761
0.14347005971529858
0.008560663017902481
0.03298404688908679
-0.15846566617030722
-0.0052465740234176605
0.17799379430239093
0.022391817434386785
0.04264833389926581
-0.005593958685507494
0.04634498132571713
-0.06076947305731395
-0.026273501520660103
0.043952817571252134
-0.1418656251205067
0.010144548200004488
-0.1501682312623147
0.02144111902615098
0.09315306401167528
0.05365687662370855
0.17452865380943566
-0.14805086076311758
-0.1768573357130433
0.06418021097795129
0.040769782812454025
-0.04373080273977137
0.005369472655291863
-0.147025760971513
0.07495615625490082
-0.023467151187481883
0.15127510404422084
0.10450643631694068
-0.016508048357362082
-0.07690291601544352
0.07840485275152137
0.061115410229131695
0.02530366271503315
-0.11378087961889671
0.04894966381455945
0.03999328862347573
-0.16149191051827383
0.12193664971521395
0.034795821291846774
-0.013976490857551038
-0.07336975848273497
-0.10983570465965187
-0.05860826152080001
0.02243834427362268
0.047543441034475276
-0.02726794729771187
0.07273147216881476
-0.11662135090591041
0.014703414805449788
-0.14184374724272275
-0.0040294693626833356
0.10372353952321067
-0.06769676173963457
-0.02764391021935486
0.02803945763484894
0.09386520370829632
-0.05300034845612922
-0.08083090330274045
0.027496014092035115
-0.13284853424067944
-0.0504362217196509
0.12444466780707863
-0.027286319762836353
-0.059006430353269024
0.08806863631758521
-0.0494616882335408
0.15019807229307663
-0.013850036074523842
0.07365278943421011
-0.10884352129906194
-0.02983220862258895
0.054241516392818934
0.07847762781607809
0.02201203313112926
0.07251632425984056
0.08430614107013168
0.0036440117483614864
0.0645751324620476
0.016286273725548528
0.02490386005977091
-0.07584178877238934
-0.01591431980915292
0.15252692274617047
0.04326181894199693
-0.03651555515586857
-0.1401476366921668
0.013310778010734658
0.10007069091393017
-0.014938784075550604
-0.05295830376744126
0.0335536267346101
-0.08168196506752556
-0.12727325095002762
-0.004427996850165261
-0.06130696448462736
0.07933140360848989
-0.12297493141594407
0.1346935335273361
-0.27536026451454176
0.06491283731487851
0.00637588289463159
0.027480653834588642
0.015192366828723158
0.1645055642308632
0.051258707652695135
0.04555215736612683
-0.018846051267153552
0.09894429825840195
-0.008623399309067303
-0.019027881534124824
-0.09799783293152864
0.001111710632732299
0.10382305999555563
0.09704601981542527
0.055528124666335055
0.08036611351957684
-0.06705469629373406
0.010209822263795076
0.03282408474127224
-0.005670228205351235
-0.09015507552587576
0.09138098145658696
0.06390444577270105
-0.2016219392152926
0.08193499230758905
0.07156306484292901
0.11893054948415777
-0.04015883051610991
-0.13119838718793164
-0.05065991675245218
-0.08205467883297335
-0.0007807969696662642
0.06905302799561319
-0.03486091017362303
-0.1664465053733074
-0.051320540757431754
0.08149146242709926
0.08139727537097707
-0.005914890039358522
-0.11269334009757503
-0.04125169179983734
-0.010159747350260151
0.0016022478559655773
0.1727280916793496
0.135556830308179
-0.01833705403378838
0.09561659162564629
-0.027950299038760673
0.07780477128012458
-0.175937226726127
0.04271450627978429
0.021314411735694372
0.019731417498087545
-0.02698866431571545
-0.23266112709160602
0.08674563637189364
0.03791732946931259
0.04368640359701831
0.10836819318545038
0.1495040069437077
0.008996075787241375
-0.006964907702096901
-0.022481937466586333
0.0074399692101689285
0.02915809078690612
0.051414262490354246
-0.017101109708471895
0.13094457967023937
0.00618117555207115
0.027663944488045766
0.08833200903192134
0.10215860766328677
0.10574868176311553
0.020066565277412407
-0.03742858690032702
-0.04482366212584421
0.0252050251001521
0.01636500849936967
-0.03533800384667796
0.030439341082675375
0.08672546916481405
0.044513536454847014
0.10236588390592033
-0.05802239872602899
-0.198579041120731
-0.019691721774700577
-0.06581937803037274
-0.034839414200829255
0.008252277656599027
-0.057151888321265054
-0.00592340885971554
0.06120054130374125
0.05564002096651249
0.11046932043193447
-0.12028381023411461
0.05399724551333823
-0.10709078067305766
-0.026392806726123985
-0.04137738542865155
-0.07595781426931225
0.06961201413010037
0.05281620070029219
-0.011933731470949116
0.08077020970170062
0.07965602070642241
0.03564864917039029
0.0027994349011252195
0.01384416603219446
0.029924052935952017
-0.03502901743066866
0.02634844782319845
0.005869542547050632
0.10614681490021655
-0.0336960199552806
0.09156776240495629
-0.020861455972419396
0.019062063586012146
-0.030382674164863843
-0.07527155985622491
0.037213028944736604
0.07231773990930312
-0.1422703043114092
0.06008380655809942
-0.062041357083771675
0.022301579244347003
-0.02059439845576816
0.12887127087665134
-0.08429684398118498
0.12374949631773657
0.04107764886169485
0.028839486705342476
0.032156204645922726
0.02436472951878288
0.006363410508523015
-0.03861913521040872
0.037541368641190065
0.003911071772768282
0.0469624048126252
-0.11707001300214692
-0.05634086364170143
-0.034204800144120306
-0.024319273809241038
0.04226061296670125
-0.007439892530594849
-0.009302449634905896
0.00040913517236051966
-0.05421765100232079
-0.10629756084320208
0.07096606736803618
0.10073026358108017
0.023275884280804404
0.038068454298784415
0.05957236419210438
-0.0520062589950826
0.01790937676970128
-0.08834512286778651
-0.08305989969259109
-0.029493528416658532
0.009357181859329822
-0.05963506136022623
0.026880073786140213
-0.06037773946499447
-0.040174991873797694
0.01851036049344118
0.06190066709402137
-0.04003110825051237
0.02195024040456428
0.1333835872947745
0.06477079435693411
-0.054452408792181606
0.0749224518298966
0.11244209385296422
0.11005497285892846
-0.08874421087769002
-0.09309382966768354
-0.21727383524404964
0.09508095610198647
-0.03781842418992054
-0.019711336536232915
0.05146575979361667
-0.07188307381148962
0.010426837081180362
-0.034321534393503716
-0.014240697651880518
0.0541269809281032
-0.009780769378564202
0.07934335895503503
0.10188493788251607
-0.05508102586640329
-0.03651815509103207
-0.03157004976122879
-0.04160255124020762
0.0017353001945270563
-0.12424826012469792
-0.20155768271539165
0.09362947680585076
-0.025739535033583838
-0.08915109421225875
-0.03688837799566569
-0.22377721811193774
-0.17377153863864314
0.04521971369593453
-0.008901908999560781
-0.00947214833702037
-0.09930981683038298
-0.060674677909939745
0.19411518862336885
0.03525377952574815
0.15820210578648342
0.1957942165607992
-0.08326520082061872
0.05016405886991693
0.04996442563106279
-0.016104537521494433
-0.021576738363990433
0.043559651059996984
0.11923748972472725
-0.004747819452837088
-0.023158198731658586
-0.11964110916310022
-0.008799319211141632
-0.04430103990209433
-0.009120278909031443
-0.05881448429727476
0.05826845912477502
-0.017847005674365257
-0.023038667230830367
0.103790789517469
0.08762446100896593
-0.23905209978652064
0.04452350022760143
-0.03462363983682726
-0.01566056518781711
-8.820717064350614e-05
-0.23991182032813718
-0.05183362744435993
0.0004034486795490566
0.14205991053567785
0.019636051833810175
-0.00791311512660997
0.04396043987578513
-0.13833871266496456
0.026894662864673513
0.0777090838173069
-0.14316624374670905
0.016015676559194003
0.03851927157109358
-0.08040230946325688
0.06746753748245443
-0.24745518338444816
0.08493566033023053
-0.20730609484960993
0.03561058347581242
0.11856828367371824
0.08183008646221018
0.026744522088093414
-0.016943481638415636
0.03717349524402602
0.02130649538932583
-0.05253712730374083
-0.042874272416541404
0.045398774480067794
0.053293744428193734
0.06728757114318784
-0.07018375155387557
0.04152565598857477
0.06541868424870856
0.07764198756050439
-0.018017799670121404
0.14324115290498307
-0.02362715342941224
0.09930407403786629
-0.04516196048860688
0.12856131335477183
0.015373396994051824
-0.03427772587477795
-0.061255466952406246
0.17029754768483485
0.011793585537953954
0.029430658779120433
0.004310388322798675
-0.07665456581815455
-0.06097293596266906
0.11729015129000347
0.009932448117613568
0.05772657618212684
0.0003624017273055613
-0.0281233177480944
0.012726078997411128
0.1150923627471126
-0.09989393452125828
0.02187308236866181
0.003219974757738331
0.007352052149408039
0.011281929544774805
-0.08137373392102265
-0.11860304385042608
0.012149252819692924
-0.031077635591018726
0.027745283699678103
-0.10906799260811406
0.13337904076448498
-0.011071182539532987
0.020446408512399816
-0.13405563838260448
0.009797283623136255
0.09865779692296761
-0.11665216616188545
0.03925063198026907
0.016650030297380325
0.018386508679143376
0.03183623468909608
-0.1281037979237637
0.11616162372749461
0.022460294803075598
-0.058692565951095954
-0.05821702517614269
-0.12997437828749425
-0.005172447255527124
0.009102423084905997
-0.049554840637980546
-0.005774877018220659
0.06463507495005316
0.0005166769291473639
-0.05608704688768851
0.07904281419446457
-0.0031130711334386163
-0.02258476782034946
-0.4357327540133039
0.013666966869690766
-0.03404814001154166
0.15938886426159882
-0.06014021626027655
0.1493441446430746
0.06019375795603449
0.01771384038827256
-0.09826107731178035
0.03781498109898601
0.005120618877430871
-0.06292466925471007
0.046715490192964615
0.01856000216213488
0.04335390836340619
-0.02313338365469686
0.05301668020677691
-0.08785185829189346
0.07362522915636294
-0.09255921460483685
-0.03457106683737099
0.03524960633801416
-0.021945221537626125
0.1369262539900281
-0.009437722261608106
-0.14770716348418944
-0.010324562340222165
0.09241530311849805
-0.011716063388234277
0.05779074239288867
-0.17616735609065948
-0.014504959402231066
-0.09078912350393109
-0.10268171783435298
-0.10203254548411567
0.01170383783440715
0.028307705384253257
0.05786566268635773
0.028740546613756246
-0.0529053139313761
-0.04944515362980684
0.08512561753127923
0.003868969505437969
0.0670204693960198
-0.2791350551726477
0.04291921132442711
0.0041938108840282595
-0.07126075194763348
-0.049780920014296126
-0.1620361955359112
-0.04631818800383347
-0.041072301713437454
-0.0056068827129648335
-0.2885065930481857
0.07367217781443136
0.042726691128166794
0.025882695047696247
0.0008727587750335108
-0.10973610754972285
0.043786537949058124
-0.0364027058995714
-0.018780470653422254
-0.022704856139498242
-0.09617434512355838
0.03353035045628039
-0.12355965620474163
-0.1602018312692094
-0.008544524678068544
-0.023986728129943735
-0.004195802304869711
0.06142477668475316
-0.0601518745503008
-0.05313141878931471
-0.006012768572613347
-0.04001003032187156
-0.08252466000751169
-0.006100852869150186
-0.024130219641763095
0.1786456697461289
0.06182226191011603
0.00046575185373204375
0.059720873904860416
0.09294936537061738
-0.012096269476171262
-0.06788632615665813
0.038086497731513846
0.1152575434807987
0.04381012715730326
-0.044558932188863976
-0.03781761959502439
0.13461442345192698
0.09852588743245388
0.06600034079816886
-0.02380106057916198
0.002450412920273537
0.05953235398001189
0.015495166589406584
-0.02228769266891628
0.07617237221006873
0.06605777284348618
0.04489237577777527
0.028275044805835203
-0.104865826930856
-0.07114819105980341
-0.02188358059872153
0.10060931518089034
0.053531938717028715
-0.11377519243956147
-0.004811291974282317
-0.020654894515130362
0.04373649746329278
-0.04662025416152682
-0.03879962961964667
-0.15056960664378105
0.012144115597979621
-0.010612362195799196
-0.06415677098280803
-0.03671795584745807
-0.03060484042021283
0.032232293357519426
0.01219432626886574
0.07096563896871017
-0.10601996719669537
-0.012218092455257845
0.05991975246543457
-0.005624217378052854
0.007500131777101571
-0.07356197129920061
-0.008058823769016898
-0.07093576175774008
0.017529832657731947
0.008881866258625193
0.1329305434980509
0.09895671564836733
0.026205422666442102
-0.04767181048522928
0.006342890562774484
0.02946580054173381
-0.06366130919030166
0.12570948759629863
0.05139063548793954
0.06125556285151329
0.09578195241607973
0.005683039457748784
-0.051381228107281185
0.024638047139641295
0.11948883480873224
0.0028859933761515855
0.08733963896852198
-0.003206815760368742
0.03274101240112248
0.07854128361118384
-0.04690915301175225
0.00892443983018476
0.03888927313169521
-0.0036563049083093713
0.0037889209080830266
0.05266638858670919
0.07121975831895999
-0.0902249634132356
-0.08030753253017675
-0.0018864519870674945
-0.11325137332357704
0.03882771655015688
-0.12755776853459944
0.035175137839158765
0.011056403259477043
-0.011151553830766825
-0.12080634544755897
0.043395019920706324
-0.11101182539991106
-0.0022679712130532215
0.05090533906549477
0.08405005828977008
0.03504280891181427
0.05722159035190477
0.04884574555135057
-0.04213755796204832
0.027523374920670918
-0.014663052194963555
-0.11451134447116795
-0.18628109590537378
-0.03266056965560027
0.06825256508411193
-0.17808945596592285
0.03747437466214876
0.07112777012377808
0.18319802606601399
-0.14406706963504778
0.01426794555554406
-0.013049996717902412
-0.20149156888344733
0.14099672047467582
0.034089884902909096
0.06022484618614815
-0.0026584510718369314
0.12672067207261983
0.0622355246556095
0.025817292451220775
-0.08535293989935244
0.0036855461927780553
0.04967002804260279
-0.015430474819474016
-0.07242445457455915
-0.022955025709954224
0.07022943908385526
0.0465373270459602
0.07681045039303958
0.09798093388006868
-0.05990180715125515
0.013748806379713596
-0.0666521579827486
-0.007756546447731161
-0.1125332796189954
-0.07486865328683645
-0.01241656445216055
-0.04761813511276325
-0.03704089820087908
-0.12644003070885568
0.11019016290747374
0.03133285695633675
0.023855913331563228
0.137315744753849
-0.07070674729527449
-0.022046860882841357
0.04993653258526726
0.0533353035627368
-0.07341389884492466
0.09449831820240961
0.043751254510603244
-0.12523327018168384
0.026467263259711382
-0.010922038830222247
-0.005849923329979911
-0.07876834287305756
-0.044859653797526766
-0.006192009541965637
0.013482433992982934
-0.14634976578253978
0.04296068918542595
0.0429510047764019
0.1529185947965091
-0.377034436154584
0.048973455124667775
-0.10453602140570417
-0.14772924830536205
0.03335725254452021
0.035990284293157204
-0.04537820059335762
0.105329630123423
-0.00919944378488069
0.019535359600745594
0.08898189759276792
0.031019014271908008
0.013625123581846033
0.07225848718257516
-0.03500100848794707
-0.08765380264738021
0.04258915912441458
-0.007301938552492948
0.0011901715926020962
0.09179104132398269
-0.26610549352516577
-0.20313461018227286
-0.26123017520844427
-0.13651554485281647
0.07566874433795384
0.06596669467154925
0.12558806593403976
0.04616772869788227
0.01892835975838114
0.10572396858270167
-0.08854908066734557
-0.11569221442844091
-0.11389052644321918
0.15899553610485123
0.09240685894047768
-0.10451793802112663
-0.08294161787774357
0.07963827602762935
0.03387096354813701
0.02382308240737635
-0.01753701388390272
0.08505841974908751
0.09000352100752446
-0.05778116793460297
-0.17607302563332206
-0.03916811088747252
0.13426573199501585
-0.18031320096652703
-0.04818721405238602
0.0068387856687015525
-0.17758887834886095
0.07352574293210101
0.10260918621281773
-0.01812409418353933
0.011578158339149047
0.2088489951418035
0.04921880682089891
0.10394321550769747
0.04794880767897258
-0.21955316884968912
-0.021078542759696672
0.060944145122226456
-0.06350199180156935
-0.09973896281265782
-0.013674424456988299
-0.03192916347827057
-0.10798442588625323
-0.19560259615105502
-0.0820406630491265
-0.09362253204514637
0.06283146921490884
-0.009761736611992644
0.02385891068055901
0.00836532291565556
0.0624325706999061
-0.03336276849678754
-0.14139708325764166
0.026550065997019867
-0.09622399352738786
-0.04925778172258932
-0.026991476472867593
-0.20218111761584545
0.08317979512313284
0.006468079055745091
-0.08249681234633977
-0.07201506863083695
-0.1451893202428639
0.013521993180843461
0.036432659100328835
0.08603667204930304
-0.03837669877474148
-0.21107053304157386
-0.19873797833355222
0.021333749160742987
0.02043832771550219
-0.04057131374576883
0.11737272220213946
-0.10625145788608159
0.033214205925607865
-0.061762692845202194
0.11887366758530693
0.17782801912418944
-0.003414578012686298
-0.02069712416542946
-0.011504332590665856
0.01687416632875155
0.13021137056720927
-0.1243053412355537
0.004536716356783543
0.03605539127688934
0.020704741452460373
-0.057349685613207746
0.05100120808157216
-0.16097393697950557
-0.10720617408630329
0.10780874746420971
0.02189923356035095
0.04295318374684742
-0.10198896140913205
0.063412002781087
-0.05744976673802982
0.07546370489437215
0.09057928212086741
0.06367181120453513
0.08041674787073133
-0.012235440381899165
0.08741458328753016
-0.09959598677194048
-0.006134681903721684
0.08577958486358483
-0.011314243429244697
0.0073192679956395335
-0.044528562048800735
0.026313503519526105
0.12096954888461053
0.09693554699154133
0.025196599564258515
-0.04170549495377618
0.09316472012775334
0.1295767373601716
-0.0625369883613428
-0.05606331799703179
0.0739301075977773
-0.10041653927762717
0.0013432931291950667
0.01840378344329896
-0.0054056755572593485
-0.11816328549406863
-0.05989030341732149
-0.03513709163961087
-0.03439344000290401
-0.07103467278148268
0.0806070635468395
-0.09002806942255226
0.06473030430636362
-0.023257436506517015
0.02387604075088756
0.029539591689286437
0.07201678266739514
-0.14251558894737226
0.001854631351003777
-0.021409163086024585
-0.028722248168495335
0.16149844332960717
0.08702218244053972
0.006056210815042595
-0.28566698575593974
-0.07550140518693305
-0.037093883258517146
-0.09892528553601099
-0.003623304179638409
-0.3140949834856749
0.08628780007029901
0.18458131359177987
-0.03776352515515147
0.16785501936383956
-0.005187762939756202
-0.07698936953427249
-0.022948840433647866
-0.2866525371311609
0.06072487949937394
0.02210121920677921
-0.24596535664311014
0.04942687901275111
0.025135246978329973
0.14347254760201084
0.0171437934515814
0.07968117673279335
0.11052830672420727
-0.16040195816943204
0.10582937949640919
-0.04326142876614569
0.08700381921848233
-0.043014114999689435
-0.215127576588806
0.15948582728655503
0.005838182128868941
-0.0007781081578475124
0.08800532540581968
0.02267306395610119
-0.06862447491204715
-0.10586389849915334
0.06182796335927221
-0.08665088951355648
0.034512351354092696
0.05499471557231844
0.04187732219027984
-0.29041335687552927
0.014254129563450235
0.015263146310500186
0.03964423078361917
-0.04634626138278264
0.042265786487168
0.08165320726687664
0.06324928291018889
0.09483908328025281
0.09096297656717234
0.09271227404283111
0.0046172034095740555
0.08445123402593085
0.006088389957967344
-0.09339609904501356
-0.14416904041765044
-0.029925369976844474
0.042731166615114224
0.07981184494060123
0.03802824949991224
0.03395312303963227
0.06280326035458378
0.0016892229924886926
-0.04602456189892856
-0.19870671247259797
-0.14739759475927305
-0.032919129156329774
0.03497353317161178
0.08429621637273543
-0.18533859812727738
0.03282191657308475
0.016843465658450796
0.06800431688308817
-0.32644181556232443
-0.008192641539109369
-0.03233671324783338
0.1558887581893733
-0.028764239044087536
-0.04394291957112828
0.059219445503380985
0.012724971135301577
-0.025243089550311515
0.020546585798015604
-0.14502723131122564
-0.07652659357196712
0.041353702440617035
0.02688125111770251
0.07850521377486214
0.12379346499463922
0.09515407501124451
-0.00774718868043156
0.09304007322276259
0.036582420402197724
-0.06880450943076732
-0.00797475229144351
-0.060016149325643364
0.022019449516591294
-0.02684864123753261
-0.0007098149102793272
-0.0965825775653043
0.020116203896149487
0.09475959162324671
0.14701379423968358
-0.05450748006394113
0.11943687077640269
-0.03676749607357255
-0.3773536112051269
0.06422898780976755
-0.0155641929585002
-0.14979198013553563
0.1362299464471292
0.014939790980460499
-0.03921500708601311
-0.27110805955178907
0.019499797318504875
-0.0418811926867263
0.09062117596548847
-0.016152378226795494
0.034812733343716595
0.11573937353015717
0.03104863222436116
0.13065095614369188
0.01484807369305663
0.041157375111527894
0.13517830050531832
0.14071993666104182
0.02857292892176
0.04708588067766112
-0.05096391684385826
0.033046012298216854
-0.04572360705003964
0.041453447167234425
0.10421573179689864
-0.06729212373807003
0.020773568879513926
-0.03396555237606669
-0.1743120513581755
-0.02531365814212927
0.061352089127292064
0.11139945961118813
0.028113664300834118
-0.11066475053248714
-0.053937412391767525
-0.0844863005535843
0.09095846263130825
0.0012646915435158834
0.10171878002857537
-0.010424671833995203
0.008077836216933032
-0.11405083448142306
0.025046255096975778
0.030062518671319594
0.010384960420121159
-0.01455850472977982
0.017421323498949925
0.032081997325995926
-0.015664401533719396
0.11548167313748697
-0.06914687188628166
0.1375546458404457
0.0324130724534506
0.09731948279927227
-0.10274841798942058
0.05464803623577141
0.05456407616073461
-0.005615613881889137
-0.0879919354577271
-0.03525282354585746
-0.17264838957172413
0.058582964792037395
0.10343050596758402
0.11269834535713719
-0.062201860389948904
-0.005704539360232741
-0.048700926747620055
-0.01531125764584551
0.0552327698384012
-0.057646164741062766
0.00030011774162086446
-0.19883531062423476
-0.0945588265651327
0.02030193301704536
-0.05557548815785751
0.007046714256996378
0.08068714255235598
-0.05687832710204055
-0.06173287378688652
-0.16183015440388782
-0.10041141152111666
0.039014559256058956
0.07107928802220331
0.06749108865049108
0.11044911086197023
0.002479110830065967
0.02842663629637887
0.09450771521533563
0.04574688491436674
-0.05732591029987677
0.038707832726839975
0.03112679818760422
0.08021560250697762
-0.198253535752553
-0.03375821126590084
0.1105119598085661
-0.07915236707646545
-0.09979952111372326
0.05465727759699479
0.01152584635969195
0.00740575449115527
-0.0221458696729524
0.057968673843494245
-0.08357914868130423
-0.05671663430387597
-0.08449584825454604
0.04181152305485247
0.04442970700403198
-0.054781153017379625
0.06741050553362737
0.04249819535758931
-0.03315730010968054
0.02310533682592314
0.04638167273102434
0.07919716401576893
0.0015730478203000442
0.04096990746915535
0.020300467743194495
0.05324461366402433
-0.23527163964565412
-0.06227333917764377
-0.059379200166886026
0.09927759067915021
-0.006750677867004451
0.07562499217272783
-0.018333173393988322
0.09807724865187428
0.0883194486971472
0.009746663153056223
0.0442002853141763
0.01686585364404386
-0.059208523021319626
0.07028849662624803
0.04223279036416128
-0.0009856381414096171
0.06354185992078881
-0.027617033125802437
0.08128333886139927
0.002822508769698251
-0.003817266746893422
-0.11618957343987057
-0.04098048788130748
-0.07760203957122025
0.012839017617093773
-0.023352313465903274
0.07216543856814872
0.04416140745377972
0.04628233324581127
0.002988869590043075
0.06244320259945796
0.04101748635118324
0.050680975728413236
0.04425434580400983
-0.0009746312542582292
0.0675891856978989
-0.04969861764655337
-0.258192624064586
-0.0420549405669548
-0.0660063186265385
0.0599284087694707
0.010766013824253684
0.0892949993453459
