0.4673345139926964
0.4153379878192764
0.4076597942763772
0.4343127029309434
0.38214515880709793
0.3910025551306924
0.38903046227052085
0.403442711137868
0.37676422872298154
0.4098823182661175
0.37449911600180724
0.38538033933279
0.35769695345713326
0.3725502415116756
0.34562370504479567
0.3831630990247595
0.3337664081372389
0.32007102478895644
0.31759267564870886
0.34998176107029855
0.29988714955295237
0.30879932151326295
0.32270176539693385
0.30711405833087213
0.29525686125099326
0.30391414315829846
0.2816294289894776
0.2995631114130741
0.280941727281687
0.2449658093097437
0.297419549691627
0.2841440028665193
0.254062382894117
0.242284788496818
0.23358560623164032
0.26977712800301806
0.2298431153766824
0.22826589753360216
0.21830205093704186
0.23058059777221895
0.24167928746010375
0.2555903125040616
0.19533728732760713
0.22215540102902365
0.19049112737706037
0.2257419146953582
0.21023689848707294
0.21345288570314402
0.20562413782906325
0.16075477546823896
0.23839887175074598
0.2023359615698787
0.20151066107154258
0.20796205376965393
0.2040392488867383
0.20814572046530222
0.19466723380154755
0.15551758156403678
0.2043095781804226
0.20653031878091732
0.15501940205210107
0.19414367462614385
0.19755472672547442
0.12213103865911457
0.12302331965706792
0.15799641112722868
0.11945209304834487
0.17781061212798122
0.15728121095497022
0.17820730942738283
0.19731996112390282
0.17101206862446972
0.16266324692195977
0.18481257565851023
0.1926902060430326
0.20133195754848032
0.1041185005233502
0.12158834771421989
0.1205315236665832
0.1674649686818691
0.1399424521667486
0.11846380021811853
0.1554824696028132
0.12024891245777225
0.14431092871385215
0.1572842495593924
0.1781258481093651
0.13959537509196146
0.12620669444043991
0.19008034000076013
0.13958677153594778
0.18017086526656345
0.14853251206560814
0.15288247694669216
0.08207551284847292
0.14395208692670575
0.14426355594597812
0.15175244796855553
0.14226782327301357
0.03733498508346056
0.1007026007482481
0.14505181119173877
0.03514762713993114
0.19308166097825424
0.15074924430572473
0.13927088734708482
0.10374231971813619
0.1456565861684881
0.07329947776260726
0.21283418016690192
0.052951658900187715
0.17127069564926828
0.034354026845353436
0.11213119574631336
0.1747736839487689
0.05648022654463364
0.0699218950948095
0.15507810888634116
0.12976325586190662
0.11865455898201271
0.11138677320431306
0.15439065913555106
0.14195625318667426
0.1734536727527724
0.07798336516110266
0.1541015604930191
0.11208822994407996
0.18795812306004517
0.09726255668941058
0.07922519206127882
0.1372732248877534
0.08732643595406087
0.05872137687425333
0.0594063167555855
0.17367042310183
0.21557877390600505
0.049205257428661164
0.10376435471035544
0.12968304162776984
0.11921113711654102
0.13628130094620428
0.11873111290191707
0.12393860765192666
0.23246820400118923
0.007041874987530894
0.11795052268290851
0.19217997573627682
0.08478375885299394
0.10825954122257309
-0.20030659709130927
0.11974694978103839
0.05975046101932746
0.06672981487655855
0.09309663943532787
0.03795024095596211
0.020156819053925024
0.16543036528628013
0.08089199038185735
-0.02111245637194159
0.06840892823670913
0.02224202110546919
0.2012688899377641
0.025122890115664376
0.08570156845144644
0.20040132559946444
0.11177582880203707
0.0953686036446047
0.10582313113670916
0.13462341987389476
0.09563830404368112
0.12232316982686064
0.03465381777389587
0.03896370945123956
0.0896674955342407
0.11540305520340888
0.004400505673570476
0.16714644737237894
0.024225112367522172
0.024543412704495948
-0.0056991084311404094
0.15855603536572455
-0.20770292451197903
-0.036736604052824084
0.052391034390939395
0.14227272891937787
0.044577465632543445
-0.12800486519949839
0.12793285338734972
0.14676369468931816
0.08168873733974663
0.05559561314129691
0.14909795217006422
0.20652954313707655
0.13832528860605808
-0.006518619755518706
-0.18116523548278707
0.158952199551056
-0.0590108376739622
0.16860669458601363
-0.07233040506821864
0.1034818511444171
0.22528037368266413
0.04033905853022274
0.11256069264689456
0.031584294687410364
0.21485530441524026
0.14805557383693618
0.02119384738525576
-0.08567182966267362
0.12971743304251404
0.2206768541106076
-0.10767345586405552
0.06645412499637676
0.012729026082089145
0.1208960365151005
0.10720787020804096
0.032795738029711585
0.10769641979145816
