0.4411991054575101
0.4408694879885511
0.4276709397427267
0.42398933019519064
0.4148476879269507
0.4081130516100576
0.40499931302232595
0.4009347200280269
0.39309527665259963
0.3793320612384372
0.375337524968257
0.36718949491339514
0.3612494628806895
0.3564953363403078
0.3476306685183848
0.346997615311638
0.33575433833354795
0.33130892787453303
0.32108799847028135
0.31591598811541055
0.31381870833937325
0.2965870681398268
0.29360840213299944
0.2845730959877647
0.2749190104606474
0.27279597584543935
0.2662075076268006
0.25998926029656705
0.2495660871629123
0.25137185847448823
0.2381247766088317
0.2359764300542327
0.23457591554020796
0.23202010337786072
0.2239650621111347
0.22638017220133277
0.21917814970104343
0.21587503959880344
0.20675819511222437
0.20891131386067308
0.21424810539157801
0.20606926250228125
0.1939953516846854
0.19137902664360468
0.19697078490645586
0.19472590481529123
0.19189910880934063
0.17330277458211074
0.1773142096085646
0.18147534574186364
0.16676290710475378
0.1815919471015277
0.17876805948568925
0.18280430365496003
0.18334681787464918
0.17271852679646177
0.17225634976460708
0.16416710623962877
0.16207947298961917
0.16794977713726722
0.16991208065522995
0.15880593504649015
0.17337046314382887
0.16034208064520278
0.1687392821383148
0.16431779772153532
0.15092454686015272
0.17203915528862923
0.17047615542414846
0.15310855159871728
0.15981640029219524
0.1517898996894239
0.15625198354594722
0.16680594464834542
0.14517831368502426
0.1402075169928363
0.14739353559330787
0.15201090091529373
0.15791056275310172
0.14248229751674218
0.15511388301895923
0.1565743777097911
0.14099698615308365
0.14772323930136178
0.14824754642109467
0.13603141411211084
0.1352264760014661
0.13811515787416506
0.1412018964417811
0.13116660587693935
0.12604861383049515
0.12288745376728999
0.11375092042524315
0.12371202791461733
0.12929196343763327
0.13271827669408254
0.12308008604439002
0.10874490301400191
0.10733867456183532
0.11053587765753892
0.1306847783836898
0.09916381746603309
0.11697561553609714
0.10397790115804473
0.0850824787729037
0.11935941499701258
0.08725081518778482
0.09540337164363649
0.08941249813441154
0.10312993366029721
0.11229665005258399
0.09051254185158697
0.1144950972714871
0.08033102655209984
0.07673328680208247
0.06671124161650899
0.1039549487105359
0.08052087932517155
0.10166630942079091
0.09838364804096827
0.07492369654472397
0.09174199863791532
0.09053097522276998
0.08493297111357467
0.07110338960306589
0.08840588109128855
0.03321904422938421
0.08786080546978275
0.06479937159878524
0.10597381011476326
0.07741310868524526
0.06374370656561024
0.06642813646602991
0.07724501072336121
0.06097089817921536
0.05644541256981206
0.08956264720567636
0.07836641260929289
0.07547522796990347
0.07957562820446518
0.03371663554880605
0.09399720067913064
0.04228405918309647
0.03657276610797838
0.023045318961838257
0.013878647452015835
0.0756341963530352
0.06443190237967883
0.06796552477609097
0.016167515045840186
0.04658529037907655
0.09501834100150641
0.023221672817470007
-0.045359376768330795
0.03526891498255741
0.10829961040660391
0.0629347329836859
0.04934217396557472
0.03908768138387819
0.04363433803890826
-0.004257376842739857
0.04488551938464763
0.09601661025369057
-0.007389227812691579
0.03705267240264887
0.028756458514698102
0.001276490698785604
0.014194259533321985
0.08602796920658617
-0.0023618058588078528
0.031246086833028264
0.08413550438563733
0.039512348761911176
0.004129208221089364
0.036411410751703066
-0.020543924796488255
0.041450735913281855
0.09853611055811307
0.026802781221559657
0.07310874888673186
0.006324578755457222
0.02988405968918245
0.08988894386470886
0.09191378997300242
-0.025885943742023576
0.0440584552147697
0.07338555183566953
-0.0030941141086447965
0.04287347603394098
0.015354386345085569
0.037408373167315434
0.05467679267824754
0.027162114124601955
0.0335733692831271
0.05737538856913915
0.005594478355903154
0.009076912418764016
0.02466504710632511
0.03618599529057043
-0.007830163884058439
0.02954618473737658
0.06097871857888726
-0.012599910287320104
-0.01746427893153568
0.04357166738080609
0.06355399213725471
-0.08113861981055992
-0.022913797415408887
0.06288321326309626
0.005454092469426575
0.018729642705169525
0.00022517760817120092
0.008902184487576736
-0.015122394132281336
-0.0803045745807941
0.010393442229897243
0.001956642112831364
-0.08579813729359553
-0.06702636290850927
0.020936909030362327
0.15109875261834915
-0.15199801524174938
-0.005129898928505461
0.00797377210174749
0.16292902354924904
0.07645257451423487
0.10113286336890759
0.05507711184626013
0.03532251632722233
0.05648550300890143
0.00862217121912956
0.028053086422828666
0.08611164011385636
-0.018035569083384995
0.05554823726018859
-0.058833062963713156
-0.004362230907596132
0.019595597834075384
-0.15091142530965884
0.06317475476332962
0.07478018909964967
-0.024134766089061177
-0.014042108134578402
0.04416754788242594
0.11156300420553728
-0.02856694644011748
0.033290291484907475
-0.02670342726910524
0.04436623977189119
0.02605853461910579
0.02260410097487442
0.11049267875449903
-0.007672296469903195
-0.009589921822500735
-0.13971509196782017
-0.0523072070834788
0.004872501609585023
0.05047441653368967
-0.03252375426077048
0.020855129950584805
0.028517468171971483
-0.007740603578774263
-0.06907717259262913
-0.023316712966057085
0.004915151275907748
0.04101193447620538
0.05156094889841878
0.024607687575729953
0.01238219652654865
0.02570542335602971
0.004653779947562109
-0.01691639047542237
-0.030850835218465544
0.005322614576458717
0.0023641435773760766
-0.04973371301869556
0.037826670889472946
-0.04524543719397922
0.05654110839364501
0.03825220885017405
-0.07091199603558074
0.0023797446155912616
0.015175482990802625
-0.048638423408562614
-0.0460685246522462
0.04706156733876449
0.015413635919667323
-0.0674560868197388
-0.007013727291073413
0.004543152259669836
0.07305046955494554
-0.0030911685586932913
0.02419057056534102
-0.024500997552908244
-0.07407473376467377
0.0655581318620092
-0.054539724548709034
-0.028042527431058062
0.10520595337592481
0.08765648334444937
0.05777262589973936
0.01191999934507687
0.049084342114261936
0.06266956402191787
0.14386633255651865
0.013964214318827328
0.007484508311803362
0.09869868879549759
0.048171314472123694
-0.007018321621220847
0.12250514215102709
0.07590547068709824
0.07629420042413682
0.050067801859253414
0.08300245881708662
0.05954808931771194
0.0027912345470119115
0.017711807729655193
-0.02645396828035762
-0.012274805637637054
0.0881851817502618
-0.00505367757421582
0.04665311546273304
0.015360082929281316
0.024705376958655656
0.05375365794798059
-0.05130222460818268
-0.015061518261739182
-0.10833883369995156
0.03241891739959263
-0.07931888670492737
-0.00239965323816127
0.06398181944399711
-0.05508987379654884
0.05307886165690945
-0.04819249347445809
0.040411643874997016
0.046246453336702464
-0.04930521480703243
-0.15354964096201662
-0.010385370149008977
0.10467029270304168
0.06412945231812706
0.10699812373423556
-0.036813033201848255
-0.03442112201610481
0.04973213951822525
-0.01626626422773836
0.037926606193150914
0.012595045142478334
-0.04321450069706223
0.07052411399838171
0.022339588141422673
-0.015374049498802944
-0.04099213309408911
0.016995440382873817
-0.04264455953225965
0.03751872259561273
-0.020825863219313234
0.018483565259808432
0.04837872459720438
0.01931780814245243
0.10715942925658462
-0.004022544203004741
-0.04598334577670149
0.04697597304352219
-0.011500349134611954
-0.02417276303987903
0.009049014134227706
-0.012070425152401643
0.06781451355834517
0.08654748277614316
0.024737449654476162
0.051011347763456616
0.042821630995791504
-0.053814552166038365
0.0654762435096854
0.01629339704001792
0.07767867179879279
0.015224662237526387
0.08765762994983722
0.0041237308088495905
-0.010649101026806496
-0.0036295532783314766
0.017127158593786496
-0.07089217189782593
0.06451307845598414
-0.07407296085569193
-0.05129247714269802
-0.11167214607551113
-0.05120120721908494
-0.04516556834589114
-0.06582897584546432
-0.02488958493980109
0.09871778653439134
-0.01472167918293088
0.06488065577851182
0.035929387780796795
0.0023147570136978213
-0.004031197660815611
0.020791161427962668
0.0850624292442011
0.026068530083709684
0.05076314883434674
-0.06235822790272594
-0.09358372303681439
0.008172099612101191
-0.08654619792265994
-0.11170090490946272
0.14336580624366163
-0.08812807844484494
-0.13945647930325467
-0.011321056492357928
0.09040577665900046
-0.025550479824874683
0.053413197205148755
-0.16835892757664128
-0.013545245789228777
0.028857949396701554
-0.01648484705598874
0.0013361259618767107
-0.12756459461257852
0.06947847183802702
-0.11553579332438768
-0.044021572156393685
0.050457355173934404
0.07260262282061436
-0.014077844480556045
-0.06404761401884562
0.054140154475105284
-0.014858470314527916
-0.04154921985900395
0.03807163522176765
-0.05544382810492776
-0.07638752821694861
0.08241115587064596
0.009525861008374437
0.013683298628368479
0.008317695940406766
0.03243457690531326
0.05431633088289084
0.06535729935070816
0.0008033612485442432
-0.03961983732453134
0.04216922773932347
0.05995872789056916
0.023551121441379996
-0.10768748009612072
0.0006242437533401923
0.10193206807090238
-0.12168879004122712
0.011117509490016164
0.10043696243344691
-0.08167282190536429
0.06262417982154672
0.007022927219824837
-0.009617883278319805
-0.013587836432590539
0.005361416151967502
-0.13630953211113517
0.09137090974612005
-0.022393786523277615
0.11213387688396781
0.002090997291136598
-0.1270944501213176
-0.05353710398031264
0.07104938914093945
0.04847882105877449
-0.005374325012241998
0.003975328906289266
0.07620974544288617
0.052155322062417075
0.04644904697706209
0.16325934653417468
-0.005981617327041389
0.03783827195376677
0.019640583688558366
0.09020315832953069
-0.014578261144312266
-0.03880769709624665
-0.0016293517643970468
0.009760273276913312
0.014236668781036688
0.006899064950350087
-0.03750558746943622
-0.050508682325866916
0.04477149029379551
0.0051126088210585174
-0.04455632428488865
-0.016417372781172612
-0.01779262298426676
0.04066635322736378
0.02913509217679333
-0.018537677682638143
0.03194707163915139
0.06187274373124124
-0.008696400349753608
0.12381042765866684
0.07160342713583695
-0.058346268018446446
-0.03243820842803635
-0.008874930848672746
0.007449082511293059
0.0627489885201521
0.025752294974063616
-0.02458298193560482
0.07029514755386806
0.12041775923827863
0.12392890166976267
0.04208514973777666
-0.05562957471620367
-0.0006224641109510154
0.0003545753637923532
0.025149310672336556
0.026845995886151608
-0.029314366374142087
0.04429551911623514
0.041098336435932026
-0.0054515187992904
-0.005991013744950702
0.019885136357765343
0.08635660236400539
0.0411458329957306
0.04449030520138414
-0.0014844754141256633
0.019995877622485836
0.018437138260704478
-0.005029055472998034
0.04299619968573709
-0.004728052644470071
0.05261939785295433
-0.05430798145826521
-0.000264310127655043
-0.007307418934489607
-0.027323744292110153
0.03910163208116385
0.005098231872549042
-0.00411389898874015
0.010565635323959932
-0.026151937427310923
-0.014021435051092102
-0.031561535064896895
0.0680057051237512
0.08071518566953556
0.07419198271720073
0.02964465163119734
0.09202011743681993
0.004828262967163155
-0.07590288973671289
-0.05508117724245598
0.01780861229785541
-0.04189372288160431
-0.02389606082593687
-0.1373555550552037
-0.007190983902043757
-0.031667026422403266
-0.02011415037731612
-0.023193705628691053
-0.01929261460559928
-0.02921627871651533
-0.02680583208067977
0.06530553664080752
0.03531254441938353
-0.044087612611712346
0.011585343013662264
-0.07170770414214078
-0.09930827945467136
-0.021632876871337525
-0.05383559340072719
0.002956061264699439
-0.0038990253703845568
-0.13522320403419308
0.06789948200906509
-0.001520048989534284
0.006208391156942328
0.04075962240081188
0.05666194209363362
-0.044618367494244304
0.06550930894682294
-0.10759277579290571
-0.06162178290781184
0.05652138399236156
0.07331495403141608
-0.0666981270781557
-0.08416641536614922
-0.009878332589873806
0.006226171995537488
-0.07561643646263116
0.059196913267685614
0.06675475900698591
0.08938487901751813
-0.05709600608769094
-0.061252124071997094
0.049877005896326765
0.052679560495753563
-0.07538375169625844
0.046041258278664676
0.053537891040099206
-0.07817378433660194
0.035897344458795666
-0.0017761179181884357
-0.18272994503355644
0.043045708953634965
-0.14553552344685394
0.11698987404736727
0.021338841372710582
-0.045140454577330735
0.01823551713878191
-0.2181098264949599
0.0568395274278683
-0.24363758922768597
0.03205583873408452
0.13971416441831147
-0.14641069606409152
0.12183816624656629
0.020939876340596075
0.06750179464817208
-0.022022915877004334
0.11184809380159061
0.048939460584875805
0.12152643882182673
0.10453001612680796
-0.10199393915084853
0.07021256256778996
-0.08688509291668689
0.00600838662280806
0.022296585149589876
0.017755348089568246
0.07868058851568471
0.07279221798320185
-0.03626101523061709
0.004143586658314158
0.00033412877886018766
0.024489282514731148
0.11146563925429936
0.11451424799692678
0.010881163245266112
0.010323950468058452
0.04291079990565033
0.0881112305968148
-0.07886677323602487
-0.06977958774953252
0.0478375517096028
0.05014102732703374
-0.038728052253875433
0.02995626995331191
-0.044421393955605404
-0.08541741583266138
0.03133900351229302
-0.023528769095314317
-0.013558393243019218
-0.06002333232139234
-0.04965270833789126
0.10967893402058165
0.04079475657914944
0.028515236309137104
-0.028343733356103518
0.018750142253607327
0.03755734941966499
-0.017346046242613156
-0.005680188643115813
0.08459942193719605
0.024814506331546582
0.032424252441766443
-0.036905884898739694
-0.00130912188875687
-0.014718851379710185
-0.09943560171446697
-0.0004259591274504704
0.023267124659461402
0.04210293857279218
-0.14096451393226117
-0.17309016961836055
0.033563753711291056
0.044459620410442546
0.03812126841331137
0.03910986271896866
0.0027732821804644092
-0.03227227240196762
0.02413620039021186
-0.058552539724959995
-0.003133762422013797
-0.20288322358605748
-0.3049475334587636
0.04735974635273571
-0.019057396304786756
-0.07444152738535292
0.096976979191089
-0.0260933935954325
0.005866218788851241
0.08267467771449072
0.07236273907370494
-0.08091894846561165
0.03332268614999656
-0.13302316058524766
-0.068782047787464
0.022154442010832553
0.03823692588302868
-0.026225452359009416
-0.02202659972914245
0.12697357974227635
0.07770392906013662
-0.008969144011344743
-0.030609202446767902
-0.023050695876187466
0.05849903506467391
0.05123794616996402
0.06227928407073546
0.05239563142192516
-0.08000246629912677
-0.0851542891733783
-0.04028418265973632
0.1296139700419484
0.09967393663010227
0.04027710312497085
0.09094305225635457
0.05968484464245155
-0.049892195254959915
0.047440472422854985
0.046789672317058884
0.08445101898526686
-0.06023639106076084
0.00900456520510301
-0.14219143730799033
0.006784098502500391
0.03933066668117774
0.05077752352046272
-0.07363345461405457
-0.17660217608864281
0.10689404007234637
0.007010055364595702
-0.2104279337243049
0.05071985135837881
0.041800939830736794
-0.051119948774350776
-0.06384251860707857
0.008120234881692778
-0.1022916961130862
0.01224966180253323
-0.028320746180517276
0.06210437066184776
-0.1230428904354205
0.07036438071119633
0.04227661583748982
0.03180406095004873
0.10321835438702742
0.021930181224668333
0.06911005771433082
0.0949622935007009
0.08040804703875709
-0.175752533577339
-0.03844917014203986
0.09147788080798686
0.024267097000244875
-0.025980022583588336
0.02837710022621409
0.021930771778121638
0.09187078452114594
-0.06897735221035883
-0.04253935561145883
0.01038909443048136
0.07051140481051643
0.06584068145693278
0.033864382811916505
-0.0846234012602084
-0.013955347778357496
-0.016534347621720014
0.0059350678612882235
-0.027367643187236723
-0.02221347107137639
-0.01178252855793882
0.03317288516009981
-0.011846845485095181
-0.026123322325983023
-0.01957696224166361
-0.07166593337352556
0.015259310659172132
-0.0005646992405701212
-0.07522689588816445
0.02656003530312384
0.0658296360074282
0.04469250465816432
0.08720002426430795
0.0062418697472468865
-0.048911628523663375
0.16088299145952228
0.003289106183199275
0.06054368332604282
0.003806398596147842
-0.23883406284857234
-0.06176826472426211
-0.038618227454707665
0.07635653251883279
0.05178306972669844
-0.12453789001886129
0.009113423991659597
0.06785828245639947
-0.007742277658730923
-0.023034297489773148
-0.09403314754631087
-0.01884963468105516
0.035284224521614616
-0.08036599473691586
-0.030601006905105033
0.09792028955147952
0.0017924680161173212
-0.1304456907755588
0.041505004149471836
0.0007785671684152895
0.06376244648855267
0.007800455139014173
0.0803763447605555
0.02614453289135782
0.04840476507345226
-0.03198912598600934
0.025857610591601077
0.024793138465574793
0.09318252235748742
-0.006956773735802502
0.07303444746777632
-0.04561234372180367
-0.026419328285799848
0.03546121443407235
0.07187704275869455
0.027757659128529122
0.029439493361313962
-0.0736545955944875
0.11447813101173188
0.055546403555332025
-0.008932972288329788
0.10102882381695694
0.032851846176981725
0.026585143755789853
0.08408912981452332
-0.011066814809457926
0.03368750618859406
-0.013636318709389528
0.012234041786298055
0.06560943203387803
-0.0014888987470131898
-0.016575875002978524
-0.033428700554362645
0.05380057785220149
0.018755428773215954
-0.012652421718756357
0.07119649414578655
0.008256729714887112
0.016941647043200503
-0.025319193281920338
0.08728626054079519
-0.09949417676764083
-0.046716956383952124
0.058141622668387904
0.060834227825109555
0.01870785913409434
-0.007169961340233066
0.0026725922162089133
-0.0074385866984261195
-0.03165202206624329
-0.05458945801576043
0.05618814719555415
0.05007128186138865
-0.07949719742856853
0.04126757492909827
0.09608061425600051
0.04524034669277788
0.0442726835512125
-0.020775073694040636
0.07521732329136266
0.019345961711465798
0.038076484959475354
-0.02386284168902686
-0.03737638581289915
-0.01598765389600365
0.022720861438991713
-0.031405055191143116
0.09193631017939785
-0.00023975954583888015
0.09883484945251036
-0.057692289359860593
0.07777368367144705
0.0809218649275183
0.023398787955643152
0.011545355945189795
0.07936641687056145
-0.006013507132893392
0.030965978385265158
-0.06372765860382057
0.035346424916053276
0.052680535436890996
-0.0973815418646462
-0.03665405299425151
0.040238940743620666
-0.000558818929201621
0.03715992296530962
0.10083202952207404
0.06082078088977605
0.00029239158791055653
-0.022336042234507025
0.014776048518717166
0.05738247412615288
0.01679125262420672
0.05066647259623386
-0.1198192655047603
-0.05194956730512412
0.0598616945890576
-0.01440424742403934
0.1005494810861417
0.03555191188442297
0.008474134116898624
0.043558969030716876
0.05712794817427119
0.09352221191501842
-0.03948776017904543
0.13903536525995047
0.03259367426491444
0.010466455767530747
0.014185582362036597
-0.05594122322981521
-0.016050113976603275
0.05132962340391495
-0.06623009317656137
0.08725669407458275
-0.00454015388950102
-0.06964688432359822
-0.050335783268297685
0.03383477493846476
0.02641909741880738
-0.04192315157171689
0.023095211116783254
-0.06230619009517302
-0.06383316469648037
0.024035852245546274
-0.12064086326730672
0.03084345190229293
0.034214216873360126
0.030584382860189274
-0.12556407056416408
-0.058630402246196534
-0.04536455624369984
-0.15718011610438598
0.02071221058426953
0.0014070800950056195
0.05097668672811967
-0.036792375230097485
0.016953230295595256
0.044929879609264145
0.13106922368078605
0.034169885810470424
0.03539960735367764
0.02340342159359804
0.06566656158501077
-0.19262051998441243
-0.020906707177237305
-0.01852994301714439
-0.02831467663353948
0.0832031493347154
-0.06137787961181573
0.04396251872807472
0.06027867584834151
0.10167315917751535
0.004867724438356924
0.06038694444107101
0.057453772687646176
-0.06136087701436588
-0.2043048370601409
0.046775357295816944
0.0711116473463344
0.0612555759469216
0.13135063339933817
-0.049269412185836914
-0.14405167283247255
-0.05023213704206886
-0.01971102442212702
0.01224883888404682
-0.10375363950251182
0.04995789996467992
0.0822862155131231
0.10018814628529221
0.06792709111369605
-0.10970311548733136
-0.04205838422375874
-0.0642567092300762
-0.13001511938503063
-0.013280445768389604
-0.16585950569396435
0.006672132661871888
0.11344264065126752
0.02115144638340355
0.12964339172078132
0.09391513860374495
0.006589205728401604
0.019601300598796334
0.035305045908300525
0.07327299265409382
-0.07467115670269597
-0.052556891691309726
0.06106697244903181
0.07972501479987526
-0.1252745142136883
0.04451953751321186
0.02654854784418953
-0.22456437042128952
-0.1077750425025491
0.041512921450203466
0.05766960299469914
-0.07176704091274666
-0.0966705742240076
0.05779954156027034
0.012449703635913634
-0.16880208740520009
0.0030561373379177637
0.1373634595856133
-0.019267420532534052
-0.027742088490841255
0.03656731019872633
-0.012040735006634717
-0.022809291080800653
-0.039000021935579166
0.06764484728338332
-0.10634898967668693
-0.1255239444393912
-0.09489857788640521
-0.06272863427904318
-0.10571734600473981
-0.0424663145990436
-0.07385880905345699
0.07107004905152631
-0.04810646601320967
-0.190725850764762
0.09888462439894746
0.055340226994763875
0.04094000879737497
-0.1387164113935988
-0.04114542004752486
0.1435623859231383
-0.0054351134024041015
0.08348456065536608
-0.03115335439014244
0.07507240076562777
-0.06079987649366925
0.00799261643607807
-0.03544518807127239
-0.10836254983307791
-0.025161519829033474
-0.13928756490380445
-0.017661974016051518
0.08063880372045806
0.0474917141258287
0.17827325906299785
-0.1090311037466194
-0.13183350989985299
0.03409341579656838
0.05933903143560776
-0.04268552841436757
0.02976603909556358
-0.13331620550936585
0.07765305563457287
0.02463241205872252
0.1324517934365615
0.1252152121994285
0.0040864080418489546
-0.08019362471256519
0.09958027723596291
0.008160485275127138
-0.03081997673948178
-0.18433691380160677
0.012986431588123126
0.015285944254552764
-0.11200495692046508
0.12547069544244155
0.04627286238133638
-0.07931985927751017
-0.04914756553066646
-0.11074838819881605
-0.01660533485004101
-0.05072873979404502
0.010993226099073827
-0.010940803149271594
0.025282222815922073
-0.09652900184561475
0.003597942881023053
-0.12077381725914071
-0.013387433644210689
0.10816551336264524
-0.027886120580535523
-0.041899718870752056
0.048098902698302304
0.10645065118781488
-0.08634565821914153
0.0058557118014247456
-0.015742779449512856
-0.21456654634239092
-0.03695942171469069
0.11913941844829579
-0.025522097159057622
0.022912434597818276
0.04644857970257066
-0.13183779018552266
0.1370191697563568
0.005572672114339816
0.10763587239893757
-0.10701024003791315
-0.06473796527741305
0.02574808107075005
0.06802742278850432
0.01852995386297346
0.026834322493942464
0.09179794816003961
0.06449405396504837
0.07444016081816751
0.009163582704903916
-0.0022452641532926254
-0.0801846300303205
-0.050165558310899305
0.11952819355268457
0.026746631279220556
-0.05166474676438848
-0.12707381518276806
0.003384556853748333
0.06038272774717096
-0.04186965400081566
-0.07608758244842095
0.05523184201630227
-0.08424688091367427
-0.1483874602404721
0.01139770038001603
-0.026886465656906777
0.10695290364166604
-0.07997427899062692
0.12010658793932999
-0.3580798958814789
0.04754517295255367
0.043968188579667056
-0.021521319001309824
0.02579478344986741
0.12741126658348467
0.08910056435047586
-0.01262786979367403
0.0009909494388341544
0.09928428368762088
0.0077124731883637665
-0.024918008876910758
-0.06426199840439362
0.05151679175446716
0.08805155360594519
0.14830702048663746
-0.03710140331926148
0.09480646128457554
-0.0043581715469047655
0.05618434071118078
0.022845316510999192
0.03032256835749597
-0.05886536338534876
0.09066140153173374
0.037631286457132096
-0.22181697730480343
0.11120686598768259
0.09249468060669691
0.09850949789371444
-0.1005862173252382
-0.12068345692597116
-0.11614487152971531
-0.06322938013953827
-0.01660300869091058
0.07188046312070923
-0.007852745451605414
-0.15011442195101277
-0.08614473157418423
0.059783929151454196
0.08750158952405285
-0.001969494763126245
-0.07526380658957044
-0.002720747422801262
0.006185871950858179
0.05752707943670071
0.13956474698875732
0.12849385327140683
-0.008342888053562758
0.09279195513799915
0.006570726926868609
0.06108923381393572
-0.19778464397322193
0.010235653096506536
0.0671191805110441
-0.05556179770594416
-0.07724077225952619
-0.21690745543499312
0.0825324613605018
0.06591797184320147
0.026282715334040585
0.12456310034334522
0.1406901197151174
0.035248417142129285
-0.01616745192335345
-0.041244125692735945
-0.0010772949800600395
0.05098152131104028
0.0026380738441735274
0.008211757882243875
0.12187729106820017
-0.04178124899826563
0.017702548849877653
0.11072284690865897
0.09056003210381847
0.12272610544026097
-0.01127844125019939
-0.08038090834563272
-0.03569360810715405
0.0170233708026723
0.026507500105405868
-0.011055854569654966
0.04194508606762559
0.09884133163909647
0.05918974493532797
0.08374983531191571
-0.022845653962107026
-0.14012566347865896
-0.01236717493085604
-0.1103865356429411
-0.05431399991395025
-0.013837459235753191
-0.07006619222393029
-0.01821755612696807
0.07278524953707771
0.0075832912245165085
0.08737365348265497
-0.11451471125531842
0.011591763391227805
-0.07495312928765985
0.016045207674217188
-0.02832893707095352
-0.09052792836510803
0.03236288612081939
-0.023321731962550385
0.022792250631709476
0.06346557891774746
0.10167809590112536
0.030987526973049295
0.030740788748398362
0.05535550389756927
-0.020789127162406884
-0.07894358205252405
0.03401127815961025
-0.03266748722346058
0.11150013084568544
-0.008659017413837233
0.07539992343430574
-0.01700103745181414
0.017292117827406972
-0.07621250927922485
-0.036948307000757796
0.08132587728656548
0.025702402770630906
-0.038970056843424805
0.06270755772929998
-0.08073882246199382
-0.004981178918640472
-0.037646227926833364
0.11525974286799645
-0.06626710974290762
0.1115130175171965
-0.012862384705613294
-0.03197309459081732
0.08708434619137478
0.052479608654209864
-0.011235717712131943
-0.05789690744992326
0.03833625759854514
-0.004955291846751475
0.036062619560070286
-0.10225380015237695
-0.07223282025421318
-0.04047170355331453
-0.019150292038352057
0.08278024156723446
0.04189300814623281
-0.04788961335123976
0.013457908036901833
-0.0017053351092540803
-0.0467520546639415
0.0617158314963972
0.0831559210240696
0.027218015283067
0.05693841461173693
0.022372374150224306
-0.024870656908134836
0.01853632275443534
-0.07940470912960773
-0.049766946099133125
-0.010320853644040895
0.007128133273080706
-0.06592340732976221
0.031167642312182886
-0.10265449500772417
-0.06489876044440579
0.003533276790744777
0.08639530035285092
-0.02690277874693825
0.04064158638915433
0.09860962252336336
0.09122111498697111
-0.03620063960683595
0.05455699968700278
0.11295877918638692
0.0872602047443044
-0.07325108392408819
-0.07660141801319498
-0.11732420980095859
0.09640035887056003
-0.07823685843465555
-0.03925131665864068
0.03289611745833876
-0.05888122543605612
-0.026910664105316284
-0.03262982179099605
0.003266197108694968
0.0391803466343984
0.014344710172314534
0.05596422182944416
0.10670143456815512
-0.03437668339946931
-0.06215213164914268
-0.018161469908724026
-0.012206530970131357
0.03233350848301236
-0.19747019501541407
-0.15649330364778846
0.11621007969038716
-0.06221118229172862
0.01017322934720799
-0.012445325270712071
-0.14547731286022425
-0.11443871298786301
0.08141951056638563
-0.08467180227004734
0.01683603498862979
-0.09155146268566572
-0.05820805389772654
0.13545696965444654
0.07674534921196458
0.14446816180013122
0.138061257623194
-0.10029433243641728
0.07725169860958742
0.09026524356475452
-0.1296781275185972
0.007814501926679485
0.006224686474459118
0.1469304161350854
-0.013854876361463653
-0.01018313594273701
-0.09474263453383469
-0.010799964251380079
0.008962788085030204
0.013702293018969802
-0.06978391910769044
0.05942512625326957
-0.08306518611944602
0.007814694393015353
0.10847842549713238
0.05919553149670048
-0.17940667196516535
0.014741595985979572
-0.08187683034163873
-0.009269371563281892
-0.0007170024229342653
-0.16845082202390183
-0.042559358308342676
-0.043207984028361235
0.07992488697604222
0.04885149351047707
0.058413793002911996
0.01751972662194623
-0.09691746662850076
-0.021697938712012643
0.04437988990330072
-0.08453769924146814
-0.019984037457967396
-0.010854260513369351
-0.019377403363818213
0.07170726014537965
-0.08749008860314555
0.08569977071526647
-0.10507634517437703
0.02028505933285024
0.10611863444113151
0.07087225333866093
0.05113347163705256
0.044161907824966096
0.06418882845323987
-0.0091557469502771
-0.03199261438838996
-0.08752079769582966
0.032265397082345326
0.05819292933687259
0.035411060604876754
-0.056572723222202304
0.036400350143335314
0.10161362541218105
0.051478072512756046
0.0055808260125438935
0.12754898510512824
-0.03484134715930498
0.10702859372955115
-0.03554082896554234
0.1065285968170141
0.014123222046197426
-0.06746224209035068
-0.03212865002593668
0.13271742139767934
0.02251299041612953
0.038778700126058
-0.033757317267129716
-0.060771237746891305
-0.10234707624672534
0.08675093664731032
0.0004734753842372541
0.05273441742315249
-0.013998028730994094
-0.051610478698351114
-0.012645200217333508
0.11333945448251476
-0.0033601747718624564
0.0736146067805089
-0.06622721041610369
0.03178741690975451
-0.0244703266551215
-0.1481003959239987
-0.1818631265726136
0.022536604148749806
-0.046175815752008464
0.025682032142370192
-0.10123922974165789
0.15220923544637555
-0.04186627915012964
0.021550908171896865
-0.09647796615030058
-0.03228983523216311
0.08529318970579036
-0.11789285438916741
0.052446894348288586
0.07486235337155939
0.09579631767519564
-0.03577040430459355
0.0005797536495396605
0.08020335441681203
-0.013327568150231617
-0.09806609054050774
-0.12923535229849414
-0.13069142486619112
-0.02120305598890293
-0.002539771802502422
-0.02956814398829377
0.037758069199970046
0.033148843196327216
0.024077423836771916
0.011476129981592309
0.0890448109432288
-0.04942699419254315
0.026958952646636725
-0.2866408940019126
-0.042673962158199075
-0.009293557997090196
0.1079767031110459
0.09640175448588534
0.1972824211095005
0.0464378856297612
-0.008935951472536674
-0.057032407412716535
0.029156915416995943
-0.018486652424271055
-0.05786865305331812
0.042369248639600676
0.05974918703034776
0.013561434782732473
0.049718737704644966
0.08984565907967484
-0.041795596147239045
0.08386670390627848
-0.09470931816846029
-0.05297609454515162
0.006437089584765521
-0.06444832970757142
0.11507309431534013
-0.09330982177861269
-0.045875367172368064
-0.040172371666923556
0.05624367365577865
-0.03742092139561182
0.010448891693261353
-0.1509856581210468
-0.09179852130432276
-0.06412889151992363
-0.08828135512933444
-0.025978911103286317
-0.03843992961066567
0.03755974911641097
0.060526979375085777
0.06634383365449048
-0.1611470808090345
-0.013997905625452
0.04556743592780865
0.008576983064445931
0.04390256971340334
-0.26305191644913484
0.12318753219291728
-0.01254646309085572
-0.1180131233795314
-0.04869293271568764
-0.013270136112238484
-0.07435941047404215
-0.038649165506363437
-0.03155327603557556
-0.13284891016372313
0.012142036089489328
0.053135082748842544
-0.011188386841319953
0.02281288184956809
-0.05730253042741518
0.10021573005830747
-0.004691150062030802
-0.04593346544205146
-0.06363636819343033
-0.05843527231324741
0.028372894999250053
-0.2465723110000546
-0.13877683383953465
0.07279476214751407
-0.05931008461558418
0.08961338232531907
0.11531468369244807
-0.03714528550742857
-0.0004021367340795168
-0.050807760753750486
-0.013706797861936737
-0.07740837416703206
-0.028822342958914282
-0.01980208890930457
0.142465002995266
0.12048760702270583
0.03409130452400483
0.022769387667560426
0.05896781048111982
0.021446754710090943
-0.05760694675516642
0.0798733824376166
0.0802433318773138
0.06664422315074592
-0.15490927616763406
-0.012788384406454356
0.1020220155223503
0.08114323704942444
0.03179885072000832
0.021925196467078356
0.027765674915333438
0.03163127410817751
0.04123563886412457
0.039463244063219716
0.1425383451911395
0.04882573677076335
0.0021125851401032625
0.047315910390507476
-0.01482094884284535
-0.0858933273328375
-0.009888823489782594
0.07104877708363977
0.03680511175020784
-0.07643545679778496
-0.034706815841427985
-0.0654789839425366
0.07730470501438763
0.013160140696726497
-0.07508752490038195
-0.14790539271168912
0.0392340813272119
0.014290068635633868
-0.01523633563001292
0.028094236507994585
-0.017572320994351687
0.06824713655846071
-0.013695472413294385
0.12305607866301954
-0.0831042550041714
-0.006048889090894294
0.05374170455382038
0.0005202490063976883
-0.0061820307112854245
-0.05715951351816417
0.018090593078913142
-0.11361615998967167
-0.057315985614093345
-0.023713367010857578
0.11734843368394898
0.08750618163783835
0.02661596930937815
-0.046656317947614045
-0.041590291073924646
0.06378181307294956
-0.01850549314736849
0.1367024225554156
0.07478497082001073
0.12294910124515346
0.10988795727711359
0.024522434874404697
-0.010063946510830202
-0.0398048972343803
0.08026357824162927
0.022824203182502167
0.04293900530113809
0.027668498570264044
0.004296313902559745
0.08903659265687491
-0.05398951504104399
0.008321428814005327
0.02827147865881885
-0.05790400940439622
0.020368622112718615
0.02846599132765404
0.010909459130922505
-0.05955489108609058
-0.028129960770482132
0.03817580824760347
-0.11698643881338378
0.02142711995618113
-0.11070689886421214
0.07136410811691135
0.004696582502967339
-0.05421854107965507
-0.07757476265340468
0.04305897985533613
-0.07280842557094314
0.02898995148891803
0.04591832235215343
0.057253305777878016
0.010409096183425615
0.04032494053812474
0.05986505675546755
-0.06805976809981751
0.05403683956866151
0.018381600897883377
-0.08928252099523559
-0.2689656875120895
-0.052550780098354344
0.13557962594317252
-0.17217067120264362
-0.0034135572035161044
0.04348205539914762
0.1525870270545472
-0.12600761732365096
0.03518447877706865
-0.08829815437632083
-0.12671896846148933
0.11711895444218273
-0.000865079039471639
0.10734586125251133
0.0054478814289526944
0.1250472735882842
0.03738683703056389
-0.0006770914396493355
-0.02508284989163523
-0.017405495776982027
0.07410454273164968
0.04648397824484857
0.0045084044344405605
0.0076541820380156556
0.02973802634177647
0.045341076472634745
0.06169006340359373
0.07543990698283404
-0.030848132550085894
0.04341813734985567
-0.0402930034158675
-0.06066343694308052
-0.0759668120084861
-0.03223196896883518
0.02356018768238899
-0.0239151481879758
-0.05456260483126507
-0.04961270227426284
0.11660597460687383
0.023384099143183568
-0.006314696696029243
0.13030104789343444
-0.032420641914148396
-0.0005719214779874582
0.060057687485443545
0.014854755399423825
-0.11734998149573828
0.05268776293623478
0.0050058716727601205
-0.11859659501926967
-0.011130309419833284
-0.04414913126250841
-0.035865135953011995
-0.09193349578287369
-0.04471363983867993
0.018943492202007528
0.019246214186918853
-0.12594324565577564
0.07977297810547329
0.060998019282432925
0.15241700331027858
-0.2741849048331174
-0.014221887439888947
0.017343955809190015
-0.17318718246461928
0.056377693288381436
-0.0027019630474456324
-0.027911569168577954
0.016935351047073555
-0.03426665954853547
-0.02238590431431009
0.0524420041133295
0.032603241921163095
-0.028707601083575174
0.11211982926374231
-0.016740733532309315
-0.03700577356041557
-0.011274573493557538
-0.01625326829421503
0.028449487663839312
0.07129628647065267
-0.27233189087141396
-0.13848110062506735
-0.1729106466388084
-0.08927241260488195
-0.012520583815112452
0.0864190509698653
0.07290696492264237
0.06059036824646152
-0.09214534733141255
0.06028353896278826
-0.018396787767994915
-0.006231060158033097
-0.08117760903338356
0.1396515250474183
0.13531426174613898
-0.1131643271422429
0.01955297549454954
-0.01462533976616176
0.01717002730854661
0.020937119077040656
-0.08551732756723207
0.1017137251632717
0.07875481896920045
0.0037592788613594608
-0.08729324009399164
-0.017428747634729347
0.10476326404642061
-0.16115032446532696
0.03937005606525501
-0.011540939110440074
-0.17655026103214644
0.033502215176584915
0.05399247708894922
-0.05294957663670041
-0.0017854098435514665
0.17590796575352596
0.010201563765529942
0.05579317641886028
0.046395306854504714
-0.22661209252426295
-0.03833536517334657
-0.007574508927197798
-0.008420048147676273
0.017841041262000756
0.07129309719709326
-0.05883647119343427
0.013926252961034447
-0.19099294079804852
-0.06046262869392538
-0.09249419259062075
0.002832975729707532
-0.0017695593132501797
-0.03953624858578941
0.006968044186953459
0.08493087072886574
-0.041857103631307124
-0.052498622204734446
0.0349506855522313
0.03679331178389855
-0.029878497996092546
-0.004197998883508247
-0.07264307543946358
-0.001116931095619833
-0.008806078257233452
0.00465838886180181
-0.03705903786592735
-0.06320130364616428
-0.05974623592656414
0.0497717326842656
-0.008000285154924347
-0.04660836497284404
-0.17608743174502994
-0.15366856590403577
0.05630069634355289
-0.04359534590026393
-0.1331209464635379
0.10660222980275502
0.012555161046941377
0.0063257045000353895
-0.07873694450574809
0.11994793161776018
0.11617154986955341
-0.09378431583103197
-0.049191035474977274
0.03909188185249762
-0.022886452897279308
0.048735523071925135
-0.1789342957057969
0.006268111262323073
0.0005805896064128291
0.11840584674375026
-0.06380970787195339
0.031058955096051444
-0.1498267677207057
-0.15655493351987848
0.030699020097774643
0.026652607562974606
0.041230903116980244
-0.06491271940914978
0.09406721680935487
-0.0462029988435434
0.019004036059614926
0.10288640530079901
0.06629549848712685
0.015077909323989946
-0.0073932849293235625
0.0437230107136482
-0.36273242252147975
-0.042066059864869554
0.06678849578934304
0.0062871712255128664
0.11572617136293895
-0.025906104805761165
-0.017201540780493074
0.1307861877714781
0.04295127632656476
-0.005534299223009964
-0.07573200423293991
0.021915842615220615
0.10946895400571388
-0.04160965426971086
-0.07185374577281334
0.060493415996517974
-0.10911664868144977
0.00596230029909256
0.026747479676039798
-0.008719528002118615
-0.0008394271468038506
-0.08016445890353618
-0.0970226752560649
-0.04281367434428707
-0.022751871627313625
0.08114723940986013
-0.042638794846879824
-0.011916693742856754
0.006458953633871944
0.03553420736673685
-0.012993780729056326
0.13076153518027744
-0.13721668714034008
-0.027789430833716433
-0.044724953495721365
-0.03479488633230221
0.1600685581500581
0.05269470947173971
-0.03149903061779691
-0.2558819776694272
-0.0464626540793156
-0.060865743483634716
-0.050188664824979745
0.024988099103472383
-0.27197496921512687
-0.010417797291157993
0.10432938268695824
-0.05973433815812479
0.13888971782365522
-0.07775230483802653
-0.020431167139945194
-0.08276834232943964
-0.4138768924639592
-0.061311217789152606
0.023895149888924216
-0.1632963753282981
0.06805345534955276
0.08168641152313688
0.145653837025427
0.07704280283519793
0.10158685342687163
0.06819299946637525
-0.24158486789339284
0.09860942377168586
-0.0015287636348254585
0.07704896738501749
-0.02281698880350025
-0.18351106106454984
0.12984597078955745
-0.0096814949518923
0.04869577396982655
0.09682712913898134
0.08452341044678396
-0.01799670852724644
-0.11334798136714774
0.04191236849118657
-0.07198263332136878
0.10984792178689146
0.04696969915649046
0.007185689052340627
-0.1529304272739156
0.012203174712853704
0.06325460415955009
-0.007454252276413165
-0.17072096482789045
0.09325701534767883
0.049730607939204474
0.029581708044312982
0.10929203305396912
0.0987073682955365
0.04910053031517786
0.018637938851260694
-0.05130478519473303
0.03300759179706009
-0.09040589405988442
-0.15782444882645708
-0.050384334307680745
0.007283854615934837
0.058131280554594544
0.07785527386794977
0.07899380310082171
0.027208578199189537
0.0014824715511893016
-0.019356020829951248
-0.18440843414706976
-0.18442957443738517
-0.044497945797625005
0.014418762819705555
0.12952767435246304
-0.15740166201980765
0.025440238348834965
-0.0036048861577197
0.06254970187626985
-0.36281391044522415
0.003933972087904969
-0.0005966069828002851
0.19225982253638907
0.019806853789022194
-0.10818610131495432
0.01895235996562894
0.022299614737194606
0.014721611828120873
0.08276232610585671
-0.12473302676095055
-0.029356742683031456
0.09296293814364759
0.06298329343671066
0.11383674947163769
0.13227548739999406
0.06627423529145371
-0.0756033760934206
-0.00781881158591724
-0.030885497361202385
-0.0421682049158163
-0.02028598640086343
-0.07102209268059256
-0.015646971234192453
-0.0072443009384338675
0.02509101010746223
-0.008574469579701094
0.11642866191807633
0.14430966251335275
0.10725553547054789
-0.12051254105945841
0.13202357253891184
-0.050463445607841995
-0.2692591701603174
0.06928252415707747
0.026997523748028607
-0.08137036601648806
0.16729592923179598
0.05704910723452039
-0.053891468737948145
-0.2839646063814776
0.032220248988914846
0.007526862784230703
0.042877247523395334
0.0023098854770360333
0.05498713925495108
0.08282254874903239
-0.08532293858142492
0.024831435159031467
0.04393268255877497
0.056611222243813375
0.14489052770296246
0.1469025179167766
-0.007527306692998614
0.028443143793991932
-0.06558267049245958
0.05566740662448927
-0.06275622483618759
0.1047169330100427
0.14059968033102183
-0.012095480116627089
0.07831328456657388
0.004696117854287363
-0.2872882214116763
-0.08798891750994775
0.07772154249816504
0.13777172760784812
-0.012806908953926777
-0.14554408805926244
-0.13114017818993196
-0.10963856734844302
0.10292780292063114
0.019475210713006563
0.06744456875913762
-0.021723202487769933
0.003182323413770949
-0.12283482211994023
0.07399081293817467
0.03256587831055646
-0.002629487010484488
-0.027595762732130824
0.08255506546113472
0.0359001808707326
-0.0291148224190263
0.1379080727433365
-0.035725162807869415
0.13738006084706733
0.03498765443146218
0.04711152691925491
-0.12015517970754686
0.042897882040722535
0.05146582499861285
-0.011189808630054254
-0.15553598145726732
-0.09474338280757466
-0.1607389546434813
0.10683157927710812
0.13013447455030813
0.07290806365051622
-0.06428846614926897
0.036755668988763646
-0.06931184973144
0.013364593998713148
0.05577868268979469
-0.025674454437788263
-0.11533659475919666
-0.12829041468360391
-0.04226424565024267
0.04240887808879956
-0.11191753689556794
0.0069051518232026154
0.1033062912051968
-0.02586543560079324
-0.0027083500131998006
-0.16629000988900167
-0.11729244434485497
0.030275156066358222
0.11058511314398684
0.0060594767977834585
0.09956022707686574
-0.01652535320847548
0.025717323693024374
0.12796078436663327
-0.022587087934723304
-0.18570831067158844
0.01980685681268396
0.02379434453295942
0.044540495331250096
-0.14601820630940154
0.004675254370497595
0.12110953471443625
-0.09293452619354858
-0.0880202029797661
0.058616572101280295
0.020889986706838892
0.06449699831529249
0.03177989096889128
0.12299474139952377
-0.1358278860478752
-0.08294408262011599
-0.05588167461849913
0.01237769238414721
-0.02555529465384465
-0.07556670205486682
0.056625491367148395
0.011969582231078302
-0.12047884924800534
-0.010495556918145743
0.07114885113773017
0.0788736487975289
-0.0040637925065766245
0.004090404886073706
0.013230118618085152
0.1192107470881778
-0.23631607523219156
-0.08769347488406964
-0.04983369320228015
0.10520581396344625
-0.03913919310557168
0.06734366724997659
0.0012694850829140236
0.06334204314640202
0.0518657848270479
0.022672812957519994
0.04960175796920574
0.019148128067034698
-0.04963809169087552
0.1054358812703034
0.05638885084350892
0.012931948296633744
0.01939493244101298
-0.0429641867172631
0.11557514828783783
-0.04608650861683228
0.011794460116775152
-0.05753647634387038
-0.016410752420947805
-0.10509135329770869
0.021195208670352517
-0.03645890004710339
0.11705580920716191
0.0294965791217639
0.035889046491225096
-0.02046534508652431
0.053199113757507965
0.03442501176075807
0.017621774562506465
0.04534276191393738
0.00979499911661591
0.07087345660195155
-0.006833753553025623
-0.35075043841289466
-0.07778428061382325
-0.08895007171394531
0.035474716202062606
0.016251603009861892
0.06159425491545539
0.06391343904673746
0.08210853618528557
-0.05709625684891817
-0.08808336045310605
-0.03452432238134384
0.07403364398018708
0.09812891979231886
-0.024650234039981456
-0.0003335382157518829
-0.049905570352426265
-0.009285757900388547
-0.09661013539057917
-0.0005237304724138303
0.0944600290673549
-0.11396048126204139
-0.0916885303061763
0.12044878883681548
0.0950875828542791
0.1116589461195876
0.14083524472060965
-0.15727520883590906
0.12817059942494835
-0.02999685031256183
-0.062273139854960635
-0.11309013821300729
0.07059063235448554
0.09380266220794625
-0.09492142851186014
-0.3711242896566729
-0.03278160953311071
0.025816249913169276
-0.04892025034135494
-0.004193490266329203
0.04140107445623342
-0.07117439897587241
-0.06504190391380904
-0.017361293182664328
-0.03827371341166008
0.08382266458863757
-0.07523448639958386
-0.29365274501849803
0.11459496359292048
-0.10632287899774917
0.03998468182239656
-0.01910138615700463
0.021369720709079054
-0.034216877246791344
-0.08709719863474452
0.13207016869868388
0.009792684578253164
0.16943864776126383
-0.1945531584947443
-0.2289810318028741
-0.014130776259944189
-0.10430545219682619
0.11730722146279282
-0.28883494514971986
0.12065322780344606
0.0811413932047439
-0.0072483502973826885
-0.005956941454286491
-0.0873879500343604
-0.05161942899053784
-0.1350111154166549
0.055598227750985496
0.06563471845438812
-0.11619523919389074
0.025663586539058758
-0.18028999351252228
-0.008902208881091944
0.0011584513802658791
-0.28433445384944456
0.00863060979660929
0.03632547426778859
0.12853530258535334
0.07403848648400307
-0.12261255229305845
-0.007921579312079263
0.09449688892193703
-0.12616328907899232
-0.04945076535377846
-0.1458382615599786
0.04968357496758352
0.010314792713442933
0.030218877477149575
-0.10034599148141621
0.06134549768577924
-0.021175005164103533
0.1960625523966335
-0.03949417477485029
0.07957433898065386
-0.02576535260302215
0.014564418896535924
-0.11435174993417563
-0.014944405494386026
-0.023276889791614352
0.06036097505213156
0.06961544645179846
-0.04091036672705817
0.05810304057870014
0.1417414747907026
0.09777057132633077
-0.13112101865629933
0.028895754464095813
0.020122242168279514
0.0470412489899506
-0.16078172043753103
0.055121561087821236
0.06702162198029615
-0.05635419069643843
