0.4427470024606799
0.4421364786813633
0.42937984591933975
0.42566732737362106
0.4176900923901153
0.4111644574310047
0.4072804109290546
0.40134025341761603
0.39344559776430577
0.3799199776695198
0.37629307203764795
0.36689709979524265
0.3619473354571169
0.35373458272433167
0.34588074454332995
0.3468499302009348
0.3374871124259934
0.3302869083458131
0.32038425610355703
0.3120136356944013
0.3108727560404476
0.2952899963082227
0.29228615013733406
0.27876033722985705
0.27120579429782793
0.27059469728596297
0.2616882385043271
0.257285518569329
0.24463316956466896
0.2435736090682224
0.23334684437745534
0.2253267024743113
0.2239963651533916
0.22157977664346173
0.21635087423367694
0.216494052064713
0.21068621043130864
0.20412974433308068
0.2006549642972994
0.20893003972361796
0.2081503033770175
0.19994575546264487
0.18307756036115963
0.18927896780158043
0.19321267824419686
0.19262333953111604
0.18510942549332915
0.17329618004436287
0.17990836493045032
0.17807646853302106
0.17270736923872393
0.1832184109778432
0.18032981330087922
0.17575971077584002
0.1879053930115489
0.1757032554868676
0.1711433891383013
0.1649980628052488
0.16085711705136213
0.16910982149804282
0.17258769455297884
0.1670774141867442
0.18262358752184177
0.16482763519182658
0.16659771498159115
0.1662717688281602
0.15907319739953463
0.1770854466310165
0.16230893890333753
0.1465037452540845
0.15633813504210547
0.1339376595784344
0.1491467465712601
0.14211377464501285
0.1434591230119186
0.13327193853954772
0.14313410473229277
0.13348865344270294
0.14542112252637357
0.1346435274615273
0.13721680591714536
0.15276523633072536
0.13487877389436415
0.14919889799485153
0.13582404116553387
0.1324305474295504
0.12323048107275819
0.1157514081968054
0.13316471085624637
0.12196916497223242
0.11380551643741593
0.13472982886332002
0.1106536273303978
0.13219076015658382
0.11672284005766792
0.1296618285691657
0.12015252292332707
0.11132914314293502
0.12953816999317663
0.12087660253104077
0.12169286132059243
0.1029423955781596
0.09853529713067705
0.10072114085322587
0.09246901489221587
0.10214263288830605
0.08479269755061819
0.08686137200243077
0.10347588287930765
0.09698908142439627
0.10713112455931878
0.09045645800718283
0.09163696768894974
0.08444744148651945
0.07607524688461481
0.08608816877595321
0.12207306171152249
0.08895741126035539
0.11588188145235145
0.07052983330371132
0.08535464314690094
0.07234072764942423
0.08783484532704122
0.07477980000589607
0.07129498782713745
0.07634940562154657
0.065423830976155
0.08092803866640497
0.060004168109233535
0.09103264805550954
0.08356639871963867
0.07103313112128784
0.03424097217771138
0.05161962589091884
0.050296692648453045
0.06871561377366381
0.058762955462439925
0.07924500071029972
0.08146510065392859
0.03641181087526102
0.03395435327040203
0.06346458851777281
0.04573757211492491
0.05594463879163514
0.0406487210051637
0.023353795581071757
0.055684619905797594
0.05423405299983819
0.03158523655394185
0.012215189655799708
0.05748866829514554
0.05818427660797937
0.03020963371543739
-0.04675299023265045
0.05007779663868728
0.059956980387959824
0.07729537681041043
0.032897613896104794
0.0013798035404302134
0.05374260089346122
0.01584722777984976
0.03010099969225616
0.07303170666850595
-0.07443845167726904
0.04394911013565861
0.00240239044826307
0.04251267999330005
0.01585576368038677
0.03411131019819913
-0.07786238868837592
0.05059404482248109
0.03746176756489966
0.014070190475017452
-0.03880430850554528
0.013371754070418684
-0.022795075060195957
0.030550864334926098
0.06509872954796314
0.03730623041908576
0.06154642031319274
-0.011875355778858454
0.06275214098688703
0.05849095104407165
0.03804828154186646
-0.07828757912480033
0.028815043981587685
0.07424441646585334
0.010327695180772922
0.038914751687866234
-0.07494695314762811
0.0382833885435781
0.020914662348750723
-0.03432161957100066
0.03683265844452516
0.05586835587954048
-0.0060839913205933405
0.018909967539044004
0.036567221788340765
0.024034508573336166
-0.04350334370808295
-0.04674850412878795
0.07564511088167886
-0.016815007038967544
0.023974983761519797
0.020434095456462686
0.04573310169778971
-0.08337429872491542
-0.07941816634869248
0.06639946567282168
0.002570582920535802
0.04075127815733298
0.01016993999221516
-0.024348469885516644
-0.13985867857808154
-0.1131134611455018
0.02858383598686598
0.01234965770828994
-0.10695909136365778
-0.038222626292847894
-0.0132003262516448
0.07712778460828429
-0.1325242360202772
0.011462179022215191
-0.019768371128734086
0.13724741009389096
0.09242361766827878
0.07562666083214226
0.04485626695873707
0.09280228292493953
0.04838675991325042
-0.008913478825429588
0.0725646738474689
0.07141535296836138
-0.09073204039583593
0.07597552229454818
0.0377515389520382
-0.000521148372138236
0.008843807370295165
-0.057474636378023414
0.05222636804436359
0.08306131054799554
-0.02351052684093846
-0.05526601031209588
0.0024925726503858825
0.01267604775068254
-0.05271341317199374
0.020740991035986756
-0.015554708443056064
0.00207353420748152
-0.01983881834286305
0.008252947076923256
0.12615365137604317
-0.06296292437933926
-0.0678185383482055
-0.07647751884993781
-0.019930761747453896
0.07359690866561791
0.029680105291837122
-0.011847630510457563
0.045553642712609366
0.0410152831415983
0.026513201120386354
0.0015945003297447302
0.06483594616021454
0.0059681652582412315
0.07324614550247133
0.07518314786757335
0.007547216168890092
-0.03781895050250783
0.014435985133858797
0.02584827351891883
-0.01690123130706911
-0.009934613797979108
0.026501194167961428
0.04201228752906738
-0.1205288464019334
0.09241604591453856
-0.05740558901188286
-0.01924485282341737
0.053268034918575125
-0.01439820067295905
0.01630083090111467
0.01066261865290763
-0.019487594760715155
-0.0836945818447925
0.053995818191559186
0.06100417122905799
-0.05781106855053775
0.03999534846317582
0.013298029900120245
0.026812155583067543
-0.04327793992191753
-0.007536190980891866
0.05129809620197201
-0.04081881977980395
0.08270845490058842
-0.046353218166024
-0.02195613578588662
0.11708041182602597
0.07555200085123664
0.049816175511759875
0.031111130006718613
0.10213498721875092
0.05888254404458698
0.1337050646771582
0.03699254637828575
-0.010176475619131264
0.08342596043906919
0.029149004592461614
0.013185372261018402
0.07689893226406919
0.03303850615875892
0.06725927379724261
0.029638043876672293
0.04193481081045225
0.01900716275881914
-0.04066544588508891
-0.005650109695010563
-0.01203361175812867
-0.0027107375962969193
0.08808869824353738
0.05528945566858651
-0.01753401822071654
-0.022101220124331578
0.005933696163596902
-0.007464512261546097
-0.052859167074878255
0.011716479723961948
-0.03041979109396975
0.039923971703822836
-0.08683778000071729
-0.039482359507452824
0.06249216182057693
-0.06363166129355202
0.08608961965749878
-0.046434949329218767
0.045837171997603066
-0.021786858543022425
-0.024048102341222566
-0.22826559907798427
-0.00868019287615518
0.13884125240157158
0.04203753582283187
0.07066780202659811
-0.0532173971263763
0.02458912547646247
0.09429019235885555
0.0409954161685796
0.005605872910080578
0.029237038231019585
-0.02427608552030902
0.07878163398755228
0.06137498458119062
-0.009626718035361748
-0.09003068809465353
0.0339255335483033
-0.012749517111031894
0.02081037882282155
-0.011646928377777144
0.010435104078486634
0.05672981649073938
-0.00038320199804731114
0.06696661363999101
-0.03161448957403534
-0.006971117465227827
0.042630683158765614
-0.038749512428811306
-0.04145567865841393
-0.011608667996433564
-0.0015100575252273707
-0.02818159589063962
0.04179512359477955
0.07546781056897423
0.039024161035568716
0.043693326682614275
-0.11563055014849422
0.054050209779153036
0.0587356802164809
0.08666303490716493
-0.043761076003501986
0.065075491914249
0.016803732031837992
0.05256948855930177
-0.0944084063509032
0.009079113226586
-0.07987754936083624
0.0034592985753890138
-0.06476292278412599
-0.01682832486631025
-0.0955309712755853
-0.010776079564782659
-0.005190131849205026
-0.05626188136754717
-0.04788123724905691
0.10447505771531251
0.04995383674527748
0.04998912297894459
-0.03641499385852176
0.030048598456791364
-0.015183890007189449
-0.10115031348905312
0.12629074214079805
-0.07315228013547248
0.054653714078316595
-0.05371541364293808
-0.0728527852299945
0.015700974466139606
-0.05504699220331255
-0.09469821255951616
0.19217843476646979
-0.030488709194383845
-0.11403376237023188
-0.012779052443617878
-0.004782650875848837
0.03396780280760964
0.07819353924346245
-0.04610239962471219
-0.07165746112887772
0.08613482735923322
0.004446057807627635
-0.03699766850979014
-0.16890899435245554
-0.010515096799114554
-0.10939234519590213
0.02696376201572631
0.053845116649447244
0.18352518637431048
0.01945400530738267
-0.0045536681163901305
0.02538540170131942
0.042326528821196197
-0.026223114002792536
0.08972474882894266
0.010749531215995478
-0.05797723467306959
0.1020708818862
0.026967022430758658
-0.07510407489095539
0.065528683149785
0.026648696224737534
0.03219557995348832
0.03248659313996094
-0.07826991503111136
-0.02368178727659942
0.1304232653794669
0.036045532187965745
0.02640843153860717
-0.08077375331251702
-0.007826043799465388
0.03681819299359107
-0.031137574319975325
-0.025075702301779246
0.09730260766378024
-0.06996014437895515
0.06535444319982975
0.01741475699219963
-0.12030438169813273
-0.010281346561435645
-0.05893392752148785
-0.11174526602620682
0.03649464476431552
-0.05573826751509248
0.14479428990228677
-0.04213127231823399
-0.07835000129239045
-0.06075833652252227
0.08344419723721458
0.09538423717896266
0.0440650759053256
0.051730497744316484
0.08461734106888091
0.052364862826082825
0.024680996052494852
0.16042091043987328
0.01543082915713262
-0.014072531159014634
-0.014274585091760938
0.06652918750840281
0.008391901089741916
0.0012943459733477658
0.006974724771542151
0.01660916821619246
0.04819454377773924
-0.0559790582808809
-0.001686327717299152
-0.012147567656483393
0.022520859882751043
-0.05421417992921662
-0.05693307028821604
0.019591981149705395
0.004686789010096948
0.02062357405542048
0.007117598146439641
0.0610075240792477
0.00841344858393872
0.005802678512306481
-0.004969701348768396
0.1455323117144925
0.09265596440669721
-0.04240864950756573
-0.046967986993591726
0.018230295504385374
-0.0741145709549772
0.049695899875927596
-0.035689803737339654
-0.015105165335914217
0.07780244659932123
0.12699018922473576
0.11262587524369605
0.008600973288911962
-0.021109072339217216
-0.015170770229762987
-0.009290934837586806
0.06871320941927889
0.047555719045047185
0.025642260630792613
0.03834057890960657
0.04551520819811378
-0.019480298381467254
-0.07709195935633906
0.06707506225071247
0.05205337417219813
0.047054338357041814
0.07524671833793628
-0.04443805380364729
0.03618290063419255
0.07278762133405753
-0.016324644351880968
0.08602921568880756
-0.010708477296938357
0.059965200104665106
-0.015623781091515743
0.006338265665371268
-0.024291720107222137
0.016464574852415592
-0.02853641769303683
-0.01104923002522118
-0.020037555617775538
-0.033812841508920055
-0.00520337038535823
-0.009225654139214723
-0.012624623060354723
0.08029119778374394
0.10000005282351482
0.0002421158675718349
0.03581877115545279
0.07623538516279665
0.04469916270323171
-0.0685494280074932
-0.05208757841500489
0.017935778454981732
-0.052636687309803976
0.020690376575134894
-0.08841473963608204
0.05182433444242518
-0.004596385033064698
-4.228574285281006e-05
-0.014494851465546521
-0.0363453924450613
-0.03950980531211268
-0.05842837894370145
0.08893586565798017
0.059089913371132896
-0.03454747389745716
-0.01941006457930261
-0.03874707992187565
-0.1324228739450648
-0.05905775239861277
-0.02087339154309098
0.04978446878628867
-0.02794355872372123
-0.09239066263430207
0.11496340872841054
-0.01228207964318817
0.009694066706554372
-0.03507287505838752
0.027989705548329025
-0.07985127218504362
0.08575918417882489
-0.06862052605261204
-0.05133854972364982
-0.02934534294958957
0.03483767729572379
-0.03335572367431883
-0.06854704163408942
-0.02200739147493369
-0.02205743248882175
-0.23271918948457038
0.08445917913787787
0.012237485855571217
0.08316232434887427
-0.09162944625857594
-0.11281930709394372
-0.010985511201090925
-0.007214005766496667
-0.08734001220446252
0.011906161584208597
0.026310628308928496
-0.06524518896017073
0.07024010325269286
-0.00764522755138497
-0.25639374500872236
0.07038819169470417
-0.14127443829542885
0.10204806659806304
-0.004204983003126661
-0.09585260823008246
-0.01274541005263774
-0.12407528203955365
0.031974441904395245
-0.2360922353341366
0.11260972506241879
0.14214701878259195
-0.1456941191041845
0.06772609052804485
0.017715237079658275
0.03722030456548414
0.01968331400157841
0.13867340284828567
0.06467518404332234
0.05786762195355427
0.07742668998330271
-0.20161605389862614
0.05253853695446453
-0.025760389227891034
0.012549323021552705
0.0665335772667156
0.02837330510981073
0.15183303444494556
0.089168056927723
-0.028406151149233727
0.030020913739052857
-0.056130084087661514
0.015150979500204165
0.07077848750797144
0.0792305858743092
-0.022249264991562212
0.010339459057626565
0.019286848509834198
0.036395267305310175
-0.11683377330679079
-0.07999072989814882
0.05260167383430542
0.03311503732951959
-0.051883021753946434
-0.008592440162467851
-0.03351846673400183
-0.12188320482133097
0.032210573568221434
0.003099845717577321
-0.030523187316069178
-0.10961175719035765
-0.037991496441006856
0.10871470089354274
0.0773237956012166
0.008137328787617137
-0.05258060866906056
-0.0535956351208291
0.04978492623503605
-0.001508712083669761
0.024659952351160697
0.09350641814780492
0.017986613161281806
0.08099436269866278
-0.017978869383460605
0.03353224509317648
-0.005312273746067686
-0.08765816096311474
0.007765658219227589
0.0337328932684518
0.03617056311654515
-0.2285347255395016
-0.24375430119584007
0.03596210632418623
0.0480441887774099
0.08268454654069834
-0.006785866969431953
0.0702027369178716
-0.10955882782893467
0.049606703863594726
-0.09331089339352916
0.011873873374108557
-0.2055370806673038
-0.2499008907441529
0.0606897016714914
-0.007311509188435261
0.0013978695646342798
0.11731501169418745
0.042704299717199246
-0.11199336120413861
0.09033753516075127
0.1467445772589281
-0.03259257144694594
0.04163283378341587
-0.09159051989264533
0.0024177001324034997
0.04526418402476262
-0.03008635681102856
-0.043626197898818164
-0.07005879143374005
0.04085373757321065
0.05075160306485926
-0.08553511551877868
0.03927930690897108
-0.01509649035884475
-0.007935306166168221
0.011784889456831538
0.06400498892305484
0.04241696907717024
-0.10652703051735357
-0.09834367948712208
-0.0010430819166332705
0.0873543459323659
0.10671746617761274
0.004385399013763558
0.06873108977895709
0.03060264382836342
-0.018057650959603988
0.018796602110825067
-0.006535461820310173
0.061656264744901046
-0.0014648884866015344
0.005833711552337972
-0.056235294647456135
-0.02066483673306485
0.024987717904299933
0.06623631580866612
-0.09788481263664306
-0.13236750231740757
0.04386417507124274
-0.011294089245422412
-0.1549752792188932
0.04046071585770833
0.027193819571469602
-0.03617294994984599
-0.1504006411300277
-0.08599339779521065
-0.01946217034605613
0.05108787665681502
0.002525779199799849
0.034061949084439824
-0.12291849730139492
0.10348670504083202
0.057194207342399384
0.019946726775732226
0.09956039889330004
0.00037940967821809
0.040870284272276236
0.07924904089609014
0.06994296328282845
-0.15164981682252598
-0.06398099282992686
0.09399642197261499
0.0051117176461153435
-0.05748819178991271
0.045798774000857634
-0.03427282198981996
0.10700170852318669
-0.0574612170915938
-0.019495966006538357
0.016185096682939548
0.06276513749881774
0.0805034619167706
-0.017882241194503656
-0.03976773458478333
-0.053186807743957676
-0.08521114175051514
0.011519622332957113
0.03461746191629367
-0.026045841436697637
-0.03208745313250394
0.03949744024507451
-0.025168740354063135
0.002531982759230611
-0.015480717864646887
-0.12337480988544214
0.018509928753283833
-0.042452996394914955
-0.15013931956690163
0.018014407355509854
0.0736739563209528
0.07640969370116152
0.09363433297055013
0.01620645356886813
0.010981292019717925
0.0508597279273314
0.008204047934997516
0.05443069636659542
-0.0050345056783462905
-0.2657797776105246
-0.028096747940273614
-0.03904257148477197
0.024033625702828854
0.08181088801047592
-0.18012310251643027
0.09635591826525608
0.04514864195694834
0.0022221065093528947
0.008059183920694601
-0.13588022235664277
-0.04609834260190404
0.007588687836639685
-0.051428777089280064
0.0010156560026190475
0.0943353002223779
-0.01810038361274935
-0.06491150987059335
0.04935858035840618
-0.1526113384462937
0.12169704864505482
0.013051395975164526
0.09914324197630181
0.013624326678616905
0.05901367881270336
-0.08041514151279561
-0.048125195719379565
0.019390371724298805
0.07663782170677907
-0.08794460407631399
0.0767670152246398
-0.06587794321298701
-0.031090574392754755
-0.007615707197337951
0.07461589541764435
0.06141840072115179
0.01877457726945836
-0.043002494558783244
0.12124804827089924
0.0895270961694627
-0.023916594291586435
0.1032514864427918
-0.031696489215213286
0.012813399502949796
0.09657983416988553
0.04273432029409269
0.05169497050900029
-0.006463634410910135
-0.03761334870465105
0.07860105432836184
-0.015776414544911077
0.0019381123723717364
-0.0627948179045652
0.016687474150043624
-0.002416735115009949
-0.02377703506705353
0.053394958026392825
-0.03515545486935523
-0.0023341982511866366
-0.043847000665864444
0.07606179608427627
-0.10091084254125904
-0.0025429020001804803
0.049970710720083855
0.04193421657208296
-0.007361787687900634
0.029081487222042846
0.014170059842750438
-0.0050916557762177295
-0.022540010416364664
-0.10467302540803414
0.09412667169597216
0.048558300752541694
-0.07516831589746753
0.05106799848896504
0.0946335048465694
0.08434665257378277
0.036118336535366447
-0.06895798173716583
0.13721232166638492
-0.026557719766101218
0.058349886575049636
0.005558045550121682
0.014379290404209821
-0.0557262492198185
0.01795488202287293
-0.07410548266526673
0.07798146153229407
-0.045578334695331235
0.059234585100613635
-0.02648456715366654
0.027147046149705478
0.059211421319560364
0.031830238919382414
0.00946685663667135
0.07838124350676068
-0.0366197385970628
0.04764798574375967
-0.11922232408907141
0.06401048755964711
0.013819580683032795
-0.11223017075982455
-0.0067367984584997265
0.09057575222145203
-0.005782592283800514
0.06373552124341542
0.06680276444129463
0.030511399371512926
0.0077988292151796035
-0.01054971228815249
0.059778119260132545
0.05136965660748227
0.026402874924699393
0.020813304223240625
-0.11368870404346032
-0.017973238522803636
0.06531861453893034
-0.03614918062375383
0.1292299818355263
0.062205839368036864
-0.028052246916731582
0.06837188063465238
0.09678565494033997
0.06976395358647153
-0.033654724121509605
0.09017145598725823
-0.030988807384617845
-0.04392108962194452
-0.023543835481144026
-0.12484104551549502
-0.056444952016499905
0.027839000005735692
-0.10876834967714777
0.1514921613803421
0.03098972698043112
-0.13358737588854996
-0.06212109328972848
0.06347324830294127
0.008962307514780943
0.044790453419253196
0.026334313310194646
-0.057930344716943694
-0.02849441247260842
-0.004266359544400022
-0.11735173536471422
-0.0428706385690637
0.06218733265980342
0.07623348709362804
-0.0487663571678717
-0.06625452125988485
-0.03585242345477413
-0.1104327236428293
-0.04662066458595704
0.07205884645414218
0.06139998000810809
-0.10257439398549129
-0.009740037861765027
0.08086710189895557
0.08427375630950124
-0.0708103936141965
0.009707494550064921
0.011936951521142547
0.11526037647467646
-0.15746927150266177
-0.0324569865770763
0.0238068150401064
-0.055030844447088945
0.06704018893024977
-0.0963870594496089
-0.006316262112035398
-0.015600665018780435
0.048368897984817305
0.010624631864042722
0.051920391739580185
0.03741777141115077
-0.048847617988157066
-0.13323621437140576
-0.022742879997886822
0.0632082228235814
0.058341971758934574
0.11899169462181569
0.0016313905895186664
-0.04800327606037391
-0.067096819026217
-0.04117476347118576
0.00745130879491962
-0.09186113091637516
0.0500054453822657
0.08415832548622881
0.06429984893628282
-0.0013648055273828286
-0.06839418426361277
0.0119725686142228
-0.04540274183348392
-0.10816337323484704
0.006828638715973778
-0.12547094081707877
0.029934769648920057
0.0739087084048915
0.03556805841716182
0.05163826722613779
0.07593029573581289
0.03785706914691478
-0.09954018250481134
-0.019941639768026764
0.04058020446064986
-0.07281830389506527
-0.08126158728226252
-0.001022966348070864
0.06021837757167692
-0.14593052598570844
-0.0195900369698766
0.00763209231443146
-0.27829835802884584
-0.12454731469905966
0.05444546124144939
0.05811142759912996
-0.19440487564579623
-0.1252084616491943
0.11540377571786348
0.03569837857082808
-0.22232036163078517
0.0754464597125391
0.1692154718371618
0.015061525371910467
-0.0062294222195562465
0.05725034782669558
-0.05689791467979444
-0.018750399046471133
-0.013302696991879692
-0.002491680503929228
-0.07051254176794963
-0.10919196684716281
-0.1052662792555491
-0.019991355427435242
-0.09678516753531397
0.008048685671660671
-0.005975634638033078
0.014576016634710864
-0.0784688097286268
-0.239507599223872
0.15153454676769218
-0.021151507649328605
0.056254958455223325
-0.18599847842194817
-0.022031684790843276
0.14328630976261203
0.05571786848501564
0.033416739051734534
-0.02753689359060485
0.07274967141446181
-0.11914192295286308
-0.04470298028120401
-0.01012814119728045
-0.12104678728565066
-0.05099197724145743
-0.13030405131813594
0.059722129522211065
0.05747579837334699
-0.02796596587974065
0.17559528804862234
-0.15339089424433539
-0.1226044544530851
0.07145142707189739
0.0024958119402754275
0.02115967626611487
-0.012402426950948842
-0.13034348948310948
0.048121651945066624
0.041445296174490165
0.05612519358508972
0.12348200741580356
0.018198823307945644
-0.040661553061217215
0.06906588896223276
0.04946790340621443
0.042369781689099606
-0.09650187064090887
0.04586575366408091
0.0610901354171669
-0.06625413498843535
0.10238637310442511
0.03987658242604336
-0.01520807521399925
-0.1316251668648346
-0.09216180003033414
-0.014729732376692617
0.017086807745416488
0.03914483819338532
-0.01904800926933181
0.07048921393580576
-0.06590913338886595
0.023724912052044578
-0.12814110988306182
0.06356774585942776
0.060433936933606935
-0.05311503859172151
-0.0004665240832366635
0.02809325476948915
0.0846905889752908
-0.04702605023048234
-0.09032175063010295
-0.0014352651088125334
-0.0713706968791622
-0.06474514005722087
0.08421437100973705
-0.06355570267068378
-0.0103964095149649
0.045933725304032
-0.10727522048311855
0.13738541199793375
0.024178602412646688
0.044738718661784804
-0.07979787310794906
-0.06212224840000724
0.04701114503015935
0.08012187164142975
0.04489595609525532
0.03794533251442089
0.078591954582591
0.006120548172632856
0.016753765302350954
-0.015961422704987682
-0.0030834244242903264
-0.06335709385083876
-0.02744212039919991
0.1308015565249243
0.00929434001377999
-0.00809558497681273
-0.2183277473459363
-0.0065682975571125235
0.06856255948517603
0.011282690830613229
-0.09518077222317933
0.03563374461886193
-0.06976620155984181
-0.07276075528621528
0.02940675339409704
-0.030804576522637017
0.07228774168385665
-0.05154215522209171
0.14795593481991748
-0.181454564333291
0.047829886555738554
0.051040333592835996
-0.012660078751957404
0.017005014328947965
0.1407121241217666
0.07104071908416754
0.03695964228951315
-0.0341082118529179
0.08160738621800046
-0.011947171636704002
-0.014946851455450494
-0.05971594909483491
0.007740939826490323
0.06948024374815637
0.10510505592595398
0.02747158228533575
0.06179094312983946
-0.011252283814069175
-0.0007574672090554513
0.03424590454391879
0.002775729442877961
-0.1071696756358762
0.09421335504803063
0.024830903203771792
-0.19048364139316987
0.07485590876897108
0.045073015105886405
0.09466045049753147
-0.0841381657900041
-0.08926609133254404
-0.0730570189283225
-0.05151702682456849
0.06539279384662361
0.04696765749865989
0.017494360524197228
-0.15040681066261063
-0.0031451375796278658
0.08200029577184853
0.07941212679646492
0.004002027649939621
-0.014805866637061182
-0.04305469733825373
-0.039620949867994804
0.019733568606935092
0.15031146350157665
0.08537261558877574
-0.04623596284021214
0.057799810508885996
-0.03578691313304039
0.07350976690463001
-0.1625930965979293
-0.00447232827628663
0.02672934391215115
-0.012700962525716064
-0.03958155409401998
-0.1558895489938933
0.07675821732980992
0.009189226182592047
0.04982752535948809
0.11188530895669252
0.11016294118843861
-0.023147537123920925
0.02331076841969887
-0.027862742943722152
0.00673121098263918
0.07079439428084139
0.050983561908066355
-0.010738091198884137
0.09320805262592391
-0.023641661183581575
0.02783739385592454
0.060146090435105104
0.0684791022329394
0.09764421593248346
0.033465846618495054
-0.0503729032316339
-0.05703695864801328
0.03933737844702412
0.02544146379426665
-0.00836384100991494
0.03650284430481682
0.08191475105220652
0.03387552802033578
0.09137681819734983
-0.05449400445726704
-0.08895160234838762
-0.005734894336570484
-0.05538022896011896
-0.008672325995050967
-0.014951818190727217
-0.025064960895723187
-0.01283268147783756
0.08883369263890906
0.016714349823338248
0.09397308019817963
-0.08657346289663514
0.05118814716436543
-0.11304905828379908
0.008844699972412162
-0.02389798082451633
-0.038584286772529675
0.06165745686565954
0.05440932648174279
0.02098371992360465
0.059278178875427856
0.07096145169503831
0.01713113479666234
0.009418528883931965
0.053624614292664186
0.03762869155987231
-0.08016011553556845
0.01860782380511028
-0.011449120501645815
0.10711790953368167
-0.022685074454856013
0.10392770149154545
0.0024355834970369306
0.026940832930200664
-0.08079990690185102
-0.04572626455114004
0.05252623635890907
0.0583558514753032
-0.11774339542620393
0.039968567127507515
-0.08340504170632979
0.004965169085939525
-0.01870655709742275
0.1050576283197161
-0.05150722870579705
0.1377859655453168
0.04699730758374532
0.041558551723852366
0.02436491025424048
-0.005857387936449743
-0.014977757834004901
-0.010970495433686667
0.038379326887171106
-0.004459844154722448
0.0385377821494548
-0.13309464088306822
-0.057839369921453665
-0.03460740943779772
-0.03504556599081843
0.07024675641521838
0.0011490233475300315
-0.02760807565221235
0.002629480504621473
-0.07713202636957472
-0.07701378356159727
0.03600212867220731
0.09230547609291662
0.020059808322957562
0.01690409739661286
0.07592327589834863
-0.059172997799103344
0.019216245202877402
-0.0943093115825766
-0.12592644072552484
-0.005171227780907284
0.0244465974023948
-0.06855171157784101
-0.012154594197729907
-0.1184628629312583
-0.044551332189791126
0.025534517912245258
0.050287133902477965
-0.025805762366893248
0.02841460294718129
0.15074596767831228
0.07369495033540857
-0.05240431059122086
0.07676123711674887
0.10682804309753136
0.10108258639457857
-0.11966900153765148
-0.09192357479045032
-0.22707531397662184
0.09102340513336044
-0.018099301830428183
-0.09980391211348882
0.08763342427699089
-0.05454376024676666
-0.017940113844518546
-0.020965693740303104
-0.0048223931260539254
0.061274005531456344
0.02913092718619109
0.09574325067973188
0.11157373023246736
-0.05935811038849259
-0.05101000464023697
-0.04224411235303893
-0.010795623797892118
0.0449087121302148
-0.14911151015905344
-0.1942778732262398
0.09525787900380411
-0.035476217559855416
-0.07543724297637266
-0.028720220463851698
-0.18109151297900306
-0.20027292090750148
0.03191350177536484
-0.04666976260142086
0.024190890523550113
-0.06687016881102847
-0.046839492825501594
0.1564926130257589
0.06368983047469756
0.173847269666683
0.20251977937607785
-0.04571702806933797
0.02796658777396238
0.038562677145286994
-0.03006882367927899
0.0018467244618144973
0.034850163327685924
0.10320604033732084
0.0013972920812977407
-0.04029560418376832
-0.16426331268424532
0.0013313791419974907
-0.04354508493245679
-0.044798188020548246
-0.04328945152797625
0.01987033676196176
-0.014548930494363455
-0.07527339794513299
0.10991868275583505
0.052785358477890565
-0.2747670187024839
0.05121388152827305
-0.0740301557926013
-0.006761641294881993
-0.00077656206965937
-0.26056026675957134
-0.022428724939310696
0.003971869742149692
0.13236133196534305
0.03696183261545244
-0.01955620423162141
0.040779687994992764
-0.13833331503047686
-0.007026561853322955
0.07827615007703165
-0.15003746432525789
0.015265392068034567
0.02838197851443247
-0.09010308835342473
0.11301539568541225
-0.26554722949126075
0.07324324475106492
-0.24297102061002473
0.009513951451624258
0.1237932906187208
0.06177266066999515
-0.008158654168068824
0.015199670483759031
0.012586661832179102
0.008110385032702394
-0.03867119906794869
-0.06386589739856463
0.053283235526122574
0.012427897838377833
0.05680998135892101
-0.028635020311983617
0.041964812064065715
0.12756076653528675
0.07519317544564663
-0.012737207991409094
0.16176852676552883
-0.05802430059151065
0.09897105626950142
-0.039389157209501646
0.14496456318240258
0.055627794797085184
-0.03868738651836201
-0.040448143952540705
0.15935754654214024
0.005111806183695333
0.03289746359689538
-0.020833046155557033
-0.08293227402670089
-0.03882471385276731
0.09787700766734958
0.0017342307904370524
0.08617341501684034
-0.02503650986111694
-0.017497343137371724
0.03210129328124556
0.12115516766800444
-0.09848471105801426
0.04083517121243435
-0.018068830823944615
-0.017585676559416008
-0.0028580635494791506
-0.07816347114711097
-0.1283624347069876
0.011276960182924789
-0.08145159994017082
0.014313029193927851
-0.09627322399761151
0.13260864837922198
-0.029246404471055643
0.023473333569979882
-0.10894815374290079
0.010899970066054365
0.11216111650894517
-0.17956595223307825
0.01677242710519289
0.005139640284701319
0.010978032685553085
0.03173497759830146
-0.11117934603680568
0.12439242228910152
-0.006703730486108728
-0.048568709102267626
-0.09067455834313942
-0.15215970328191442
0.03389410337384324
0.011139314472877748
-0.06256937140997743
0.030553481752397138
0.0735051434388867
0.01565394085295413
-0.12284446310425523
0.1185397776343276
-0.027948338846460197
-0.03906112679284479
-0.4767031229441132
0.014864463996515254
-0.009332489595628268
0.14062134883211563
0.026810558262427064
0.2159147637971518
0.07314777202628664
-0.002364435063656134
-0.11992591346597914
0.04251418788661093
0.018767101908767847
-0.03309798279906795
0.03308205367249234
0.02891476760972228
0.010031294760942
0.016286616851984792
0.07971839266515018
-0.04169441737669588
0.10106224931885466
-0.03325901894541028
-0.03747116719124588
0.03745466393092395
-0.0071093168566988
0.1338914364767288
-0.04010287195320639
-0.10218715321787997
-0.06757357099231176
0.06676735098395115
-0.003651846589482699
0.032269691500470266
-0.15848707717626254
-0.012972961657074178
-0.11357240021941806
-0.09592601927225541
-0.13792867079171345
0.004297104986396516
0.0034340671268108802
0.07137114196914118
0.03975846030827479
-0.04933694243757347
-0.07712308472143403
0.05143280456315813
0.040727605684694246
0.04071829192985066
-0.32368458865868377
0.025651937168534533
-0.025927757246157035
-0.1311064399455696
-0.03028620109457625
-0.1495454694794488
-0.04212074619137707
-0.08135767971316288
0.013951136907208228
-0.41225871410721715
0.07986154002305307
0.03019092637714027
0.0023583501382724026
-0.04322606593455591
-0.10755643615862431
0.08256894605076909
-0.03345929792495872
-0.024502112757554095
-0.07347695635963591
-0.046839395600486666
0.026865604356742456
-0.17285002192042076
-0.1200029706889264
-0.017445996947893172
0.0011703148446228773
0.06189373411486726
0.04948200741535602
0.02438552764392099
-0.008773627653480998
0.024537291136625006
0.03904397204680915
-0.07906315659189733
0.0029457877869497606
-0.0530380417323133
0.218460287692404
0.07356262739953146
0.03243136155908233
0.06577393270853049
0.0677873560531827
0.008422875312218747
-0.14276991179873433
0.06330784045979287
0.08662701431245695
0.05033978710817827
-0.09366618333957033
-0.0739001010610939
0.12387908677001941
0.09280390471880262
0.03738294122773844
-0.012521330889557869
0.0394530086447214
0.05363877105222753
0.007345733752942285
0.005816237584706563
0.11929469737513476
0.09564584979068969
0.018800557158165532
0.05946617814844457
-0.045927565229810674
-0.07435904530335358
-0.026340028971648444
0.09007193841861816
0.049438184729128754
-0.08067784655395716
-0.055024618202939024
-0.04574220291266862
0.0705000016182975
0.0033341426536198093
-0.05036795362515012
-0.18074468732017068
-0.019000783711898173
0.007393600469829842
-0.03653081045273143
0.017089971371911095
-0.03676024376985598
0.07982726489246794
0.018519969338642972
0.056516478727449304
-0.05626708991937446
-0.039834815989241545
0.08985404253268225
0.0352188855859728
0.002079941196333812
-0.11826534151266965
-0.014743026235691792
-0.05789568776754961
-0.02616148061297463
-0.03686847001315241
0.11355367824792578
0.09668032784652131
0.0327748388201215
-0.07930944800338369
-0.018214171841892668
0.08954053008203555
-0.039121113968178745
0.12629528575714138
0.02478886657936913
0.08020643304307529
0.09923427047953887
0.035728206827368436
-0.04331865760006559
-0.008738264544845609
0.09077378205506142
0.0069539857957134354
0.07890108119139572
0.03165661479634402
-0.0107745888887536
0.06117920490443973
-0.027886533591483742
0.004402025880971161
0.017495591030477597
-0.018033569974515107
0.03217251164394286
0.01182681880796621
0.003616377819403882
-0.06764480948004947
-0.0568345798150367
0.023170106424802328
-0.15378744393645116
0.033270953641557466
-0.13129352424275897
0.027166708660034122
-0.013330772122968737
-0.03932608242647373
-0.10999609812322197
0.05288490838414395
-0.09836172698455237
-0.024318663117556705
0.06713236453804305
0.10345597313060467
0.03250506764548905
0.040272623776393124
0.05743664730358533
-0.06556602382525434
0.0613204849782098
-0.013428273587833828
-0.06179287154578983
-0.22744137881208026
-0.013798401955971595
0.11196257544036387
-0.22521239305403007
0.028117341122656847
0.06875028272791178
0.176763131628224
-0.25827995856473296
-0.006251285210445379
-0.07213468195507822
-0.17150171817156445
0.13067266270701527
0.04777661527720606
0.14166468498178858
-0.043779851998371866
0.14783533735832421
0.06204850199760248
0.055689088020881294
-0.04423846194777714
-0.03960297832414661
0.08672310203438643
0.025018988341803106
-0.03770008339379993
-0.03747332034143469
0.05671873658548299
0.060707250786204814
0.08508068999044943
0.07790724022486867
-0.03723524016745294
0.048233301512234206
-0.05215765113178383
-0.004790428467731922
-0.049499506603356336
-0.07206596343633154
-0.01702660080272167
-0.06252902684971973
-0.026056532524295184
-0.16957960079293477
0.12475309888345959
0.01347839030548148
0.046171420321402645
0.16142645151752316
-0.07624571330255536
0.006476160404531528
0.0699978541179232
-0.029318884716917237
-0.1152187437845108
0.09907126503885932
0.051505201149490365
-0.16509921112496617
0.025379797039988328
-0.0036215397028992458
0.02369541524014096
-0.0730387423557779
-0.048028712238449844
0.025556782629590657
-0.02193079054637148
-0.178290192567519
0.06080117462831519
0.03365259813018778
0.17110863397602288
-0.3247698599056288
-0.00206979103056959
-0.04947019341762793
-0.13881599424204738
0.052015751837008295
0.014149957570778526
-0.046747939391415416
0.09361390638700884
-0.04271228727218712
0.012077025386770524
0.07714692766631964
0.03527568543701293
-0.02518626382449063
0.12860534782866645
-0.07546073761476857
-0.0978689550491253
0.051178100413772465
-0.0468522258313081
-0.011420043544062453
0.09592630647971889
-0.39876119185378756
-0.14408153904595022
-0.2767187279688643
-0.16211320862186418
0.07345495116501433
0.06342609690645068
0.16637789280919207
0.10555544561247415
-0.03527322398804056
0.09941614574785973
-0.04991821502061533
-0.03611538559784255
-0.058437620838384996
0.12773347082066433
0.06889598372045891
-0.10309984482773205
-0.09051413634462036
0.06485554958748596
0.04181312663446768
0.00513275050637102
-0.014184571625972642
0.12553601614559484
0.06416723196033924
-0.01001934965301543
-0.13410278866797753
-0.053546610466547295
0.11001552448028812
-0.19932579616369972
-0.009653080656471857
-0.033653088553009414
-0.15977992353472514
0.04445468551354831
0.09307874838763242
-0.05200428388126421
0.00023367409012986506
0.18006283627430342
0.045483762938483
0.11003047908151231
0.06514614453210166
-0.28325231626490877
-0.06274365532091486
0.03670178505998534
-0.06706505069608582
-0.023364228769123474
0.09867976507506576
-0.12813791620712722
-0.05643081761825952
-0.25328345771412464
-0.08099625765605689
-0.10881501604855748
0.06724788605059351
-0.006013944910707392
-0.07746770522969981
0.03032998395415848
0.016296601306966807
0.011604976090509145
-0.06673992659819794
0.04033634341008008
-0.08810310059925552
-0.02788791910615651
-0.019415679724331336
-0.2046359030567556
0.05323457418148053
-0.0027632083682607167
-0.0932044067330482
-0.07293055899903766
-0.15735002422122302
0.03519825875134469
0.03913474730481409
0.10364904081406212
-0.05232118614269998
-0.28967546984978254
-0.19964591880573346
0.0108176426657704
0.00967528868806089
0.01107426353240909
0.11657288780524844
-0.06436301931174082
0.01633000119138367
-0.04091473842834703
0.13058584986491023
0.13292048267173245
-0.05047605729207283
-0.03730432254814564
0.009380222691680151
0.0012085636922564147
0.09783751631952536
-0.1355235039998387
0.0019015670444711974
0.03222460995854126
0.0775744476632354
-0.004468696620904433
0.07721814032141666
-0.0748019410628542
-0.07986309574019212
0.06804873004866102
0.052810436176562225
0.024379531308692026
-0.08559486591848331
0.07470538068164528
-0.04735127361856917
-0.0003564756029261762
0.11871913330318462
0.03082848571376634
0.0409134165404183
-0.0063163302256257214
0.10020621991177553
-0.20415451959478048
-0.028862023871380815
0.08075122229370452
-0.04172083934337523
0.06601896680021724
-0.023230284374394672
0.02000743047926179
0.09060237025913859
0.04888927430553491
0.04882857780849287
-0.019015491145896624
0.048645116370021946
0.10843697151892218
-3.252334066050633e-05
-0.051055122627519656
0.02401388205861016
-0.12538373903242062
-0.007269605235353138
0.02345000119692836
-0.007437524932288331
-0.0685273899296367
-0.027939720493641684
-0.11718732797461329
-0.058496249196799965
-0.10417601582202296
0.09470803808595457
-0.05837336865974352
0.020845132017779322
0.02016313328975361
-0.048793356892300355
0.030926788493765678
0.06568239546350768
-0.1152131695809181
-0.0416920322022406
-0.02780764287525661
-0.020530194011067482
0.1320469968132687
0.07307305298624756
-0.0247497482277933
-0.25923160443789084
-0.08226246227460077
-0.04591712149820082
-0.06934974421081419
0.013394814232628893
-0.26020410441639164
0.050311785119230956
0.15408987136439561
-0.07088351587609365
0.1323570938387829
-0.010774342320057584
0.0038495357197851354
-0.014982130063978971
-0.31281999523125614
0.006058620627724276
-0.020793515412233177
-0.1755901449418431
0.037284022157004326
0.03600487472410552
0.14997920912353863
0.03727937669810055
0.048246929939707695
0.10347658621233635
-0.1667929727768811
0.04009906056698476
-0.04672985087352777
0.07942676040164964
0.000236522473088141
-0.19576210368857772
0.14313290160303588
0.0027205272382017087
-0.023248348558709275
0.07828256604131456
0.022966738515845575
-0.06881836658130258
-0.08157480029917474
0.03969345317856793
-0.021009051346127072
0.014506605542459472
0.06660551042728824
0.018401746542475617
-0.24721666980205836
0.048423128724303655
0.020589541020746505
0.06426848751047354
-0.07045550766251873
0.016839935955924867
0.06822599195270179
0.05048390874705877
0.09901277607845538
0.08658742967925492
0.07389199624265769
-0.035075039916580675
0.04468104834585018
0.017827583866536878
-0.09642742394244186
-0.15906786727384392
0.0071529014781679945
0.06334487257444438
0.04374146354815067
0.02895878638712296
-0.008366507206403972
0.015221376692116484
0.016057503470278678
-0.0623974966461327
-0.15072292190758863
-0.08199598639473216
0.017719414972225345
0.024930287813884677
0.08824641482764178
-0.1550147119406402
0.021965995981145958
-0.013707361474806334
0.0762707443540071
-0.2644682523319206
0.011820216601483802
-0.031366508566622264
0.14363768766743557
0.001644523187308733
-0.00988874392907868
0.0320019558308271
0.016580213551866285
-0.03932008789979102
0.023547419783433388
-0.13363692907812907
-0.05182494259810999
0.07887539172027641
0.04565633515687012
0.1084329584293321
0.11799999329715727
0.077651122875247
-0.021889725280792693
0.08153741460751623
0.02555497059023809
-0.03894077087703729
-0.024121112330367178
-0.09493970204828861
0.03192906817984714
-0.06438370786906533
-0.041592120826801304
-0.08257569398308173
0.0608182897834868
0.09352079405246588
0.10712254574845731
-0.04782300127303396
0.103015889919438
0.022787681260958537
-0.3179666179430326
0.07760896605658357
-0.007952759084337124
-0.14704888164129848
0.15393869254142967
0.021041925682238893
-0.08451235737620177
-0.3828911868574286
0.03289505900016454
-0.04742831116618318
0.06988449356960186
-0.029040258903337834
0.02860726294441346
0.1444011096879419
0.016567862552801682
0.1296249730364495
0.05432242785053004
0.05323489651147012
0.11350497341456195
0.13586000939092385
0.014889341645008103
0.05365977487930612
-0.018353474099876976
0.05118335324343193
-0.01528275461419426
0.06066536000892142
0.11463352531532206
-0.023784947612025875
0.04187660630377782
-0.038322275026403285
-0.11292165277629995
-0.035796179725747335
0.10957501681670795
0.08520801199841038
0.010903502057617531
-0.0773837109057316
-0.07360153532961844
-0.0937581082790071
0.12171558775577446
-0.005199348837453099
0.030409779472243992
-0.00026054902455485696
0.02105799055826163
-0.08997833514053966
0.03153759925893146
0.00046491699309608725
0.010613289369102996
-0.0007502569176199847
0.07327524995359369
-0.012726246152451326
-0.03421552749941936
0.10513301087795418
-0.039844243405132485
0.12239681574916239
0.036096876696864066
0.0790520269848341
-0.10387374753867284
0.036745007575816724
0.03876577269638498
0.0022503595643968977
-0.09298292786387974
-0.03257317304577456
-0.13269023044510164
0.0871336923533495
0.11181008212062155
0.06128545194967533
0.022774772717750413
0.038589317108192356
-0.019538583320862002
-0.025773083295502874
0.07504936538961332
-0.0290839990640942
-0.03579565889396863
-0.14438166241051664
-0.07812927583550855
-0.0036676326413204174
-0.10744456392334789
0.0023424803226760327
0.08410216853909175
-0.07438484758016328
-0.08238768894242277
-0.15627456989350352
-0.05913705474335573
0.04445171623557059
0.07514507433077783
0.06440677604075679
0.09444524336703253
0.027831732863229153
0.05186478951481455
0.07719977640067593
0.016121823367455212
-0.05355880464586915
0.03113166931663991
0.020316885132088014
0.05936358385421353
-0.19487748938802474
-0.010869381123579158
0.08162515222250194
-0.013395216028712187
-0.07488591470544737
-0.0038320153356585784
-0.017740870021401234
-0.03667199355827688
-0.04001360903960949
0.04633393470695124
-0.09730217240404038
-0.06697514667504756
-0.04241551696386758
0.057126910027853806
-0.03128162561418202
-0.12363529888471148
0.08381962409657306
0.005841237902014629
-0.095491495425443
0.0003324151143408449
0.004880145153445703
0.0629330258470992
0.04221822982333523
0.04769796412421329
-0.013064166598644289
0.06595182982490527
-0.24509735645941821
-0.09886814837357116
-0.01988233850976151
0.08116742026709833
-0.0277448455838597
0.05980714440454726
-0.03977756198353033
0.0876647823799761
0.10679019565741515
0.0546671793754106
0.010491409309507205
0.03199524311278634
-0.06813723002513561
0.07143563868158187
0.03775102331496211
0.0010917830983374066
0.018810134731752193
-0.016993987919950326
0.10491427496182143
-0.03762946194308758
-0.033852670932748574
-0.06420368728498238
-0.03542337306413468
-0.08813852260997357
0.031423022731472516
-0.012325310916426635
0.08933763006575096
0.028379904690465974
0.05322479252178669
0.010871351034822063
0.02863927170725966
0.04743793530611912
0.017170108466836753
0.034356965727915856
-0.028338774746096473
0.08416185257382969
-0.0482626420124771
-0.25630375869184696
-0.054816628957539915
-0.04625542503738311
-0.001912718631286947
0.03765024609479445
0.06044696071171485
0.029495843885958217
0.10509560029469084
-0.055151352860419056
-0.09356142146889002
-0.028800087162579535
0.09901868433858613
0.07238884291012798
-0.019127780407983797
0.016878898734743908
-0.013728712741959526
-0.003304415618754386
-0.13771724390557827
0.014944383321007448
0.08604841521431411
-0.06851007219911476
-0.08075911255079449
0.08387654618024676
0.06055485684836037
0.10654611536658026
0.11265240257622045
-0.11401942001267551
0.1396116880468249
0.029573283148332574
-0.0770823833115798
-0.15447690734637565
0.0692356526237275
0.06905204943249377
-0.02441403632824579
-0.27541251366064956
-0.025694868024748185
-0.011692339884196268
-0.035352587125676016
0.022014040603345664
0.05112794482174493
0.0047876206008655164
-0.09547715003839696
-0.010637234424007436
-0.03526937343949488
0.04250609912128761
-0.11946307746257245
-0.17862790081286717
0.093403864933638
-0.04582118643377231
-0.015103827381321322
0.022416794790996397
-0.041043049069303894
-0.1336067036653038
0.00984321606655375
0.10361943584297717
-0.01766752905972757
0.14445867323681683
-0.23395508096829998
-0.2592221039726821
-0.05736080847272351
0.03294947946632859
0.06222204390174746
-0.21067751144071667
0.11677374715703631
0.0586100191174444
-0.03977005073837292
0.005615202420067522
-0.05963188847772727
-0.02480656289872596
-0.1615290428557169
-0.025385014597377964
0.07880838023311126
-0.14795079973974956
0.05660321647563166
-0.1681724246238222
-0.019895372369691522
-0.012430537559471766
-0.22301467674717235
0.0247720530781817
0.03261265152524406
0.1024591177420422
0.045096425328020495
-0.1798604592444123
0.05177988168444775
0.15649718248372502
-0.010396046457700647
-0.08154852285328884
-0.1460195598489027
0.03438648932457944
0.044530351494585785
0.040672346674126336
-0.06939292991185353
-8.005552446865849e-05
-0.009556074103775236
0.2093002533251438
-0.06426298082709703
0.09575417630706057
-0.08440743004083928
0.023922714200247108
-0.05992266539696611
-0.04013383159139916
-0.08654733192954711
0.05468846748372863
0.08311786911778929
-0.10574316021573893
0.07202306147474258
0.166854129437025
0.12507334773410045
-0.11379391637058744
0.057514442946360766
0.022579005516905393
-0.0017460118266925395
-0.20070904993186633
0.062441321113300086
0.059479406079831154
-0.052913159847923885
0.07412622779548156
0.010049064245276462
-0.012637102511192877
0.10025923382860052
-0.13595265830214365
0.04511240374132025
0.11102961995556276
-0.0054556249514468025
-0.009210289526592419
0.044624153352677554
