-0.0031178367348751665
0.007290039236125041
0.00217820788076002
-0.00899091796547139
-0.02486780651627865
0.009132515212358881
0.011270637259718323
-0.015140932286302158
0.01639291082937691
-0.00429893603006348
0.02631280557263819
0.006018222499558621
-0.0033588161494224503
0.012377378432256468
0.0011112816676749648
0.0012915124790351565
0.0007612761221533733
-0.0015512815855861198
0.006342253431679246
0.008106550034260697
0.0035480860897233396
0.01812590313810026
-0.0135647580427871
-0.0046363196589133395
0.00824653844644063
-0.01176431480417109
0.015644896595827747
0.007127050945352848
-0.0018100659786226137
0.005341995255869898
-0.005866129598182624
-0.014818532687885322
0.008572476184373129
0.009430989873732034
0.0011444143426896443
-0.00021956683593567423
-0.02127144546507961
-0.008344074682049434
-0.0046550830994897974
0.0023371059076593924
0.013850352259616401
-0.005196270866741285
-0.007801521386228954
0.00955609590553474
-0.0012673637802304689
-0.013686128233234725
0.012184806459360436
-0.008575014382799956
