0.024231276349268673
0.017526887169555177
0.015512506026907314
0.014211831782801068
0.01106637520395603
0.00717489054387006
0.0034961672355809277
0.007113111952145352
0.011901730478834433
0.017194295239891466
0.02211812587603405
0.02712421849485417
0.031520769603746585
0.03448575044242672
0.0383722057812124
0.040769599642827975
0.04300615266927028
0.044559075572144544
0.046187115938757704
0.04831991754212874
0.04962647257359483
0.05186464935579192
0.055455466702189045
0.059222145766084124
0.0635217061243376
0.06785055403684012
0.07228567567219897
0.0771341786437302
0.08205753586875465
0.08568902198153641
0.08974338224152838
0.09350371157585823
0.09703991873152125
0.1004947057991246
0.1037417638228201
0.10742778672413986
0.1107659351154595
0.11478115937931453
0.11826889204378804
0.12198412745494941
0.12537742226251977
0.1281290739644086
0.13080203493777862
0.13426895685268597
0.13743902365397084
0.14088239077093695
0.14411962117218455
0.14762133584267095
0.1516084754748646
0.15564184455732313
0.15979204973144287
0.1637916955243766
0.16717641835364228
0.17038305508578383
0.17311632018612108
0.1759042146540418
0.17905915470386774
0.18191555539566
0.1849482362823865
0.18864858302396817
0.19289906174121768
0.1969342006104164
0.20133671173011294
0.20511806885227135
0.20934805045675103
0.2143367010886149
0.21976693671630354
0.2251600346458238
0.23026284306988845
0.23456004482472656
0.23897955331274234
0.2434048958369179
0.2473639986475829
0.2515997125569702
0.2551453300249847
0.2576212614606987
0.2592545266278112
0.2614515850976974
0.26428423021805686
0.2672942708064076
0.2708418729469083
0.27354324778181865
0.27601570347951826
0.27840292414161677
0.2806463418704981
0.2831284042814246
0.28536693160846377
0.2873397065008433
0.2887022197173293
0.28983522783157784
0.2912222623478584
0.2926019561394089
0.29441616030115647
0.2955020821067501
0.29657165516062134
0.2979483677037573
0.2995194824882834
0.30145149206468097
0.30393167285822414
0.30624008037374734
0.3087322333836457
0.31198596164225795
0.31592011037953854
0.31993014358722643
0.3239501099860248
0.3289001254071115
0.33365519085546924
0.3374194764377544
0.3414743129621074
0.3459170625986497
0.35187278555296353
0.35737646728713723
0.3621060275176737
0.36629457014134975
0.3708824259951446
0.3750898944752016
0.37928962906064817
0.3827112199261929
0.3868262548251051
0.390863817959265
0.3960601318859745
0.40173465016757204
0.40757485550523287
0.41324491599473145
0.41953885646407274
0.4249218600689123
0.4310498415429022
0.4370768293790963
0.44318404590784727
0.45070877195725384
0.45836757451521065
0.46591930544599525
0.4725746576345646
0.4785904774267499
0.48600719209973453
0.4933050348819043
0.5001624164288757
0.5064766565332857
0.5124246809825558
0.5187526833936302
0.5258755841089708
0.5319405904971805
0.537416622023666
0.5434955355310076
0.5493020841658012
0.5543723216475877
0.5597378458170769
0.5661000530321635
0.5741305262777265
0.5836594278065181
0.5920002745384031
0.6007381150780391
0.6088940333632092
0.6166174215185335
0.6235959500632857
0.6314983392915675
0.6386824499652742
0.6449006673254432
0.6507126481773498
0.6557125121451612
0.6603660964454464
0.6650963851873883
0.6676256571512447
0.6709319650840478
0.674795044461023
0.6794939348226772
0.6831632079610304
0.6866293993523418
0.6888558085027227
0.6905595921741126
0.691782263842568
0.6940429527585158
0.6956488699516584
0.6974045292033395
0.6991010215526159
0.701712862970055
0.704066748196939
0.7066287470106212
0.7099541551695616
0.7133688930670211
0.7162171516069326
0.7197634639544385
0.7229732164317201
0.726306603108295
0.7290132559268225
0.7325508697639138
0.7360732313733847
0.7417760402884538
0.7470183509665684
0.7526285026332171
0.7577789361142923
0.7616636367673895
0.7638481880847722
0.7667168418050613
0.7697236639095753
0.7729175599074488
0.7751231929040765
0.7770397936917535
0.778510686574069
0.7800940174405732
0.7811888682634146
0.7814633646054236
0.7822793979724965
0.7824168154592579
0.7834197113950515
0.7843149906578655
0.7866023082381162
0.7885523998180692
0.7913443206417048
0.7943508608080446
0.7965736004449389
0.7986877619684457
0.8009153114875803
