0.03490683276122522
0.030975449682702758
0.02994952320348257
0.0272334213832727
0.025655506000205414
0.0261250588268388
0.02716804493704393
0.028874925753974216
0.031715682343655606
0.03536446046811185
0.03975767840207176
0.04439475785492437
0.049641101979208506
0.0548763050966002
0.059773549942160005
0.06442984396106974
0.06918308643355979
0.07405811865578628
0.07944200182480882
0.08507084671695639
0.09093469473450581
0.09748185477064435
0.10439555964790646
0.11095900919826572
0.11727547841988979
0.12364210769432642
0.13017854862037587
0.13681669035155733
0.14378450611091126
0.15061144967238685
0.1576514694179611
0.16522712382047186
0.17339852649704787
0.18204279232654513
0.19074860851607697
0.1997260788507969
0.20921693411458225
0.21925620933153372
0.22957187540203275
0.23967339652622172
0.24988263433642496
0.2600819398292878
0.27054521887229965
0.28166796110463155
0.2926758489166712
0.30362885371012144
0.3146221074678925
0.3255406435947026
0.3367419543079618
0.3474504042087946
0.3573992389779011
0.367276091366873
0.376345617609874
0.3855942205644168
0.3945400447727576
0.4035061927513651
0.41265488806091083
0.4214900299361058
0.42978054990437736
0.4377058224648467
0.4450542969325552
0.45266133795747265
0.4599043777560062
0.46730616414356124
0.4745202081937392
0.4807103055791969
0.48672292671470613
0.49193050349057177
0.49627619273520834
0.501113919598841
0.5061415246868265
0.5107618011135127
0.5153540849447956
0.5188679507803884
0.5232274420602544
0.5283862167180818
0.5333503191152498
0.5381480507274559
0.5429384757013588
0.5474239367046273
0.5512495135807663
0.555540781463622
0.5602108970573308
0.5651737289037339
0.5701749667055946
0.5753431961616731
0.5810614402417807
0.5863562131118238
0.5920684726045538
0.5980372863134272
0.6033490021037998
0.607770138388798
0.6121144783438965
0.6181042307144236
0.6249756986155536
0.6326184567557688
0.6414719141338157
0.6502205471284418
0.6583370814962468
0.6650424822672787
0.6699884344843926
0.6736000816398515
0.6764373394342003
0.6787508770393086
0.6796044204632448
0.6814587005060084
0.6836170556460944
0.6869552670264956
0.6904177993915197
0.6948200036346787
0.6993453477282583
0.7039961339429213
0.7082832643464906
0.712272213319739
0.7161208273042897
0.7196414071329071
0.7224623009940393
0.724430323913511
0.7275363246973268
0.7310144878239038
0.7352089573984343
0.7387046283715807
0.7426649738026257
0.7455079076588403
0.747532661393472
0.7500636485428145
0.7526657413138632
0.7537577729282101
0.7555011316045626
0.7569696376054303
0.7589930833855779
0.7614576889932936
0.7632067353524797
0.7649997621542403
0.7674386259205584
0.7704050495472902
0.7732350403502326
0.7768143592276937
0.780006740365462
0.782124195363567
0.7834826497538964
0.7859328718844013
0.7881507328552101
0.7904962129154293
0.7924264235167884
0.7956397095282836
0.7980716082953461
0.8006702458312568
0.803651020208313
0.8064672396883353
0.8082830514816848
0.8092505885770749
0.8097948540806633
0.8103730651924212
0.8106537755877669
0.8122978549796557
0.8139776656254116
0.8165984116461442
0.8188654258698967
0.8210428326699076
0.8240591575132725
0.8267199082861557
0.8282733912784349
0.8298665863724929
0.8309886653134635
0.8330053019910831
0.8339105040779102
0.8348259042495344
0.8354142075606371
0.8373843891746922
0.8374179843673792
0.8388249235827079
0.8412410336799371
0.8438316538324871
0.8456452487358143
0.8478784701409712
0.8490378723713427
0.8499808622671252
0.8503237320284083
0.8508903380008818
0.8518642238749516
0.8517687611830012
0.8515708702921664
0.8517631725645024
0.852442649052243
0.8526508607650132
0.853962456126663
0.8557697562519591
0.8571281335689552
0.8583348210381342
0.8595329867559474
0.8607797391429176
0.8622142512714712
0.8628765633864824
0.8632167490737207
0.8629464823460419
0.8624538198249112
0.8620369296354702
0.8607145143908211
0.8593782702349393
0.8577239672773249
0.8558615911147569
0.8545485547664807
0.8541875404607986
0.8537489003565426
0.8531489597466708
0.8531662204839082
0.8540615273708991
0.8544632824618221
0.8548973629427903
0.8549645085827001
0.8559540620576217
0.8574457299479745
0.8582568419484079
0.8591252183059381
0.8597021327103523
0.8602296033782276
0.8605566233647965
0.861088553418088
0.8609019331000056
0.8598059526211707
0.8586805237912273
0.8577670850912639
0.8560413126172445
0.8541690976822459
0.8523256628361668
0.8505496975233325
0.8485170651805324
0.8471880023644967
0.8458887095085774
0.8453270385770392
0.845186083039255
0.8454161105177764
0.84619681874608
0.8474442190534268
0.8492526116812794
0.8514561296522885
0.8539222770758309
0.8575099332003561
0.8612443392296247
0.8642008386942831
0.8673866205266098
0.8709673285052549
0.8747467588306963
0.8767242601128934
0.877293371900114
0.8751136419824859
0.8729645596653813
0.8700557763497371
0.8678670230030605
0.865473431288377
0.8632414639965806
0.8616844966456235
0.8609493651204412
0.8595419200312163
0.8582599244720011
0.8579940010071517
0.8571913293071391
0.8558337414903718
0.8542796761912056
0.8534093437563368
0.8520150386893475
0.8509695736116335
0.849143666143455
0.8480207220039331
0.8467897028989418
0.8465823825204233
0.8467243363952223
0.847247126240255
0.8477188158821388
0.8486848800535585
0.8502265645949038
0.8513662832058794
0.8518120070837156
0.8516590597238899
0.8521712953330643
0.8521480961848255
0.8516536170392954
0.8517641046888157
0.850966243633201
0.8506326764736738
0.8516031508513978
0.8524280738333639
0.8536972993038975
0.8545225143695557
0.8549950977217622
0.8553298623753572
0.8558337478810443
0.8567298894790317
0.8577459016178162
0.8580212707889558
0.8573347695565932
0.8570139595570601
0.8568010211983944
0.8571329234649612
0.8563850766142609
0.855563303756112
0.8546890395873057
0.8536696712139983
0.852894076046799
0.8517993854303599
0.8506840968232219
0.8493443936747319
0.8488301524295129
0.8485895029282743
0.848221570320746
0.8487604236589867
0.8489555049348642
0.8487850891892476
0.8486037881882806
0.8485703608582258
0.8486639401311462
0.8486256543856818
0.8482685377827752
0.8481316373953901
0.8486645612324722
0.8500885961673675
0.8518471904591729
0.853278123309224
0.8545882943247447
0.8554114853988196
0.8564080764235718
0.8565050975417691
0.8561294982276865
0.8553596395743924
0.8541238380942611
0.8529010526543245
0.8529583440672603
0.8534956923868448
0.8530532909451706
0.8524751083414294
0.8517296121957085
0.850034384232601
0.8479015866676585
0.8452617271854513
0.8419531114335848
0.8392996767353865
0.8372283390631301
0.8350808039735199
0.832701887238365
0.8302440639959083
0.8269227867791765
0.824044292884433
0.8219278863541745
0.8207228450618302
0.8193652935582165
0.817628611169918
0.8169287616307264
0.8166265431781654
0.8173394456199834
0.8185596212938682
0.8184968458773466
0.8183827027371963
0.8186274360238792
0.8185152725232167
0.8183346662587132
0.8180485791248194
0.8169319501807617
0.8162807086924647
0.8153982971709037
0.8144610524940317
0.8143631974329344
0.8155258620444669
0.8168116822487149
0.8188343145302378
0.8212185646954917
0.8231702049161728
0.824283376202246
0.8246122171948583
0.8253792058095826
0.8256432674409568
0.825992278704752
0.8262068984542369
0.827117174905816
0.8287103497992798
0.8297640091527073
0.831287007693577
0.8327592201354876
0.8340145582948653
0.8353236023538276
0.8364258004088635
0.8380290415259642
0.8395077732114883
0.8414068927839494
0.8419140913986637
0.8420773548955875
0.8430264780896123
0.8439736678981387
0.8446420931942149
0.8454404838052242
0.8465492136708965
0.8477294028101351
0.8480283500603815
0.848594142958261
0.8493435172311061
0.8502781482198026
0.8512148403273055
0.8522798845549537
0.8529373713668695
0.8527788821155359
0.8525090935407261
0.8510520824907264
0.8494333588638168
0.8479481667126776
0.8456528347920136
0.8429383275646428
0.8401701871797765
0.8373082963456493
0.8340326960135975
0.8290314840227313
0.8255100764139696
0.8219748203573017
0.8177152860980286
0.8139717710082562
0.8110325144872991
0.8087031404100173
0.8066233640134858
0.8053954774360301
0.8044980006944106
0.8032517784955613
0.8029097337611582
0.8023881384445848
0.8017535425256307
0.8014999515582721
0.801231136253077
0.800240244788439
0.7995877766571243
0.7989188749278138
0.7987844746843094
0.7986490243987614
0.799649929295553
0.8001380238598784
0.8001466204855261
0.8001878483773477
0.7987011762780362
0.7979983209135523
0.7981384403330133
0.79797747647531
0.79586245411626
0.7945585881225249
0.7933687484438886
0.7932479290145217
0.7942362367822932
0.7952762250025045
0.7960005954944379
0.797564924476657
0.7997546649354891
0.8013041092838169
0.8020018716263818
0.8027042969555158
0.8038849607447744
0.8038083461054296
0.8034308511732661
0.8027670780564875
0.8008513570930262
0.7999501642098035
0.7992566496528958
0.7989465992247494
0.7994175989306687
0.8008095713330942
0.8010135935235256
0.8018446835682371
0.8009325739007302
0.799625094192661
0.7982655454041704
0.7965288888766479
0.794842546470657
0.7937629858261281
0.7927716390263901
0.791158579237002
0.790246251096557
0.7903316286764039
0.7895768477870412
0.7883880592854493
0.7875203978137618
0.787260421390987
0.7874467722179159
0.7882465616868424
0.7896430621155169
0.7908878941984875
0.7922218422083053
0.7941485248963199
0.795794297223884
0.7975363340186409
0.7995665767924656
0.8015256703220753
0.8026807730946584
0.8033268010167928
0.8048261628563336
0.8048666153499489
0.8050797437258281
0.8056042501789052
0.8064560723495319
0.8069739377862983
0.8074505166647455
0.8077032078837577
0.8075997389929596
0.8070096836977402
0.8066866802940494
0.8066829689426274
0.8062542347636471
0.8059444236642279
0.8056849328961048
0.8056845835233729
0.807065936164987
0.8093113212910399
0.811660758092249
0.8136820153279973
0.814907377404472
0.815844856039443
0.8160012834720828
0.8156548875393782
0.8148517188417911
0.8133983975790341
0.8129925955782903
0.8130556517176287
0.814154693878171
0.815589164706807
0.8168333990568656
0.8175067492232293
0.8175459395392555
0.8176539701172374
0.8170821730015856
0.8162613836126325
0.815643530760363
0.8158259330381425
0.815986045992489
0.8160054429403332
0.8163111910482513
0.8171487015205854
0.8178872090127016
0.8189000467662995
0.8198539495640621
0.821080111600808
0.8229370932977467
0.8250359079292918
0.8268168342285517
0.8280200778100504
0.8294070922172314
0.8302755735357713
0.8313440250134901
0.832794057750019
0.8345517169281522
0.8366148807983701
0.839261558655225
0.8411250148879339
0.8423975095818704
0.8439908018074608
0.8449925614939653
0.8456028450423625
0.8462429976453429
0.8475179393135538
0.8492734046854119
0.8510727812321276
0.8530096303582438
0.8547886379204798
0.8558216056068766
0.8565592552722078
0.8564785192630364
0.8557782519079448
0.854594015232308
0.8528445460882237
0.8509612119041549
0.8495364631829879
0.8481538163721307
0.8469575135648882
0.8455692932355907
0.8441699740487538
0.8426439000616592
0.8408447067337581
0.8391726617747585
0.8385670234851013
0.8364931841731108
0.8346883015254043
0.8326281199930935
0.829814271367963
0.8279140885575091
0.8260266546188257
0.8246816917661586
0.8232629167930056
0.8210541327978966
0.8175354918596311
0.8143374721838246
0.81119092170623
0.8084209208461417
0.8056197013324043
0.8026740875948276
0.8007481196924757
0.7993891469234075
0.7985532981438946
0.7977734477739893
0.7972939417488328
0.7971051627454002
0.796071213631086
0.7958601152280337
0.7945271595658541
0.7937622250363787
0.7939813761591145
0.7946213580246075
0.7954547209958722
0.795406664686111
0.795294471333477
0.7944832311349995
0.7941424414257654
0.7937815863432509
0.7938763829711105
0.7929862069430317
0.7920684178071485
0.7908725587594025
0.7881069965967179
0.7859280635387795
0.7810597658003554
0.7761114966261813
0.7719340858471141
0.7668361514883354
0.7613260434724723
0.7558726977431831
0.7510056357795568
0.7458349408287792
0.7424569934727425
0.7407475015705326
0.7400670352006232
0.7401836639809444
0.7404941055035402
0.7420905191080114
0.7440182808873579
0.7459850125947688
0.7478386249737098
0.7495156751285957
0.7512520805572181
0.7541700465709075
0.7568663479771183
0.7596721443426089
0.7626657655343431
0.7665762917794221
0.7708912725312255
0.7754779758381812
0.7781897735165616
0.7808302444519076
0.7836076179051212
0.7861351469038537
0.7870352560383337
0.7878275934656014
0.7881538699358159
0.7881532108292791
0.7878480112372052
0.7872005100511655
0.7865688619959572
0.7848160351144448
0.7833564917491987
0.7815628353611623
0.7793258269144767
0.7784138021320794
0.7763392256950395
0.7750930061856999
0.7737595615997309
0.7730259275399274
0.7721144342250889
0.7708280152654463
0.7705592030277171
0.7698905676091448
0.7686103594244463
0.7687781994953359
0.7693645824671326
0.7707817318440404
0.7723042633343062
0.7741012948214017
0.7746840994067937
0.774091361148867
0.7736046908452098
0.7727593756748142
0.7719432499917315
0.7705203402796892
0.7673844191143181
0.7638061865180513
0.7613676377314712
0.7598979903301718
0.7570461978070455
0.7537800382233211
0.7497721497600318
0.7458574314459524
0.742497367602844
0.7402349320984922
0.7329740043007119
0.7234972086120193
0.7171463796636355
0.7122588721547339
0.7072178707163742
0.703865237192331
0.7018350178188861
0.7000868359874604
0.7003854303313919
0.7017178598969043
0.7034477752500454
0.7060355011420675
0.7073662535160877
0.7089254216313473
0.7117292526702117
0.715237958367804
0.7185018288487997
0.7202960513038009
0.7221780422249455
0.7248483310187221
0.7279052090122401
0.7295347066512566
0.7313332609696783
0.7325031138673661
0.7340061416546098
0.736364497099994
0.7382617844635269
0.7399911621546417
0.7405482797933545
0.7405400050184922
0.7408762098083875
0.7417713432936195
0.7427258246046103
0.7435044579493139
0.7444660914089243
0.7453753735852111
0.7467162864792116
0.7474633792189953
0.7489226801593188
0.750591052730073
0.7521104981410961
0.7545533802108758
0.7569021670254823
0.7593386371544962
0.7608783177659963
0.7622780212582289
0.7617002892105796
0.760664023239826
0.75919701932524
0.7570048687952585
0.7555504245698427
0.7547502356376721
0.7541595170614385
0.7529805790674458
0.7513366277323912
0.7488976073616079
0.7468175800226652
0.745326228972438
0.744293710032283
0.7421971317814471
0.7418634423405049
0.7428049413184681
0.7440283245929481
0.7461636205038273
0.7486303445659375
0.7510862088535036
0.7532359758628755
0.7554890495062373
0.7564374392438281
0.7565939177310803
0.757271599517585
0.7575656668844222
0.7582468224262845
0.7588484901959838
0.7593304383664466
0.7604149311491387
0.761040938046827
0.7608348840223377
0.7615271988139055
0.7631843639398181
0.7654662868189789
0.7679075219246098
0.769011687496333
0.7699823332805495
0.7705514913581322
0.771388084451343
0.7720129395309379
0.7708940648728192
0.7704396087682338
0.7701474656789211
0.7700138246864299
0.7687620889422521
0.766979912898539
0.7647890427948121
0.7624325564255635
0.7598998686506127
0.7553479914381112
0.7511874135309559
0.7481125792541242
0.7458607234269196
0.744759949076232
0.7438718899695955
0.7421722421607605
0.7419399062831755
0.741373307159373
0.7415581595632567
0.7428652103858973
0.743081552012716
0.7431877882143052
0.7438813778940608
0.7444591670653661
0.7458825896008046
0.7467063237646774
0.7481339018104197
0.7490993422642424
0.7501552332728342
0.7519834066949603
0.753620928700698
0.7547721002145282
0.7558210286010015
0.755070146593989
0.7547495424832431
0.7546630852953249
0.7546494129739032
0.7543719380125737
0.7543079075500354
0.7531014676749752
0.7523913335867284
0.7527500888485813
0.7540490952233794
0.7559452588169836
0.7576687418519976
0.7583282067453951
0.7584273241832271
0.7579495799061038
0.7581800964193357
0.7581349999841929
0.7580087722664441
0.7584853623532414
0.7584021191983512
0.7584946368048854
0.759018590700935
0.7596271443968196
0.7599005366328916
0.7612553049789411
0.7635387971850285
0.7663894453182942
0.7703684965334088
0.7745367410639734
0.7763814006897384
0.7780058690567344
0.7798427513569535
0.7812284154239182
0.7829664014507781
0.7838419910576758
0.784840048867128
0.7866204150325542
0.7885468729529478
0.7909918965478333
0.7926751346565378
0.7942347387946976
0.7953930661580235
0.7965952956888476
0.7975010475547543
0.7984010664286005
0.7993896932038634
0.7988618939236529
0.798419238270001
0.7978613202802022
0.7968313738889629
0.7959860066157878
0.7956457761279191
0.7948120827651056
0.7940191058069327
0.7934146715811854
0.7931471833128834
0.7922560743351593
0.7913677432049036
0.7910835040935956
0.7906866462600537
0.7895517023716981
0.7889966344720977
0.7879186858294303
0.7871052844781089
0.7869625411725268
0.7873932130252554
0.7885783597567244
0.789739172498767
0.7916785528719135
0.7931484879955287
0.7940219443453101
0.7935616933711764
0.793622384816903
0.7926224365741965
0.7917735734938323
0.7905625352026382
0.7895217453984088
0.7891257420455989
0.7892396365344369
0.7893731660926753
0.7890294054992848
0.788671289760782
0.7888976386299116
0.789485148515531
0.7895905344196972
0.7887604467274594
0.7871086139948664
0.7853615956232745
0.7835169777302802
0.7817959574683904
0.7803141866830776
0.7792640929063746
0.7794389047072873
0.7795785380355593
0.7803554120548676
0.7807414962469599
0.7810515327070483
0.7810363491494634
0.7811669041504976
0.7807763199121271
0.7798623751101614
0.7780432237819698
0.776491001329449
0.7751002054945112
0.7740952400987754
0.7733875402064211
0.7728764025685663
0.7733341996605437
0.773541919116278
0.7736924842281547
0.7739988293773833
0.7739856290057714
0.7742946989403615
0.7737195663935633
0.7727795297692551
0.7722280434605264
0.7716602457837886
0.7702548916630279
0.7698610266148909
0.7701285583417107
0.7704624204855857
0.7713330657268707
0.7721977983156649
0.7723818583788562
0.7739492930443549
0.7741040876385327
0.7732281625459669
0.7718914598440946
0.7709551821548318
0.7702107105171088
0.7688465061312793
0.7657715249272045
0.762483886162427
0.7609793386406574
0.76041385445165
0.7595787829345273
0.7587478403174156
0.7590383590600102
0.7593698643724949
0.7596758193062622
0.7597508308692626
0.7600990220573044
0.7580961519277001
0.7555722177382456
0.7529091623752688
0.7522387739885242
0.7494155711623832
0.7478898651959905
0.7462296792371295
0.7450248988976644
0.7423960655340281
0.7399026102758604
0.7367102569798821
0.7339266545290631
0.732595303562488
0.7318265093418647
0.7322421198680077
0.7321595242597047
0.7343773612634276
0.7376747926361503
0.7412427088982265
0.7447669876372315
0.7467632035402499
0.7464316913887917
0.7452364062038794
0.7450968720349933
0.7456414824944985
0.7473451096044722
0.748348073333141
0.7475425575548713
0.7471895984976894
0.7467238129780118
0.7451681170222326
0.7433240385710104
0.7413094864894747
0.7408277551880411
0.7412720516940853
0.7421971441383701
0.7421356288937538
0.7418928737926308
0.741121680758392
0.7375103323110545
0.734616170808074
0.730504554037386
0.7276958823825792
0.726648163919909
0.7255098668054972
0.725417297784158
0.7265072682655004
0.7280259362370379
0.7298998907230758
0.7318714115319841
0.7339666763841722
0.7354187439527259
0.7367466442355863
0.7380932519104396
0.7397511067770585
0.7411679407989195
0.7425449737969357
0.7437626204459351
0.7422423147632924
0.7393593784210899
0.7360742091351354
0.733369356253082
0.7302192267996069
0.7283912912804984
0.7268381621669218
0.7253690855732757
0.7227137613563738
0.721254738608469
0.7215958023195022
0.7221620436552731
0.7233989421613083
0.7252074547427272
0.7268651008118323
0.7281239371581091
0.7288422168357783
0.7291705310068775
0.727264930075505
0.7235216113191889
0.7186712778178869
0.7135569668920032
0.7080011550307905
0.7036720298600029
0.6997531568438896
0.6981945772356409
0.6982741300530778
0.6970035051675421
0.6989103389685656
0.7014208905756766
0.7051712808115118
0.707787669693375
0.7097211349535175
0.7133288768437186
0.7169762941582603
0.7210681289179105
0.7256682107819659
0.7302764580425877
0.7336908349152419
0.7354351854487448
0.7366907593775301
0.7365126428893829
0.7360559238765868
0.7317200941666526
0.7274940613604025
0.7242488994915637
0.7223379391546092
0.7223808075225202
0.7208632751394458
0.7186484865699988
0.7163127088292883
0.7157868772491323
0.7146576516582785
0.7142907390418991
0.7143257998311321
0.7157105196792408
0.7182871089877085
0.7206495106644147
0.723752699627863
0.7265082168346702
0.729092169547397
0.7315435742748954
0.7337907511557881
0.7357654104978627
0.7348701947214789
0.7340316657917956
0.7328573885978744
0.731178002221564
0.7302794270604964
0.7300334798652327
0.7295417528163652
0.7287437001794538
0.7274229559770273
0.7263392762422215
0.7261603350614797
0.726038183169552
0.7262053232167703
0.7280133396255869
0.7294226252308805
0.7305691434494449
0.7318527466418879
0.7321852582185437
0.7332801701921686
0.734551190724097
0.734774572150771
0.7347699847536846
0.7348782354621645
0.7346740476042545
0.734694935474136
0.7342682408570975
0.7312735110561633
0.7277418366273726
0.726269973063567
0.7255610551566467
0.7250825706768035
0.7256638841571895
0.7253376822704045
0.7261973033116063
0.7267574085669511
0.7283139195250456
0.7290923959473364
0.7293002405949521
0.7300526110047774
0.7321164740805135
0.7340796800957983
0.7361027463916514
0.7376935764016028
0.7393709647163945
0.7418463688825105
0.7440411411621067
0.7461463563985621
0.7464634011782479
0.7454931359172536
0.7450470765715527
0.7445330742050963
0.7438965434790693
0.7423371706435063
0.7408734142810874
0.7403003766051888
0.7409629336979062
0.7414874119801181
0.7437733474940292
0.7433471546794735
0.7389267657195728
0.7350676990508871
0.7321496897023335
0.730327038488227
0.7274786656946771
0.7275872802843499
0.7213798654219362
0.717570174057463
0.7147808187230771
0.7108177416924791
0.706629978935814
0.7051590432003871
0.7046054638155187
0.7050923689048016
0.7069605788630361
0.709626654024946
0.712552718187917
0.7147957765158613
0.7166714452697306
0.7194783720598507
0.7233053379536171
0.7281520211236446
0.7324817713456526
0.7370652899292934
0.741460779896413
0.7462639901896936
0.7507156605403016
0.7545531282360332
0.7570083831767607
0.7595078979491312
0.7618157461806093
0.7617354727077738
0.7617193654707513
0.7625572553275649
0.7636102628753673
0.7636905890166227
0.7626979041971431
0.7615286836893189
0.7593924097092578
0.7569399188135343
0.7545882281779203
0.752017894572977
0.7471691393607252
0.7415340907326748
0.7369135748880556
0.7336420061065799
0.7308222890946687
0.7283254425810071
0.7245983522742153
0.7210398665126607
0.7191573414186696
0.7192898843887879
0.7207163264619133
0.7224473503386112
0.724912445706902
0.7274576082940726
0.7304368353283482
0.7312241848176305
0.7323308232270899
0.7333022977272527
0.7333810013876537
0.7339606671794386
0.7305749285753997
0.729130242337202
0.7287256475206263
0.7282334191559582
0.7287568053873285
0.729754621278142
0.7309461355382411
0.7320504336303894
0.7322652746840634
0.7332313286167071
0.7339839394930139
0.7341654271709297
0.7332923674310672
0.7344065574027818
0.7363012772007588
0.738312053235683
0.7407743586639775
0.7436591063728965
0.7469983088535744
0.7501068475447749
0.7521299134857933
0.7533125575315353
0.7548155883598686
0.7563031071838359
0.7574035788814136
0.7584334616525493
0.7591131870202972
0.7596052442961251
0.7606356891852305
0.7610474047372676
0.7596349576066042
0.7582110505921272
0.7569920690665484
0.7556808186305366
0.7537387746109604
0.7521063335095396
0.7505490339436671
0.7496096529309827
0.7486848613921812
0.7483812711151944
0.7480376590653447
0.747971633508715
0.7486196692378703
0.7490253161597842
0.7494463859753944
0.7488325927402256
0.7488409298742807
0.74798150824537
0.746711446750416
0.7458640281468701
0.7460947322807236
0.746632270037398
0.7477841492821302
0.7496707836749464
0.7518654051578959
0.7543397084700268
0.7574851592294322
0.7602160869192487
0.7636146091079395
0.7655500495350444
0.7680204644346065
0.7691619074300776
0.7694954167167293
0.7693170130155235
0.7686904094110975
0.7685937973268725
0.7680396840042958
0.7675641627067896
0.7675569411163877
0.7672732938576851
0.765923045909584
0.7649471527424097
0.7641699969170356
0.7621059624721944
0.7604707647223433
0.7586803527660022
0.7564247180966718
0.754764897288365
0.7533804811897964
0.7529763984777837
0.7526097047415105
0.7523369548298612
0.7527601319580459
0.7532764442872804
0.7525491403570704
0.7518506611489794
0.750467683606367
0.7484679729966475
0.7471691211210828
0.7463432570548264
0.7457228623580409
0.7462164816617911
0.7465100200966965
0.74563940541867
0.7449997516566731
0.7449240458419694
0.7442493259039445
0.7444283394514011
0.7441468549536496
0.743452870776588
0.7437014750792118
0.7438572450203008
0.7441902050479832
0.744603638743811
0.7465975377810297
0.7481662073970807
0.7500228337213085
0.7503943438234812
0.7488993299442
0.7477890437227451
0.7480483835674765
0.7479704164684887
0.7480741174624539
0.7498314328395584
0.7524374739541451
0.7546951170557279
0.7573258667766444
0.7601566354855694
0.7631397081431212
0.7649333924745552
0.7662137695662583
0.7650554586105516
0.7651725096773813
0.7650311908518661
0.7647827457873823
0.765138509717416
0.7644655951283073
0.7640354473999856
0.7629621954748912
0.7617836147863968
0.7608954424273853
0.7602784602417045
0.7602055020400378
0.761305368320093
0.7620287848031116
0.7619726566830737
0.7623048771973474
0.7619796784815523
0.7624293978433337
0.7621392705799386
0.7589432725074335
0.7564095704243239
0.754550952654622
0.7530643800510396
0.7520181509562737
0.7490563409927056
0.744811941912382
0.7410083961400559
0.7380061125966736
0.7365443350989753
0.7350524910152568
0.7335446639246195
0.7331905683854457
0.7328552096917406
0.7341465937165493
0.7368197555439199
0.7372167766732141
0.738566988838729
0.740446503818941
0.7412281108689129
0.742229839911443
0.7434718641857573
0.7466152149685222
0.7495469829124564
0.751641930223934
0.751352150856301
0.7503497415801982
0.7491795050583288
0.7479981089728925
0.7468931247967575
0.7457367702382147
0.7437883719407951
0.7416893574321619
0.7405300593188467
0.7400378823189798
0.7384917329586221
0.7368550269420666
0.735042210552791
0.7334036710352062
0.7328883046386125
0.7317942138467162
0.7313260981457836
0.7301667282056139
0.7296217784784585
0.7297636803900281
0.7304912853021619
0.7312014114723432
0.7310586363623919
0.73161466004644
0.7320729708182561
0.7312024092500417
0.7307658522089501
0.7305025871750167
0.7297566362904422
0.7296602631216731
0.7276102204979961
0.7267121928848519
0.7245602729003143
0.7235575046249242
0.7239645227841859
0.7263792869407453
0.7290646661927245
0.7324758117038888
0.7365951920346827
0.7390949971175221
0.7415186951063982
0.743652489735907
0.7465725223943328
0.749515243942364
0.7524282108792624
0.7551912966192037
0.7578956202276558
0.7610212770508826
0.7641413251721442
0.7668504970595409
0.769795162073111
0.7724413265898147
0.7749140786199427
0.776391076124729
0.7780461393930532
0.7792199713101636
0.7791521100882216
0.778107958650627
0.7773973326896996
0.7769557663617682
0.777462373099026
0.7783096952291508
0.7798416435191011
0.7815177189992463
0.7833685485753873
0.785262170163452
0.7870208591646591
0.7878590271531538
0.7874114093983994
0.7861162052669627
0.7849649991929063
0.784608958899254
0.7850072966116751
0.7840477821245424
0.7834182963264497
0.7823719776411983
0.7809617847385143
0.7783106304645372
0.775799404996565
0.7737612293079245
0.772476001094853
0.7701672258648907
0.7690150172469657
0.7677538836399569
0.766546032154758
0.7631496676772791
0.7597662052324938
0.7582851961653698
0.7572963517726983
0.7570747840017032
0.7579687702240062
0.7595722620343603
0.7600758057777057
0.7600313819363695
0.7607167036345989
0.7614635582407244
0.7619374510359982
0.7616054457271859
0.7599865471637316
0.7587714220691435
0.7575644865515833
0.755215193949132
0.7531527260823214
0.7521126507141562
0.7509208502365751
0.7497079245025745
0.7488667869345152
0.7483385230355868
0.7478621112162059
0.7404678694898106
0.733424351914659
0.7256604799435316
0.7192253811228114
0.7132708535060418
0.70978520514847
0.7088444074948967
0.7093723063439119
0.7094608648298678
0.7103449120151901
0.7130435896279679
0.7155412886727501
0.7196416996707004
0.7257364290008752
0.7301962739121722
0.7353229017578795
0.7402494861423002
0.7437376953868874
0.7466195819578504
0.7477647361651137
0.7481970084033993
0.7487570186943967
0.7478421223894538
0.7475846475898599
0.7454985645929904
0.7429964926401542
0.7394039780192766
0.7378945133682934
0.7366170139754147
0.7351953419985671
0.7333362450295852
0.7309447065383844
0.7279846666882126
0.7250992707199149
0.7220217028613178
0.7200655515510559
0.7185808725242474
0.717112080534262
0.7168636699454293
0.714722247067277
0.7125852677797414
0.7123642144474552
0.7143935156109886
0.7184832984602786
0.7191227394179133
0.7209333611730729
0.7225862986883094
0.7231087894620364
0.7234951359130096
0.7239707899588752
0.7242669029834856
0.7240727189979534
0.7240750053526734
0.7241920389360162
0.725012647298264
0.7261996903387796
0.7282091678196415
0.7305906171373079
0.7315342278873745
0.732920877199429
0.7345702940790482
0.7350105828149256
0.7349840869550576
0.7350345624825899
0.7348285830942759
0.7310936697691518
0.7280519226803254
0.7252061510036778
0.7226503781906864
0.7212620217638748
0.7218721278644828
0.722755758513682
0.72504442498453
0.7273620062019297
0.7291204177767528
0.7312030816097034
0.7329930049375368
0.7348988131430463
0.7371022920867993
0.7396040799802761
0.7425201194277911
0.7443915803842682
0.7454465532129011
0.7468937897461547
0.7472545275613873
0.7484557914420172
0.7504578454576084
0.7529209082067626
0.7552348572642607
0.7575955691422875
0.7605384804174585
0.762595463458086
0.7649653691678581
0.7662613461255907
0.7669990240296295
0.7676478176575641
0.7682615232984353
0.7692644419482548
0.77070904542156
0.771822106117144
0.7737754806094341
0.7762131066903163
0.7783081658961816
0.7797191756521047
0.7806228023261672
0.782193611733493
0.7843266836949543
0.7850791604163883
0.784906710011736
0.783643855112613
0.7826698803798836
0.7816869977808902
0.7800979111422733
0.7776516178423168
0.776059955368702
0.7741519959006844
0.7723493847448819
0.770183504597396
0.7673709200341357
0.7647497863109203
0.762249828589864
0.7603340729265878
0.7576561569783502
0.7558024534086857
0.7555633658092409
0.7552610789618868
0.7553578077790525
0.7551761393680123
0.7550355542174205
0.7535484032632058
0.7526181376280799
0.7512365103486462
0.7514804653246077
0.7518161106265048
0.7527985542345645
0.7535859352501847
0.7543781933284067
0.7558299652655457
0.7572169151138177
0.7591856555049622
0.7608890965609926
0.7627792150473527
0.7645229912941138
0.7659409747140885
0.7669304976389048
0.7679658056029246
0.7700859280776867
0.7722382984955173
0.7738131161526897
0.7749496762290966
0.7749704999043213
0.7755153457647157
0.7757602591470897
0.7762802606537382
0.7765740075687397
0.7763952870447273
0.7760520581247906
0.7765388192274713
0.7766755770057351
0.7763217083245332
0.7769117363190832
0.7769255268482685
0.7760541200712591
0.7755560481955716
0.773742622673912
0.7728277301862798
0.7713945953496479
0.770295031135789
0.7677961621994798
0.7653015476405713
0.7631293855252623
0.7608041083584159
0.7597860186929871
0.7594825000288685
0.7595461083561531
0.7608713614615586
0.7631372549886131
0.7647413710608639
0.7671463833307556
0.7691521685091328
0.7706031608689968
0.7692458545190987
0.768462664192812
0.7685477435708886
0.7672671977724123
0.765984100703283
0.764494493401958
0.7639409112490625
0.7591719485113059
0.7554549159474213
0.752416803859826
0.7481634955722813
0.7467881767284137
0.7457275627656249
0.7458715080689633
0.7445945497249531
0.7448379184688116
0.7449674647407346
0.745991618729311
0.7463015884531623
0.745835605158158
0.7469293814381779
0.7491051914338541
0.7510643583076337
0.7519754376529385
0.7528017099733232
0.7538905168029888
0.7560498836049163
0.7584724476867798
0.7606628793026474
0.7636038233040005
0.7661794174286052
0.7679411265109664
0.7695202913128287
0.7698229502475173
0.7707331562208115
0.7714866912875594
0.7708390830127009
0.7681821976355516
0.7666159012719527
0.7647286234089209
0.7631506443655199
0.7626758867983844
0.7630041380708849
0.7636403838466922
0.7651486488834903
0.7669601860552223
0.7665765352537328
0.7670047106352064
0.7673350266818904
0.7671901162293071
0.7673108243692761
0.7662734800582401
0.7638432855223413
0.7603581336582813
0.7561159878595133
0.752692910949445
0.7512536437619888
0.7490515018361169
0.7479521954060225
0.7475175095140348
0.7486107200004954
0.7488229971427858
0.7496809204517539
0.7502330475579096
0.7479563845998268
0.7464218949425246
0.7457563928149179
0.7445933521117668
0.7437394988712956
0.7434808654559231
0.7439841281566413
0.7446625576198598
0.745527050031545
0.7462223731328821
0.7476907041774103
0.7482704102845156
0.7485610798098248
0.7490567046300105
0.7478566940585873
0.7468513581662397
0.7465503755987205
0.7420058710424341
0.7380814932286244
0.7315135131583098
0.7246685790295903
0.718954686366227
0.7149568282703699
0.7116853913034726
0.711802216511113
0.7129520266793062
0.7145415958641236
0.7138242363570743
0.7140381639926523
0.7137096605039602
0.7161342961167871
0.7209452596315086
0.7243448853221605
0.7278753309836131
0.7323325482753983
0.7370678852212621
0.7425127734929616
0.7468526520532005
0.7506396163931351
0.75470699939021
0.7573623300524592
0.7577123241144975
0.7578921267870674
0.7584884710755831
0.7569810769109498
0.755447776320579
0.7544893121889148
0.7509077607043521
0.7478313410307348
0.7456585651991321
0.744892441201836
0.7448747189348627
0.74579881288671
0.7463479284182255
0.7472055935788131
0.7482940710170525
0.745547176218875
0.7425927397113814
0.7396961427561378
0.736948577040522
0.7355089405360054
0.735153832914302
0.7352014167139466
0.7352598074281044
0.7322193366082369
0.727828079378325
0.7221820252150484
0.7179199833722234
0.7141153792295442
0.7111868943854854
0.7085658201510198
0.7073523034131421
0.7067116261743172
0.7062421476660302
0.7077884313547517
0.7094200544880086
0.7120013851711222
0.7142469646700476
0.7164280807511139
0.7194512391458392
0.7231599881803616
0.7269474523951905
0.730614665246549
0.7331576080960825
0.7337818343489129
0.7347905256639657
0.7354801930757605
0.7365746635216381
0.7357821849766466
0.7315031934852416
0.7283195914880479
0.7254295448593112
0.7217024035968513
0.7198384075100199
0.7163699683547325
0.7147784731954401
0.7129877564131151
0.7121875225065686
0.7130377050998403
0.7143399632675959
0.7159152204286378
0.7180062786636755
0.7199115739081023
0.7227087104884802
0.723852400134472
0.7238202216738834
0.72440449004397
0.7255674230501946
0.72579963308694
0.7255682592582934
0.7244510391179005
0.7228448889750494
0.7221800105457232
0.7225788718848528
0.723952072556659
0.7258362872828061
0.727659893237959
0.7290677468815252
0.7301986138025689
0.732141435726649
0.7333049750889356
0.7347258833876453
0.7364934082043659
0.7392150202701405
0.739475014614801
0.7390246488470328
0.739791352276112
0.7400769663212394
0.7416724809003452
0.7429703409899624
0.7436003528453458
0.7445508172082494
0.7459663135125387
0.7476735085282064
0.7479164608216565
0.7471746584155732
0.7476846593965487
0.7479317885573581
0.7481816457325959
0.7482983113423322
0.7466662775998598
0.7453576579862089
0.7445963232957472
0.7444467218648536
0.7436236372698317
0.7421032926717374
0.7396080625176842
0.7369102107515607
0.7336114319218513
0.7315434970443218
0.7283823726641351
0.7250271778515317
0.7223696550960585
0.7206758526307685
0.7198657088278222
0.7210707968679596
0.7198150178750379
0.7176648303438672
0.716621939244424
0.7159392639883606
0.717188498218091
0.7191496354668772
0.7207101668160912
0.7188625552708365
0.7158283473008682
0.7125462462237898
0.7100113724924756
0.7079953809825582
0.7013254079171327
0.6950218163745141
0.6918264149286687
0.688851780823164
0.68851845121259
0.6884888854086052
0.6883523751673876
0.6871799249425026
0.6827871686411608
0.6809655703478114
0.681097385099131
0.6809155043999776
0.6821661621224238
0.6842749218978534
0.6878113433513535
0.6927186637163754
0.697843527270763
0.7033190626998602
0.7057593476618561
0.7082606818311624
0.7086069429271603
0.7087382822805067
0.7084249056875761
0.7052707016998946
0.7037008813698399
0.7029165246479381
0.7032289823983179
0.7050795231788737
0.7080142247712325
0.7103640469261022
0.7117042297057206
0.7130620567212356
0.7142254899533256
0.7159069472344731
0.7165901041929467
0.7169944219804265
0.7145924646469277
0.7125054369232563
0.7118567107302682
0.711997128919815
0.7116154702569624
0.7128687474294663
0.7146810769155901
0.7158148912944156
0.7177842172688217
0.720521587533566
0.7230354035929112
0.7247397103468767
0.7264703695328519
0.7283315699425645
0.729767026559867
0.7292634567598677
0.7284735727744837
0.7284158842742766
0.7293184654924988
0.7307641460997515
0.7334975273085652
0.7362477403181041
0.7391183744875167
0.7412282703159319
0.7429032904277028
0.7426192393931048
0.7423479399889662
0.7420536421513083
0.7435814433171213
0.7437142183334343
0.7427207679292495
0.7410879054436333
0.7405973938371394
0.7365270663946336
0.7327544391262812
0.7299788598679512
0.7294297445660736
0.7290402599814176
0.7286310100530428
0.72805079912835
0.7272561620938364
0.7259180002381566
0.7251456787655762
0.7227973520388885
0.7200239538820498
0.718311921884099
0.7164969867203823
0.715427198338907
0.7154656259632977
0.7157427301995481
0.717258791378722
0.7190735998514013
0.7212936586020046
0.7240568461495398
0.7256499648710278
0.7268882907708658
0.7283619514758736
0.7302817311659644
0.7323337080561407
0.7328633260752764
0.7337030535089617
0.7348640570890617
0.7365636328468698
0.737975506409569
0.7397175310936225
0.7419497208252896
0.7404993359597848
0.7388675846048849
0.7370165640854378
0.7344915394737381
0.7334928801834156
0.732933977882227
0.7322485136421297
0.7290517483913731
0.7272321948473148
0.7262646846328626
0.7268815685892401
0.7282760177572849
0.7304624621642744
0.7333161408920861
0.7350472871872197
0.7371547057908321
0.739365417417296
0.7424746813597054
0.7457554212270614
0.7496753227148588
0.7531647983015372
0.7561165229125854
0.7584806299780924
0.7608927180768311
0.7632526699023433
0.7648021900956744
0.7668074714029953
0.7680873668160205
0.7694565837838769
0.7705027534838635
0.7697669853331227
0.7681481661934292
0.7674297081961112
0.767485082647058
0.7675663680037765
0.7661083367080952
0.7624609122386461
0.7585213490704859
0.7558018215421183
0.7542845291114894
0.7533281184483294
0.7526067593249206
0.751539776597471
0.7491129894464377
0.7476851466927269
0.7477747884552275
0.7482008634501304
0.7482176701735999
0.7487944385324802
0.7495257370637147
0.7498296028129835
0.7500013865436018
0.7497341458441477
0.7503209948912648
0.7512005891936641
0.7523408566396664
0.7531508833149456
0.7548051236327048
0.755941854352328
0.756610129298601
0.7562034829118789
0.7556499494817511
0.7546464636307212
0.7539908564882917
0.7545228677861907
0.7555758181732075
0.7565471836295592
0.7585582671656189
0.759271467838118
0.7601277444440857
0.7609410339994496
0.7621577698526809
0.7628163202936666
0.7622035488779646
0.7606341378038396
0.7597695721787177
0.7549072428748315
0.7499833873001741
0.7469299316832338
0.7434085104212483
0.7397399260252114
0.7359899015271801
0.7328734235079079
0.7312012044862575
0.7312071090096853
0.7327584201878814
0.7354757801701414
0.7376244112439423
0.7412001943676845
0.7453837713950486
0.7486694204429963
0.7502087206964596
0.7523501486459578
0.755000648189972
0.7579618955905413
0.759936961541031
0.7611679856509617
0.7624857310448366
0.7627990355796718
0.7618622765202122
0.7616795446404122
0.7603503456228969
0.7597800774752412
0.7600014956874903
0.7615696216414561
0.7632314891538883
0.7640442280189513
0.7646369903297527
0.7658407753248475
0.7656156540359117
0.7650103036379501
0.7641646553023733
0.7634521331293992
0.7614958972978758
0.7592126153344922
0.7572372441439905
0.7556713549951054
0.7540916319876482
0.7535586903156059
0.7536649126186743
0.7548346974208079
0.7531446540309822
0.751138876551609
0.7489706569624919
0.7480290564254828
0.7467646637666232
0.745702236115388
0.7444422349443999
0.7439831243525261
0.7448651015932478
0.7456427724543264
0.7477403038358407
0.7492083802263044
0.7502947972940858
0.7519566105458075
0.7541258133217952
0.7560686437345939
0.7574281308533694
0.7581196950337115
0.759586714216992
0.7617834281699181
0.7639768772342517
0.7657619192586671
0.7674574636478174
0.7683329788869538
0.7690085912711826
0.7679629058458632
0.7666554184426567
0.765858089733864
0.7651820998191993
0.7642848360359576
0.7646866295243698
0.7650010270783288
