-0.6703038418373587
0.11907804150807676
0.09392731005505923
0.5743527482461263
0.8450567656012646
0.22484348100961965
-1.2804752416852527
0.13516314076041333
0.16368710499039069
-0.2444511997977818
0.4644669201706002
-0.08968770623345934
0.5232910376108638
1.1233228360827088
0.9449994614328779
0.7506888773789153
0.3978485091864944
-0.09738059327235386
-0.7462589384779169
-0.5104883625418525
0.1455074969591277
0.30746712070815885
0.30957198903915273
-0.694097654522383
0.3989223308988677
0.9864930443617165
0.21330934511290886
1.1973209730133338
-1.5539603080894
0.2889165518916458
-1.25584840817121
-1.2593122389458646
-0.25479233831952225
-0.00035641115421778985
-0.10237741983915821
1.1960348473094513
-0.12123097222853431
-0.3294262945342474
-0.6418771063149397
-0.7595310334066281
-0.061118601031231554
-0.925628471867655
-0.7435028627152919
0.45971277132355004
-0.05103609691722717
0.8657592397369278
0.29766734304997966
1.0583907555544056
