0.10560318938856346
0.5822370105809707
0.4306295652720832
0.5219975807038543
0.8323353493420299
-1.5351960991288964
-0.05265357922507646
-0.6839699798367529
-0.13492191642198315
0.7103999500015372
0.9957651659156449
-1.0299208645618323
0.618062498939405
1.6599394574056299
1.2450712038437446
0.7904293702568531
0.683191679927292
-0.9824543486228532
-0.2940813504082785
-0.7837786901443832
0.25546094098565086
0.006573106261943634
0.8886992759096929
-0.13705193072620112
0.7776393511604321
0.19235060561221243
0.04035857469832044
1.6817706890285777
-0.6735991402395307
-0.14819216219492154
-1.093282237623696
-0.4256036896493263
0.0536322360050628
-0.2629598244824446
-0.41108891482771753
1.091625354719839
-0.025379149644426526
-0.3713708947244419
-0.15029127136489398
0.1362381232031967
-0.24699720606911385
-1.025724024185441
-0.1797729283707021
0.1742034417480773
0.20376044228202655
-0.04911459201179481
-0.15301959346813448
0.05051666848834965
