0.027797658527896923
0.020475020011670057
0.0199193510763134
0.0161376374438547
0.012919377232422945
0.011852737017851896
0.015252784208687614
0.019750443343967305
0.02410997778740657
0.028691970110044127
0.032323939231437386
0.03685930962475413
0.039648913615272376
0.04219749556045618
0.04465621954767945
0.04631182120406145
0.048506159297125664
0.05038321637486842
0.052672710434550477
0.054773225587045025
0.055345854184779275
0.057105941411275465
0.05926691741385861
0.062227439935783835
0.0651529942684893
0.06869291453603693
0.0725885297259833
0.0766104837326054
0.08101510986187099
0.08600191712906179
0.09084102431374756
0.09647868163000962
0.10214023138330498
0.10842067664276611
0.1141195560720996
0.12059956705534154
0.12539255598931023
0.1298051833284058
0.13425169841347612
0.13829586002439004
0.14210703882550524
0.14511537178529113
0.14843110698239398
0.15106795892299563
0.1541026564925209
0.1572821694928908
0.1608200011837489
0.16389483685805017
0.16689105865098028
0.17019729804378658
0.17387047936191558
0.1776748875072277
0.18133744172514876
0.18545026716788102
0.1886706213447485
0.19162430250822107
0.1939672639346712
0.1966333940087519
0.19913147116404184
0.2009632186774398
0.20244804283183102
0.20431689450658763
0.2055854779043691
0.20650533533681392
0.20819737154149356
0.20967092434762946
0.21154582074538553
0.21358421917753578
0.21626778056663923
0.21948275616589538
0.22246976514728178
0.22494819010653141
0.2270035558915478
0.22876730778147894
0.2307561334442098
0.23301706729303345
0.23562889608467086
0.23852194301770124
0.240875337147151
0.24336276882328328
0.24578257719777286
0.24828252448780977
0.2519548938395961
0.25509059081089586
0.2582590062256221
0.2608770443063755
0.2636558432293493
0.26641920194447205
0.2688827075136294
0.270910522475721
0.2730996463837896
0.2752040171612528
0.2780751771487687
0.28097104753317637
0.2832957382514052
0.28538205485929624
0.28721566313145186
0.29056062836340585
0.293995467668818
0.2970261284779807
0.3006219137821233
0.3046918644586566
0.3092631483098181
0.3141279380747969
0.31853991461440406
0.32250960059722183
0.32760414029718077
0.3319966647380157
0.3361920378270577
0.3402226678303052
0.34390907286980654
0.3483590822621924
0.3520980360221412
0.35480871198754116
0.3579961303293832
0.36212359146953005
0.36663814809189094
0.3713082053084082
0.37715539217953176
0.38292071372033454
0.3879379837199055
0.39243927559393665
0.3976017587233368
0.4029430459986683
0.4070510248618729
0.4120104086436355
0.41702450064076557
0.42134716945426576
0.4254641406935363
0.4305171123900016
0.43464921411963936
0.437997302179053
0.4411234278283028
0.4441813373136058
0.44794994129172255
0.45115195070021175
0.45491552921598594
0.4592670476516484
0.4639394031133166
0.4697070218217272
0.4751819193936176
0.48050246838239286
0.4844733174260338
0.48827697728415936
0.49147773060181166
0.4946765246092714
0.4982885016463992
0.5021348494244801
0.5049316706543125
0.5075618341262219
0.5097143099022923
0.5125385988901351
0.5139293421144315
0.5150604611925463
0.5156837616389744
0.5177014507912929
0.5202295632321196
0.5228880750901174
0.5253732929430868
0.5274654713209938
0.5295114177383239
0.5323872330182742
0.5365633674411837
0.5414506715816437
0.5463877398737764
0.5508758647642725
0.555897166760004
0.5609631465379271
0.5648314236293688
0.5683590685816414
0.572358664731622
0.5761268037277781
0.579925183104508
0.5837645345328022
0.5869227830449337
0.5886348924184962
0.5904515210962511
0.5924587439579152
0.5939018581857167
0.5960401797580651
0.5980336850826248
0.5996535139413847
0.601627193021363
0.6045030898549909
0.6078672547111036
0.6119597462680437
0.6150918754190638
0.6184493593423288
0.6216654153711153
0.6241356045643099
0.6262043783171221
0.6281482027106363
0.6296532206697695
0.6314230894668246
0.6334593094454799
0.6349834189352381
0.6366731257064191
0.6375959883202914
0.6391372429164409
0.6429182089605352
0.6470928728591947
0.6502037263877971
0.6529365688776919
0.6554673035663264
0.6574352861037346
0.6583249314254218
0.6580936510976653
0.6589746718608627
0.6600917806309352
0.6616708523148681
0.6634168261409678
0.6644497444899937
0.6653946905469468
0.666307197742473
0.6669781362544099
0.6681603503978828
0.6682475834500305
0.6680056851910291
0.667583133785145
0.6692089318193117
0.6709266954802197
0.6720160968404779
0.6737501612278101
0.6755984796611436
0.6771596458889525
0.6785971480039705
0.6804574197666472
0.6818150017168766
0.6837286561226775
0.6854568868421014
0.6877723376853198
0.6898101223407078
0.6922737614966896
0.696097037443969
0.7005192437968539
0.7039596836924891
0.7072684246983719
0.7102093007248165
0.7124417383217754
0.7136511873936223
0.7147600823945198
0.7158095218438969
0.7174150329035842
0.7174701023432691
0.7179524322371679
0.7176739743545257
0.7166814569630625
0.714998827962724
0.7130191656256778
0.711122669373982
0.7097523939221984
0.7082941651925954
0.7079894676170886
0.7086239012530626
0.7104824698592194
0.7130554967271094
0.7152787118125922
0.7178093179875462
0.7217550748371934
0.7257990703669671
0.7292694636131745
0.7319760938008781
0.7343102176340439
0.7360919211493153
0.7385618069776413
0.7413715272842824
0.7445381460285736
0.7474332597512866
0.7502973606180913
0.7526550278144574
0.7551954952742534
0.7577889507272774
0.7604062592375833
0.7627901870237861
0.7647201789048983
0.7668202589802292
0.7688906331796891
0.7700732473054617
0.7721709225558363
0.7742161297586416
0.7759954758844871
0.7773032092435732
0.7784519762973167
0.7784311153403665
0.7788177012050005
0.7802587774230898
0.7822981895954063
0.783372436144551
0.7838905588773937
0.7845156385222268
0.7849258666664698
0.7850181853340683
0.7851061170897863
0.7845518691507635
0.7836032351519469
0.7831500337570468
0.782798660783323
0.7825509217650362
0.7831794357518786
0.7834735850104959
0.7836706233211561
0.7846419510146824
0.7868874027387248
0.7892568845147472
0.7911104371800578
0.792865228089148
0.7949747794525415
0.7972938855223816
0.8002787101662485
