0.024231276349268673
0.023148114591569107
0.019922229077152003
0.015989668559184912
0.012611692369718028
0.013488254842138801
0.018876107219734296
0.025982796589841012
0.033366013089623
0.0412643882512228
0.048799603011437036
0.05575509464321831
0.06254930079038892
0.06894113469730752
0.07435072354126171
0.07867960126943353
0.08234003409619531
0.08628603514625757
0.09054719803779573
0.0947511796597325
0.09887782275278419
0.10310020602097504
0.10733661673990313
0.11121391226800084
0.11482987730773424
0.1184027106661669
0.12216594485270374
0.1257786040720535
0.12966431357076433
0.13357373724709534
0.13771971641235206
0.14201983455159564
0.14650682696434697
0.15117830919781824
0.15619682181262998
0.16133563062096512
0.1665263669840994
0.17218169130094144
0.1780954501272073
0.18441583072002696
0.19052729021014675
0.19671060382247285
0.2030543163111029
0.20957101016934762
0.21643721503641497
0.22343881400468998
0.230795113951569
0.23804253363382286
0.2453289719441683
0.25265768351065065
0.2603435960753545
0.2681643228870695
0.27678931155532344
0.28488270960092776
0.29246054132164845
0.30001058549385223
0.3078616787249887
0.31559656047021456
0.3231988926856613
0.3303176718911081
0.33707587260176536
0.3433552901732193
0.3497112427552156
0.35618207371479194
0.3624792097826298
0.3682466995929904
0.37400549336982336
0.3794184254111283
0.38459101181682254
0.39008658088148496
0.3956309219434457
0.4019805310868107
0.40885259122788564
0.41583126558765104
0.4240994768347356
0.4333145510797975
0.4421974386132127
0.45086062901209795
0.4600144291538278
0.4692531637188311
0.4777121763691161
0.48649387292722385
0.4957318502303712
0.5037168462627408
0.5115649764471727
0.518721988100457
0.5250457452318287
0.5315371834740893
0.5380091674951826
0.5442778855175633
0.5506817544499559
0.5567231720420954
0.563015732165599
0.5691750525698562
0.575582884238717
0.5814006906873278
0.5869324787432544
0.5924568195385397
0.598019002362029
0.6037751979167243
0.6103503729997668
0.6168035153134509
0.6232284725162117
0.629122027953077
0.634921101912651
0.6411592274074212
0.6476678080277465
0.6545018820779005
0.660919773608583
0.6672696589349506
0.6730027756523764
0.6790914136348231
0.6848400427811502
0.6902162740512335
0.6958688302339805
0.7012759169692906
0.7068174353863811
0.7109867804756423
0.7148370028530766
0.7192484961514629
0.7240652853540641
0.7283741590531677
0.7326179894287427
0.7371305073827268
0.7420167601530417
0.7480060408553973
0.7541062685435573
0.7600111818985764
0.7653076248389755
0.7706502621358134
0.775919912885527
0.7812914357442748
0.7859874710286103
0.7905908753993152
0.7942073448837595
0.7982579237422778
0.802005050627929
0.8055856569489923
0.8089784766257222
0.8117002785659037
0.8152876104635756
0.8187699203057383
0.822829159696105
0.8267304484473653
0.8308135366910124
0.8339984708670667
0.8367990630502419
0.8393514326998247
0.8422711165052871
0.8450652711384791
0.8475247432293964
0.8498451107035585
0.8521638271010161
0.852908915994783
0.8532854230302589
0.8529575445789306
0.8520516145921297
0.8511094122893182
0.8499206711264529
0.84855659198975
0.8467627410206328
0.8447706233025942
0.8422341800866878
0.840474652164237
0.8376014422846247
0.836149424677443
0.8341913974511468
0.8335875541544698
0.8330308951848763
0.8337746262226144
0.8333294282889008
0.8346199474356868
0.8360201970248692
0.8369202298778655
0.8377785011351216
0.8385453394094329
0.8395699146544632
0.8395200125232907
0.8390937966905856
0.8391202528332127
0.8392825561741505
0.8388281046377195
0.8389235727152861
0.8394179874642415
0.8406346087436227
0.8406848147570619
0.8414464736419404
0.8427341513476009
0.8432328960308257
0.8440272108717235
0.8449605634606451
0.8459018447961474
0.8471115358237711
0.8459913739279064
0.8443101806730318
0.8432141844546512
0.8418034419227691
0.8394356609159319
0.8355440980130426
0.8315881699366112
0.8276760145061078
0.8234824627201811
0.8196549159878826
0.8164174795964215
0.8132469881842607
0.8115939292462108
0.8113839027898274
0.8103184747516737
0.8089920966557341
0.8090351287107611
0.8087470603554151
0.808924142647073
0.8082341936375056
0.8074776852392044
0.8051021101161846
0.8011009440384034
0.7972226974937573
0.7937995958661975
0.790925910356187
0.7877739662694122
0.7869432355227058
0.7880889280708219
0.7885626267011843
0.7881544138453173
0.7877430916964355
0.78901991059021
0.7896064815376366
0.7906693636753773
0.7922742720884615
0.7929991703736694
0.7939364676591919
0.7948176011455502
0.7953177800950829
0.7956114029297017
0.7949641474307354
0.7947165358226256
0.7931748721575455
0.7915412780214611
0.7904474690954194
0.7880645145323864
0.7862228083948909
0.785193663244097
0.7849391098504377
0.7859078552099911
0.7873013179153928
0.788940968607383
0.788949808456171
0.789915927096902
0.790574883740976
0.7915876145733529
0.7925630452677117
0.7936297623934501
0.7943368232950935
0.794476808002321
0.7948593951755115
0.7933235654819586
0.7915413069262442
0.7897056125784592
0.7880984375776805
0.7864447882640062
0.7857592895348607
0.7844959026856995
0.7846281524114532
0.7828037197516465
0.7817963826010248
0.7806618400802264
0.7803337894994292
0.7797562151526157
0.7790595768741412
0.7791799612090959
0.7811676504777897
0.7821853326057887
0.7816105707115428
0.7814674246789777
0.7799979728434279
0.7784936821218348
0.7763332829106754
0.7745090158971526
0.7732193456455542
0.7718664180835069
0.7710837619714169
0.7700463655299996
0.7694688062656981
0.7686502533183023
0.7668894045491963
0.7648825187403377
0.7639219866564483
0.7634002120280579
0.7616552161503839
0.7605002429666436
0.7596149119476765
0.7598865208996659
0.7616714777414637
0.7645044988753738
0.7663972076222199
0.7662490957003112
0.7669526657020743
0.7667218887504454
0.7669212660565088
0.7680552726035281
0.7691402150314589
0.7700703786579796
0.7707219896833789
0.771257596785979
0.7721035553750278
0.773820099515922
0.7765535832700793
0.7790582720736039
0.7807739776867981
0.7822999608037197
0.7827043634381716
0.7833542494815756
0.7840911314250174
0.7846907904306578
0.7852120063539995
0.7857231498456435
0.7865729394645933
0.7868356061036608
0.788006414091617
0.7879054750404578
0.7879190867027194
0.7885304326393241
0.7885743366572583
0.7888268379227252
0.7893347203183692
0.7896995093050609
0.7899035377260528
0.7895160472444035
0.7887413736549032
0.7872996477397205
0.7855167089662303
0.7830326304720868
0.7794276430833664
0.7766028761112924
0.7737029335174398
0.7715421939422477
0.7694847676480975
0.7696912155918086
0.7703568941798012
0.769167070179989
0.7672928425608765
0.7661591617761031
0.765359617098377
0.76488845742305
0.7641520368474365
0.7625621119105827
0.7610086848265813
0.7605656312115361
0.7602688408997101
0.7604571776593636
0.7604717141385068
0.7606065919415146
0.7616710513306434
0.7625158185022487
0.7627253840120697
0.7618620431776371
0.7619741804222652
0.7613999902810191
0.7615668865534221
0.761200531259271
0.7617403607065709
0.763341129189671
0.7651624644668202
0.7670708171313813
0.7689729800258166
0.7682690239624931
0.7679189818065566
0.7676851821653506
0.7675481844397556
0.7673092880018116
0.7665652840357122
0.7671644217422489
0.768537757575141
0.7706201191589617
0.7734090156665727
0.7751176856019031
0.7763722877785469
0.7781700908480449
0.7792575542691228
0.7813964845484296
0.7833724472335692
0.7853346889079734
0.7873186020327616
0.7894701893615107
0.7898904705562608
0.7899249889916247
0.7892352393475492
0.7884451586959647
0.7866715645394619
0.7847229546034147
0.7827876682883902
0.7809322318745268
0.7794597624516901
0.7790563621052743
0.777514248307517
0.7769997307419533
0.776860975149728
0.7773652543782792
0.7780235544074732
0.7784150730780252
0.7784175267888473
0.7777055576569748
0.7772207043087372
0.7761822336219955
0.775069162047768
0.773413803664079
0.7723079822144858
0.7707948180877762
0.7681101339415242
0.7630259777760207
0.7597852670895507
0.7569940366976979
0.7532884181974476
0.7507914642239083
0.7506058837533466
0.7514813905209896
0.752819275428375
0.7508970719611474
0.7498011265086215
0.7491008409101545
0.7491677923602789
0.7491116477542115
0.747816909960956
0.7472338003152782
0.7471046264170202
0.7452568575103027
0.7442563777643794
0.7444351219460698
0.7463532768546527
0.7487975559896591
0.7512801850876281
0.7532790492583505
0.7545175738856831
0.7556305204953566
0.7571094528698433
0.7582285653044192
0.7595920554348783
0.7604411529678943
0.7601165116154461
0.7592669108941544
0.7583859668203458
0.7587374412954461
0.7593855541272816
0.7605482659795761
0.7619979024265294
0.7646093225848194
0.7671515673379014
0.7699494232942847
0.7709132356998695
0.7717417111508003
0.7728671832513485
0.7732399117637904
0.7733021646400374
0.7730375399423879
0.7711299034624759
0.769435769117354
0.7681304566128984
0.7674696502307138
0.7668686810249457
0.7668662835572764
0.7658660542081381
0.7660398124880656
0.7658089587248704
0.7658378078965541
0.7654879666029649
0.7659668233848681
0.7666187654149649
0.7676309418343863
0.7693017522465335
0.7719317185467387
0.7752681304550575
0.7786590514696565
0.7823466676802447
0.7850499581124618
0.7884804525910839
0.7904851691024561
0.7922686081236833
0.7935682457780114
0.7946834376023683
0.7944911546070916
0.7927319274617083
0.791026038719515
0.788603651161422
0.7859662054145934
0.783768649946114
0.781522266799081
0.7797283957976344
0.7785418362229816
0.7782160225461765
0.7777584661229757
0.7771850008690914
0.7767114440813119
0.7766928725089242
0.7770779057165578
0.7767723283128278
0.776835370520458
0.7768259332835296
0.7760558418200879
0.7761433128790013
0.7765887028800632
0.776063433553628
0.7763367105596678
0.7771445335957592
0.7780135365215832
0.7799957966595745
0.7822404239251444
0.7845437592278366
0.7867244764591872
0.7887702055693973
0.7907776147987208
0.7915759780522396
0.79243474156988
0.7929859425376857
0.7925559573923748
0.7927533529913504
0.7931044794062602
0.7933918154722261
0.7935969287832291
0.7940100256881983
0.7935823501665773
0.7924260330143762
0.7916190131245249
0.7909487416445924
0.7893834391146795
0.7878107594171804
0.7852678323499364
0.7823037676278569
0.779449310612945
0.7772388907503975
0.7758670782902862
0.7739751287971504
0.7723303840892211
0.7713156470380086
0.7705085795192032
0.7696323395762864
0.768660038964458
0.7676259118797374
0.7675035265687482
0.7681338014940372
0.7682439644930512
0.7696471221143575
0.7718247677052966
0.7742877687333276
0.7776640494911543
0.7816534856432926
0.7849820859811335
0.7881026463094608
0.7918519115787028
0.794317155651739
0.7947109551022906
0.7942734087604317
0.7938998283253118
0.7926394530817327
0.7919093714771154
0.7915204712988984
0.7917838538386561
0.7915514986494979
0.7903243115963456
0.7890363728323337
0.7882562254429634
0.7866990350375898
0.7856731140972204
0.7851873442262152
0.7852741051001669
0.7850733525857773
0.7853331865551737
0.7856050691934727
0.7849791667328421
0.7842462443449314
0.7825524093571256
0.7814155064008769
0.7814531135868414
0.7801330636268108
0.7800511947726794
0.7796064412218547
0.7792129622432787
0.7797511245159795
0.7799938719071737
0.7802963743342168
0.7789697629270769
0.7759735967495776
0.7708262288092015
0.766573038004123
0.7630441272454381
0.7598372664568943
0.7564082596975326
0.753963892117475
0.7522136806025637
0.7502365395422796
0.7485689990811033
0.7472649738588917
0.7469563393682945
0.7458791977973164
0.7447067568209947
0.7440216851027477
0.743964742773598
0.7436379326440258
0.7440237731546275
0.7458209131010353
0.7473329531004388
0.7479406266558856
0.7496382273623658
0.7492065884230906
0.7497760677505628
0.7499315326904253
0.7509424444433083
0.7514508012938185
0.751991396185926
0.7523523402815737
0.7513652610439812
0.7511709895517311
0.7464595700611852
0.7425083534743275
0.7403114775852195
0.7375164511188266
0.7355362306505111
0.7336555677555084
0.7327591113636759
0.7299965437619513
0.7291365852039422
0.7289938114271234
0.7298018896258659
0.731055446234401
0.7323549328318026
0.73381588564882
0.7336702935363606
0.7343164035645482
0.736258884440516
0.7381075219894861
0.7410050052425884
0.7438254337102834
0.7450151758868355
0.7461067146513534
0.7475293121313474
0.7494856681711116
0.7522185999032037
0.7553215032893851
0.7553034801118259
0.7546727893052748
0.7540091290211776
0.7534852537923962
0.7523775966343081
0.7503627020825027
0.7482345876843761
0.7465952131160989
0.7455013081934702
0.745289571808944
0.7461653504497694
0.7451576185373059
0.7444230298821995
0.7440085013894927
0.7438731244536115
0.7439603542457903
0.7434896603914932
0.7443267470271716
0.7449361619515282
0.7455645824314608
0.7452615507642845
0.7446473229977443
0.7446570684554364
0.7432061890797315
0.7413097704262613
0.7403368522929651
0.7400663250016754
0.7405432871150079
0.740370943156545
0.7401186511667476
0.7394172203806947
0.7377120487116662
0.7364988200519104
0.7352321622533372
0.7345884924932333
0.7328622826252541
0.7289494448742669
0.7266169099700288
0.7259112390747056
0.7266904641411172
0.7280238453811103
0.7291627183003071
0.7295805517573218
0.7295909220887931
0.7286829942056539
0.7279482779551925
0.7236082352655306
0.7148827230576946
0.707681244529864
0.7014623309138607
0.6966931293807067
0.6939496180767016
0.6913255791081482
0.6903806924726466
0.6903587022988793
0.6914664480182076
0.6923805395005139
0.693843205127118
0.6942119546207687
0.6916613812839386
0.6905354108764561
0.6917400112853979
0.6918147723868744
0.6926299123425351
0.6952223225278293
0.6985429704317719
0.7022217742986002
0.7065595544975198
0.7102150830663081
0.7146383143403496
0.7197868670325532
0.725220421559818
0.7291034641643923
0.7320715807307252
0.731832826018214
0.7302899048982564
0.7298565277283908
0.7300604996752638
0.7301857427019586
0.7303667935943718
0.7304779037730331
0.7307082832267726
0.731850049881052
0.7320727464898733
0.7333119830078572
0.7347813887724293
0.7360240861564635
0.7361190606219392
0.7363105847465248
0.7368214440424878
0.7372204678849806
0.7370525776049278
0.7346253567464536
0.7319632094535515
0.7299499314750337
0.7273550086262656
0.7262567558739043
0.726109803378907
0.7261367432551779
0.7253720602904531
0.7247970259823073
0.723310181387578
0.7220185746824775
0.7210189309253977
0.7199962827216723
0.7163070139429579
0.7152384065279983
0.7153177443098188
0.7154602261542797
0.7164164496741884
0.7164700775277225
0.7171802082093988
0.7175626708077046
0.7187543060299458
0.7190200877361596
0.7196752152173556
0.7206960966623854
0.7216334863617301
0.7220726031733843
0.722959658988865
0.7243757669915605
0.7255347884541942
0.725586789035397
0.7254188019675409
0.7254983722842197
0.7262564702784264
0.7271752628569922
0.7288305505532309
0.729196585146444
0.7290909148253567
0.7292504727199148
0.7296274586187336
0.7298341471735991
0.7301932636027446
0.7320093999914231
0.7336706243270683
0.7355487094245863
0.7372322674651888
0.7381026596943414
0.7377613798414788
0.7378763058144088
0.7375777093828296
0.7375843826253056
0.7376122508324131
0.7382982155679839
0.7392705482979497
0.7406458653747573
0.7418563303070205
0.7420800323662261
0.7429937015731665
0.74389701482015
0.7446533081006962
0.7456197779050694
0.7448129761219681
0.7438520966909039
0.7424797828243845
0.7414137730780171
0.7410455294679625
0.7404624780303352
0.7405998101888575
0.7410850434361198
0.7409954276039101
0.7416539504124452
0.7420213052928171
0.7415427157193926
0.7410783474247493
0.7390279913107056
0.7376268008506425
0.7370081214432869
0.7368275211646824
0.736245207807957
0.7363861971877245
0.7362964415001312
0.7361684884561693
0.7368935579860019
0.7384949413332129
0.7408246899569737
0.7425813103348697
0.7435802016306915
0.743572098643282
0.7437010378866445
0.7449682543100282
0.7459742249166287
0.7460882476032743
0.7459538414513943
0.7456087393226618
0.7460805972035965
0.7473258405573265
0.7481578083572231
0.7489268721291406
0.7485144609264963
0.7492270718668159
0.7507687892462193
0.7523822978388982
0.7549530099134306
0.7557052942931314
0.7571375454442386
0.7586823256213311
0.7590637915707394
0.7589897924268533
0.7583932805714779
0.7579159185410261
0.7580100936153442
0.7580472324473471
0.7591106289666097
0.760065701806748
0.7610636627737588
0.7614223483103946
0.7623694827507516
0.7633457226517384
0.7641068499933118
0.7647688457435208
0.7643304113463364
0.7639458843054688
0.7614857191743051
0.7584232513390233
0.7559928192745393
0.7544763748288952
0.7530478078263139
0.7517967508091655
0.7503746156708827
0.7492753526602033
0.748669294340447
0.7473118007130461
0.7465230632817202
0.7462562737395916
0.7460564760950241
0.7470077283769627
0.7480454205693431
0.749666815065601
0.7511001996037462
0.7522457293951259
0.7531538005106351
0.7533337792246906
0.7541091983558675
0.7545669056587735
0.7547095291008555
0.7541916390338225
0.7539389472918085
0.7505111289940212
0.7472029876976045
0.7447683656864875
0.7434373047681506
0.7429278194520459
0.7428337677636658
0.7435621351984606
0.7449158828380712
0.7465447173856982
0.7495267745637056
0.752482175575166
0.7554903978818633
0.7582874386924392
0.760462793168536
0.7620871075422072
0.7636838275306645
0.7645684874591259
0.7659046626824506
0.7669035048787807
0.7683743154230739
0.7693058357367604
0.7699603278923225
0.7701237867668578
0.7705045207144391
0.7694432382965057
0.7685799654699734
0.7671948465036693
0.7664461916813694
0.7650357855050568
0.7639555032010361
0.7630819464131551
0.7625598347259284
0.7620961472140438
0.7622988764093399
0.7636013779740027
0.7651284904843377
0.7663624005062378
0.7680603284000832
0.7682925965341342
0.7688374311915758
0.768870883653321
0.768198017319211
0.7680226927901953
0.7676696213681344
0.7667323820093283
0.7666199610791092
0.7670543205399646
0.7673389079947002
0.7671352696122756
0.7659850996653288
0.7649961499236052
0.7653794914284097
0.765177822439228
0.7649954817616172
0.764471385752365
0.7638133420071402
0.7629428933681114
0.7618702704613239
0.7603400955481691
0.7578356400410339
0.7564157995494356
0.7554112130714545
0.7536514340473066
0.7509844349941568
0.7494673848176113
0.7469831078100119
0.7444444326634138
0.7430931290826397
0.7433872362429805
0.7424874882168395
0.7421311816417535
0.7422477932934465
0.7439274817311791
0.7460053682761321
0.7480498647925343
0.7492370367233173
0.7503377902142698
0.7488340768979981
0.7471448511551344
0.744930446708555
0.7422542751104066
0.7398458161477671
0.7369121997741598
0.7344791833545551
0.733248245520127
0.7330786323352658
0.7327285606065628
0.7325096170879438
0.7332443641431673
0.7338756292731317
0.7342378459158376
0.7336172296000717
0.7334194573137336
0.7336286957293359
0.7348924426779073
0.7365628660666698
0.7376836117877018
0.739426469861817
0.7406824050463924
0.7416677578832356
0.7416588276462958
0.7408514485335972
0.7409888739845852
0.7414554153917137
0.7419663815765766
0.741519073313078
0.7412635509933893
0.7396952734656752
0.7356979702746055
0.7324097333253627
0.7283800425404213
0.7248576046254919
0.7228871193349314
0.721443179406526
0.721131247933362
0.7215751714381604
0.7227805650575048
0.7246673456897997
0.7275131933039732
0.7305417798456785
0.7326699917089092
0.7335489059843543
0.7342852238610597
0.7360004512881999
0.7356685523095305
0.7354977702666682
0.735943153103662
0.7347500511285499
0.7322116163720211
0.7288975814866052
0.7267639407668245
0.7252073964660448
0.724712201852733
0.7242766102143648
0.7239761273322073
0.7219818683286531
0.7214117600490076
0.7218334272928035
0.7222581732339212
0.7231463123229928
0.7251516005750627
0.7258848868743117
0.7270185054146591
0.7277889124610167
0.7285488401019921
0.7283757585409467
0.7265244063777443
0.7235507197076704
0.7201265087567617
0.7144370995867995
0.7101032830726367
0.70653416110275
0.7039590390571558
0.7026216225633867
0.6998734321923563
0.6991113610907163
0.6992200291890409
0.7003903804241752
0.7018852714092404
0.7034220170392956
0.7061704129122838
0.7094892784307345
0.7135726778675827
0.7178148305683472
0.7224325147823821
0.7261401023210531
0.7280103619681771
0.7284769968305029
0.7275049229504574
0.7250238117884705
0.7205500122458481
0.7160596054553735
0.7129686021560403
0.7101304650607665
0.7086788767460259
0.7062138188969065
0.7040028772847517
0.7027302181472581
0.7028158094808327
0.7028636264489385
0.7035486588480427
0.704880062180098
0.7069855307107626
0.7101784767740538
0.7134556121043205
0.7171074898130863
0.7200081727445042
0.7227432550463782
0.7253853741516412
0.7282015648068976
0.7306439951150971
0.7310233941665704
0.7318965272118637
0.7323632531862868
0.7317338922296561
0.7314860337717146
0.7324938916793974
0.7333704549272222
0.7332814777528501
0.7328213859787281
0.7323212781157087
0.7321653751539214
0.7318799572118034
0.7323030999816587
0.7331124994966486
0.73333608295276
0.7338387470453852
0.7340167222293076
0.7332163386208377
0.7325918444769577
0.7322592189849136
0.7323518323036502
0.7318574937376686
0.7318839463033502
0.7330845899159129
0.7349139385909395
0.736256508690075
0.7367378599026334
0.7369041538919923
0.7377623087056843
0.738643815150852
0.7391219067077998
0.7403482228754891
0.740528356493431
0.7407888797091781
0.7413964920899764
0.7421086665271764
0.7434915534323185
0.7455518470984602
0.7470320494216448
0.7493314631340096
0.7509341401520708
0.7529281932284978
0.7544928914989512
0.7560161350812711
0.7572609790841083
0.7583506459859707
0.7591979286703278
0.7577319697261256
0.755488868269319
0.7538335169783782
0.7521780880029971
0.7512178515666971
0.7503128832387064
0.749549703916163
0.7501264354531001
0.7502822150228518
0.7498667528512982
0.7506717928125344
0.7500735635334406
0.747922270461406
0.7457600298308469
0.7435549488579976
0.7419891204237054
0.7402906632114864
0.7396507523617122
0.738277920189337
0.7376381778317388
0.7381611555288922
0.7377318508238585
0.7366538541366084
0.7365877506976133
0.7370189692163562
0.7377729455305716
0.7391681027552156
0.7412361919100421
0.7427696375489597
0.7436657316431032
0.7446881290185426
0.7455000564844596
0.7469694907159141
0.7485477599115878
0.7497284561790205
0.7512116796347837
0.7520012395211108
0.7526298979852486
0.7536887459157894
0.7551809208901282
0.7553795569472864
0.7556153996660936
0.7562573982434804
0.7557534451707096
0.7557077257109208
0.7570984080440782
0.7590258132076342
0.7599496983256421
0.7597273508563858
0.7590181714188968
0.7577206574564319
0.7561067683546778
0.7551714331991575
0.754514123113628
0.7535663711297961
0.7513869100006482
0.7490947260381341
0.7475547804237993
0.7462396883188169
0.7441190381972386
0.7410437105317013
0.7379777188734998
0.7355945956299722
0.7345158904066893
0.7340742716563019
0.7342147661645942
0.7357287829389213
0.7375117046727816
0.7396351466968989
0.7410923894275141
0.7429757006039459
0.7443379466789042
0.745329045845911
0.74637369176879
0.744356127772925
0.7428443238700063
0.7415354705229652
0.7403242569424734
0.7400415237868441
0.7402246913134884
0.7411757050213209
0.7409571086647473
0.7402011317189721
0.7400921498750884
0.7402083607358165
0.7398580715665183
0.738337634078757
0.7381611334388174
0.7381575160837845
0.7391447035598071
0.7405899629368081
0.7425753380151225
0.7446788060119095
0.7469007073159143
0.7488562753858677
0.7502906698705754
0.7513602891758189
0.7519141203973464
0.7530637367546023
0.7547073863256389
0.7564105056446814
0.7580857843944027
0.7603020025932314
0.762268537334154
0.7619586806379418
0.7612044486196374
0.7600594572966843
0.7584508757020253
0.7558591537194942
0.753587728462575
0.7522750177642176
0.751323089433677
0.7508574789040333
0.750983358609434
0.750939796080585
0.7510030493056988
0.7518380952260064
0.7517728562197812
0.7520603722744876
0.7511371678715638
0.7508856398139774
0.7503524952924018
0.7496252218388643
0.749321760566653
0.7499285513015636
0.7504277280390874
0.7520317159513724
0.7537633064778305
0.7553646902223781
0.7570630092972711
0.7580941674933046
0.758433294069417
0.7592147200749237
0.7591892328248703
0.7592074987342133
0.7591504347719387
0.7585802920140041
0.7580977484318215
0.7567823333274166
0.7559625864106001
0.7550388483310838
0.7541180576589473
0.7535219869876805
0.7528802168367181
0.7526644442875848
0.7530454936898944
0.7542658094780107
0.7552456684753115
0.7569890335361386
0.7579552803337409
0.7585426323436516
0.758324560916313
0.7580175440582438
0.757853370458678
0.7579533563509728
0.7582943187548314
0.7587243253776604
0.7595664631268466
0.759746667125838
0.7601060754334426
0.7597182300700581
0.7579324031050738
0.7565135989254389
0.7550568997054513
0.75381631088739
0.7531264534695066
0.7525593375596008
0.750416195037931
0.7482596434612476
0.7462159693579917
0.7440257509181176
0.7425712878280006
0.7423449270375232
0.7417554059782793
0.7420723510654633
0.7426745865935831
0.744009410909731
0.7456529236186864
0.7484463650092394
0.7506115263499966
0.7530937344811591
0.7546546043694872
0.7546481210865366
0.7545511865161644
0.7547102650868018
0.7539809912897941
0.7530774237215014
0.7534364605673953
0.7539921660262959
0.7540413926978341
0.754320503406775
0.7542955665778445
0.7544349354634093
0.7534907816231757
0.7514660389401592
0.7474147444716109
0.7443711031519017
0.7417605278570218
0.7393699811381234
0.7379008816259531
0.7359893733370595
0.7350389397299919
0.733151150062105
0.7310056444501131
0.7293866162890154
0.7277215839044553
0.7271062444581655
0.7273140253049005
0.7269033036596431
0.726765108254796
0.7274870595820943
0.7283900996080712
0.7299675131931754
0.7303483505796727
0.7296449270316375
0.7290675955919805
0.7295280902596577
0.7302345385958554
0.7310107981135651
0.7301287166339047
0.7281595175826724
0.7256056588681818
0.7239332200790566
0.7229886017534588
0.7212321675406833
0.7189157728544959
0.7175276187296824
0.7152712949085879
0.7141565125991997
0.7148545850710034
0.7149444457493531
0.7153149861186409
0.7160888737382235
0.7157369107551409
0.7158459549274502
0.7159770889865388
0.7174076130845453
0.7188892858013894
0.7202670424466108
0.7198087703132057
0.7193829925323673
0.7182092277333466
0.7164296265018044
0.7150916718386946
0.7146528431907729
0.7147432576630115
0.7143388564138261
0.7148296544430327
0.7161622474874727
0.7142878690822345
0.7129158926425804
0.711520859408007
0.7105422000608521
0.7092800764995659
0.7070379510186116
0.7064829025869246
0.7067891651871695
0.7079832493266609
0.709532226097658
0.7112300344986268
0.712432931560134
0.7125314202668847
0.7128992671454677
0.7136551838862107
0.7132453068418106
0.7128576886516128
0.712777356287669
0.7119170422060268
0.7119674462997116
0.7082045876278112
0.7043867332394439
0.6995282330386648
0.6968372802692908
0.6962484183948979
0.6964710743084991
0.6968088252067313
0.698030187708213
0.6997073976634511
0.7015335028991647
0.7034662317578847
0.7053224709243269
0.7074130811921625
0.7102456489730664
0.7134555400052903
0.7165214908775109
0.7196126432014266
0.7230977978791888
0.7255127318982544
0.7279249141964925
0.7307966438836023
0.7330115310553871
0.7342448313237369
0.7341254356848383
0.7342602052541134
0.7343355329999608
0.7338846547446336
0.7327693496677251
0.7318405747116559
0.7306182737934567
0.7302161923864144
0.7302863189209251
0.7313346620808462
0.7325697310396092
0.7341551322581201
0.735691481320536
0.7378452258345666
0.7389141422648506
0.7394857566253435
0.7404289890745233
0.7412378586938132
0.7421963905374149
0.7437911850748503
0.7445514087171451
0.7453932090119882
0.7462126914574715
0.7460205069165896
0.7446380716390345
0.743354455187853
0.742323468985548
0.7411936650837676
0.739293061688025
0.7382113912056786
0.737275665776872
0.7364308486317724
0.7353531573804467
0.734232295721568
0.7337285556995452
0.732417298330238
0.7311751565053503
0.7307888190342454
0.7299518331168756
0.7290432597059623
0.7277804678229801
0.7269138817250327
0.726358055504837
0.7262853306495377
0.7247603636948352
0.7221838442180019
0.7202149749109099
0.7187329007709018
0.7168856834994045
0.7159112515224434
0.7166482222714475
0.7176972565423755
0.718209543832409
0.7189716417858281
0.7197842222818
0.7205695008231339
0.7149063757781345
0.7098177088331494
0.7044868955147913
0.7000252075513125
0.6959611922922159
0.6937574843273163
0.6920957727086494
0.6923785561123311
0.6921073933890882
0.6924651855770034
0.6937076419512108
0.6945732807208069
0.6963846155320369
0.6987809816292866
0.6996874494659496
0.7014690932736317
0.7030902395123897
0.7051417196998682
0.7078240943073548
0.70986681990438
0.7125825273196618
0.7154040903262081
0.7174802230910753
0.7198370651726416
0.721420489163888
0.7211251623964157
0.7192041914689797
0.71868431846652
0.7185798452957689
0.7186106045840006
0.718697865562479
0.7173814094284385
0.715185599684556
0.7130485285534147
0.7102054801290799
0.7082638212088925
0.7066687784783564
0.7049617302393626
0.7039006279624789
0.7027017154304379
0.7019803475243498
0.7025515838646174
0.7031288102309033
0.704786973268218
0.7030793289289416
0.7010846057537892
0.6986234179780192
0.6965975679664922
0.6951053452399967
0.6919441997602649
0.6905937778860466
0.6889408288381803
0.6880609472177897
0.6818438165313351
0.678065204333956
0.6756260494523528
0.6734186536935243
0.6722245423412696
0.6716549130644188
0.6728131265539599
0.6744428665597083
0.6736439287244754
0.6735727096291242
0.6745035400521823
0.675638923679714
0.6757282967633
0.6749034515318791
0.6743962490718576
0.6751154640263434
0.6763317154381223
0.6783984212855545
0.6803486646471538
0.6830025016385038
0.6857402893472082
0.6880771227567173
0.6897972583787186
0.6908762879870056
0.6911926216696249
0.6925636084716422
0.6937831974396825
0.6954552740604429
0.6973375448942123
0.698882688278752
0.7010540148452108
0.7011416735537508
0.7018554870201072
0.7028897546163215
0.7036370150781724
0.7043053973618066
0.7055938941634299
0.7075750316608834
0.7097062101657373
0.7124308356584368
0.714254494795769
0.7160290839003374
0.7180153234265424
0.7199086418655055
0.7220114288905487
0.7243818870596103
0.726869798446166
0.7298974373708886
0.7332843618038948
0.7359777538523501
0.7381139398917981
0.7392248040302668
0.7407946611872603
0.7427208921914089
0.7436347806646336
0.7438159203200904
0.7442434744088723
0.7449888383616903
0.7451812134660549
0.7447789358981084
0.7435479516975501
0.7424778724551908
0.7418721860241678
0.7406907916983706
0.7392690982313292
0.737556132524459
0.7362825171804315
0.7356294364533231
0.7351892165156272
0.7343574778153913
0.7335742908863757
0.7335268990952258
0.7337231871593208
0.7340856342873391
0.7339659427453812
0.7339209640804177
0.7329290859019035
0.7325688200590323
0.7325012469088905
0.7337612849037571
0.7358291659323217
0.737840137019957
0.7396105833150425
0.7414544025574293
0.7432921873953203
0.7448461521016887
0.7468363305245734
0.7486297780508929
0.7507481090295535
0.7524227257161967
0.7537936621902134
0.7543840406324822
0.7550940701050401
0.7559559272432026
0.7566699735747164
0.7570514384182572
0.7574587965522902
0.757366160153715
0.7574986943581699
0.7569150595701312
0.7564207946127962
0.7559022169157235
0.755647778109336
0.7559491855189022
0.7573806439412063
0.7588543896862809
0.759414828257342
0.7599983309338465
0.7602112465539277
0.7599837791857398
0.7600996203595834
0.759376801398961
0.7595379431236576
0.759519124606508
0.759022991884848
0.7578305129261025
0.7564289289401295
0.755159174517783
0.7534017350764457
0.7524263393857078
0.7520892841809933
0.752036770676138
0.7523667735119997
0.7533204341847846
0.7543036452490443
0.7556273221986769
0.7568006984550152
0.7576841820450061
0.7581081047476854
0.7584485453806938
0.7588482585987145
0.7593078644738018
0.7599627548379645
0.7607146595507362
0.7619266740506837
0.759373170539204
0.7568519647074265
0.7535995187501752
0.749781806831668
0.7477131913767507
0.7463763901849219
0.7457583503402087
0.744355428631161
0.7440570051893667
0.7436790803960464
0.7433051508920506
0.7430260594953824
0.7422957572743937
0.7424960369664758
0.7432755586986111
0.7437811663722163
0.7436286016280348
0.7443039601915146
0.745026749405276
0.7460835848125259
0.7474446382465741
0.7486167459632876
0.7503599374178963
0.7518521787547457
0.7536077904462875
0.7551481834578619
0.7559495667431596
0.7568348048473327
0.7574462923398312
0.7579281556776227
0.7562944817675747
0.7555144912980423
0.7548005878836108
0.7545127852404877
0.7551176988805653
0.7563929881665447
0.7576146950689899
0.7593048540310754
0.7610655381111792
0.7611072035948824
0.7615287495485723
0.7615950503200695
0.7617512342802512
0.7627160006133674
0.7636934545091347
0.7640659528641832
0.7632401256093341
0.7621926040540754
0.7612186705648742
0.761035699261242
0.7601588849175149
0.7596544555465846
0.7590610047772847
0.7590805794044015
0.755707793324785
0.7530473212239008
0.7498114808343367
0.7466425778913743
0.7437925403318566
0.7418954582365231
0.7403088533624002
0.7397003480657912
0.7390629035510352
0.7387584893008865
0.7394927748315483
0.7403511754037841
0.7414027804465981
0.7426835312588072
0.7436358548878392
0.7440028882548738
0.7448246203859461
0.7452028014474781
0.7457497207832029
0.746494845227674
0.7457870670398417
0.7442669980649212
0.741138096790613
0.7370475615318478
0.7340289792917992
0.7325963757377058
0.7328903309508976
0.7349059136832825
0.7372099433254041
0.7397897066420004
0.740757920300042
0.7404694964793859
0.7392310947912181
0.7392618394493599
0.7403659729627085
0.7391610205771216
0.7378470055537952
0.7372945982214446
0.7373738655065393
0.7380139626617999
0.7385036007916408
0.7396654196236467
0.742143244121728
0.7440230013134332
0.7437116111631066
0.7432676934298735
0.7435367718182896
0.7424602665787625
0.7416886289762527
0.7416818293705651
0.7419824387507455
0.7428238716892784
0.7450298658338411
0.7477501302960228
0.7503669657584197
0.7529652294950795
0.7550117385759764
0.7569550755922175
0.7588269023573212
0.7586606567318397
0.7580944756989906
0.7572533883035004
0.7556937096451893
0.7539251233129718
0.7524609674462621
0.7510925966682824
0.7491100895242084
0.7450351713482678
0.7405163220570724
0.7359700733854497
0.7329019903926631
0.7303541989016441
0.7282132482732278
0.726105935906427
0.7245321421891466
0.7235441240650418
0.7225221874559552
0.7233120712442289
0.7232059247856604
0.7238590047334642
0.7249079765887334
0.7248974035932706
0.725434284855567
0.7268679333207496
0.7285078837557594
0.728690876212192
0.7281215041034605
0.7274926530704479
0.7274689276263341
0.727783296841082
0.7290462682892618
0.7291764446524789
0.7276224886526107
0.7272083244931181
0.7272478901992379
0.7264276409459516
0.7265385514698982
0.7252266147724402
0.7252661626486723
0.7256971938349649
0.7262725596774419
0.7281893612624345
0.729474439139757
0.7303425823119695
0.7311243822145735
0.7321084717905139
0.7331146864954137
0.7327619471619107
0.7325038391641341
0.7317583939204312
0.7317401390647669
0.7318920614116352
0.7322657701870154
0.730817720845402
0.7293505767779738
0.7285605512937466
0.7281902306149753
0.7286354604189537
0.7291003140383973
0.72951090621461
0.7303870737505144
0.7309312537631419
0.7321654821750399
0.7339190231791463
0.7359258524971224
0.7381924300480351
0.7414270356720489
0.7427667006323376
0.7434931026122714
0.7450836080358599
0.7465667443134126
0.7483518375270874
0.75031290171895
0.7516916522612969
0.7528410495920977
0.7539723085960759
0.7558943033645484
0.756821621571615
0.7578927373402298
0.7590425516251754
0.760238175352599
0.7616217748888304
0.7630520910541204
0.7643350637331625
0.7655252235989543
0.7666957046732562
0.7679288068366629
0.7679184806357485
0.7673704173678857
0.7674789513939133
0.7674574520295766
0.7659589676785242
0.7649737177709385
0.7635150348986175
0.7621543160696294
0.7614010286054189
0.7604691204414739
0.7598894332982924
0.7601150471172875
0.7593340028809894
0.7581162625490105
0.7568568694615044
0.7554296686908687
0.755054062320275
0.7555706554958209
0.7564421966809335
0.7567623343457786
0.7558505932789576
0.7548635147235973
0.7545519943407822
0.7545399423789245
0.7516303580560947
0.7491218664181788
0.7478061010817337
0.745752897604899
0.7449302880351285
0.7443920293392379
0.7434940917206567
0.7417214875172253
0.7394024786350137
0.7376655968572986
0.7361740368279691
0.7335412917716447
0.7313256117365956
0.7301206827519489
0.7294785279410729
0.7296203637102523
0.7301053158082809
0.7314359932675142
0.732277176927587
0.7337904290412679
0.7339479079119233
0.7341733910564359
0.734501960773534
0.7320268113661239
0.7304682877052523
0.7293634070786449
0.7286213207768252
0.7284176397065276
0.7283002931315329
0.7284992809896876
0.7282015888016307
0.7289287435707333
0.7299215363612748
0.7310087583888921
0.7325309431391751
0.7340326491838666
0.7342578919869661
0.734255854304081
0.7346386885900362
0.7357775737132093
0.7365400319503008
0.7367578365877128
0.737381061797072
0.7381212557075906
0.7392268498531619
0.740437571622862
0.7413065978292391
0.7417016579623715
0.7424294958955019
0.7434137087834126
0.7445033674182582
0.744914578142458
0.745432615673581
0.7465659818950868
0.7484433130016285
0.7503832653675442
0.7523225606801315
0.7542191971080855
0.7558025935708158
0.7553332342013648
0.7545834200568742
0.7533311657344928
0.7517577998425617
0.7505593629376239
0.7504210143580569
0.7498637750232052
0.7486960427632359
0.7477240632867282
0.7467473468924877
0.7425159917518247
0.7385859184492891
0.7344312921947742
0.7319501870656994
0.7300307939753952
0.72857126280119
0.7272853815684804
0.7266257413146058
0.726358638091359
0.7262834104032646
0.7257632040100295
0.723996599530697
0.7235492804444993
0.7229188695518927
0.7228181187279066
0.7242359082295685
0.7268716594642035
0.730160990322497
0.7343135333641642
0.7379420452990225
0.7413988957012126
0.7433651300720812
0.7445653553184
0.7459637939623469
0.7476362200048956
0.7481746612092535
0.7470094345921554
0.7461758787103892
0.7461579773332414
0.7469212698463024
0.7475585858228294
0.7486168060871977
0.7502891612347271
0.7496076110020351
0.7488719782593024
0.7488972632835296
0.7481069141931809
0.7484072423380262
0.7492997087178367
0.7492951510748377
0.74675690137606
0.7454273250300252
0.7442634207358467
0.7436895912715
0.7425760385576042
0.741612057833656
0.7416288407123303
0.741014161449014
0.7409981293453404
0.7413002377288439
0.7420505651868742
0.7433286021878636
0.7451007477767359
0.7469808551888948
0.7491205687787044
0.750253697115938
0.7508646057907481
0.7507350165164155
0.7510339616100553
0.7520802072245214
0.7524237391473174
0.7525166252597979
0.752174309989207
0.7520641085850348
0.7515656914347582
0.7519962382295632
0.7530041938287064
0.7539188633373568
0.7526443137199231
0.7515231577657568
0.7505236288934855
0.7502533617744749
0.7504205125038489
0.7513945964746712
0.7530061521312184
0.7546775324489311
0.754773977727818
0.7549043272566381
0.7559805395916336
0.7572188413072799
0.7569761833668819
0.7569378721018645
0.7568733186398099
0.756461006723136
0.7558105762022416
0.7551771041519312
0.7549047963499464
0.7549581065109656
0.7556104531116243
0.7560697166294387
0.7568037004431396
0.7571492775309326
0.7570535909200262
0.7568542503354023
0.7562548512760363
0.7543040464214037
0.7528260329878969
0.7520386014943684
0.7518945886732382
0.7520726402555017
0.753064343378636
0.7533422771873803
0.7536129335106373
0.7536228488433405
0.7536128478592111
0.7526899114253961
0.750718652847487
0.7479613372566108
0.7454150760741961
0.7427339964264567
0.7397472071017416
0.738360015957431
0.7372819392795242
0.736535813357905
0.7363468426847196
0.7372082780744775
0.7386879674858419
0.7403314913466621
0.7424450130057001
0.7452233750379437
0.7473813570876484
0.7500042767865497
0.7526690040625159
0.7553716568221893
0.7573660909935455
0.7592724773440621
0.761360910229168
0.7634030330988053
0.7638211893640838
0.7636840655954086
0.7635533507112594
0.7630331759025246
0.7623084348747577
0.7616786976209993
0.7600678715715558
0.7576153393735062
0.7552575799669471
0.7536884930180936
0.7524026646819629
0.7510850742398492
0.7490011044217744
0.7479870636883255
0.7476289074227732
0.746915203251629
0.7465009745174253
0.7464875367701624
0.7472652882241935
0.7479953106263757
0.7490930980004279
0.7506323702701567
0.7517789922055088
0.7534605230768476
0.7545313850429579
0.7563050502605353
0.7549324475827722
0.7529655815457149
0.7521099358310265
0.752195407685473
0.7529009151082154
0.7532395480723486
0.7523831860944453
0.7521161826150593
0.7526007114835591
0.7536624059561555
0.7553550423424299
0.7562259405423639
0.7570618918324086
0.7571061249499316
0.7571996910376619
0.7571962092056306
0.7569938732148492
0.7566348129570569
0.7564049446102499
0.7565453606736529
0.7563309762448639
0.7556442228618616
0.7552426095309517
0.7544482151286336
0.7539096320657745
0.7540976494932821
0.7541407597189097
0.7546003276918452
0.7546723406164897
0.7547359953206388
0.7560324591684793
0.7575639412781029
0.7599056095928631
0.7625808159680884
0.7645418112548426
0.766555583246065
0.767875093669577
0.7669448462672577
0.7660669302862192
0.7647772329804846
0.7633536800030869
0.7623079767154017
0.7621172980069868
0.7626488716015991
0.7632130680798734
0.763672253833308
0.7637958214516165
0.7642740923313515
0.7651397537716704
0.7666269179581241
0.7680337527129617
0.7700853771141581
0.7713658226304998
0.772301169820389
0.7730475794130232
0.7731323283456074
0.7733166427487563
0.7731862249174679
0.7729639003606751
0.7730701681399189
0.7736638769150141
0.7750452378805851
0.7772763289590559
0.7786263957591213
0.780361531859678
0.7822191388407441
0.7819395530082233
0.7803081560642675
0.7791058684313115
0.7780504185179213
0.7777169408397744
0.7757070182809943
0.7745172687153339
0.7737442738865484
0.7733585311711119
0.7737282091626918
0.7743769894960552
0.7747442681884519
0.774684193295965
0.7745269218235965
0.7747944633754154
0.7755654998980467
0.7757364161201535
0.7748921058124119
0.7745260432790916
0.7739293678203372
0.7733833605884131
0.773347180012009
0.772618744119205
0.771399238653016
0.770597237871533
0.7707022420853178
0.7702163749732404
0.7700847694615978
0.7698622629538999
0.7691545472962524
0.7683282240771926
0.7678638262221495
0.7676305951909898
0.7656683395389211
0.7637287390240275
0.7629814833846458
0.7620408703829015
0.7604154473163778
0.7586997661394396
0.7579025372908329
0.7562786500952559
0.7561921783653437
0.7560251537268504
0.7554617919841646
0.754018918614717
0.75131632477677
0.7500340856106824
0.7483660107251942
0.7470257693144778
0.7459085696849238
0.7456581552031681
0.7462005640399726
0.7466131028369843
0.745341197851397
0.7446847645794983
0.7451509031323444
0.745587292349982
0.7448669990895509
0.7432644759453918
0.7420268883481705
0.7409677685503904
0.7404927676623546
0.7392834313157254
0.7383608848990514
0.7376988758921592
0.7380527907567189
0.7384154851171577
0.7399381031582221
0.7417265401282067
0.7431232001364219
0.7436996971020886
0.7442597500234717
0.7441573549481459
0.7452847999082757
0.7474883084952995
0.7480860801517532
