0.4414822284503602
0.4406312376453996
0.42744203881802817
0.4227338387577155
0.41525890776302454
0.4089617349737901
0.4043200780073006
0.397823595577889
0.38781578073424605
0.37550119030208473
0.37159270628162566
0.36203130320194943
0.35576157023322286
0.34761559540235787
0.3416222953346665
0.34046868288402277
0.329491773342686
0.326485162825759
0.3145327856964407
0.30593686988313984
0.303501524899783
0.2894415987952128
0.28577170704657245
0.27390041875276716
0.26427165473758146
0.265857367347745
0.25095371931289173
0.2497228748199074
0.2386176483727504
0.23567764851772038
0.22017538282747762
0.21613794483663173
0.21295747223085276
0.2142550762661805
0.2063431047103264
0.20375600487870782
0.19992332556786546
0.19637101556543263
0.19294181572459118
0.19751418984035896
0.20122882920586715
0.1922997421597744
0.17949028155468283
0.18680019694700473
0.1876292331913605
0.18179114762311582
0.17787714355539502
0.16170542702983892
0.17299970352062993
0.17655842049933812
0.16182853903667233
0.17806995199809728
0.17010413517389084
0.1658364312099061
0.17444425385729262
0.16627219142400484
0.1579937872715932
0.15517989974614382
0.1552106104467444
0.16200952719237238
0.16525001773902043
0.15905965529817317
0.1695139430871192
0.15501699022836257
0.1652478547221718
0.1563147459439272
0.13911720449070542
0.17006947744463108
0.15157598524805316
0.13736393212868753
0.137381517964197
0.12935837480787948
0.14668833416002974
0.12741373397636901
0.13029479037141556
0.11718975053325442
0.13809456396956982
0.12392802351520427
0.13354033939366167
0.1279451905948516
0.1304685073698344
0.125570648597169
0.10670012969218884
0.12355502302590982
0.13640623284398112
0.10245813522689479
0.10064352788650088
0.10055739479864229
0.10980098734982435
0.10266204415479463
0.08525018847244531
0.1060088410117111
0.09443447168485852
0.10586863277559627
0.09491915514858362
0.11371293490008394
0.09747484817469709
0.08072509901638253
0.10104517340277908
0.07955734407239384
0.08957637234063376
0.07442696287325934
0.09799809061091086
0.10228853287258349
0.08185921935428181
0.08563940725460889
0.06782354242744665
0.05706603189513043
0.07519754205121015
0.08727041077068615
0.10527395758919511
0.07225029284361884
0.10761799145206846
0.0995735815722501
0.06230940688676351
0.045144145332314756
0.08717591723179624
0.06391507141711411
0.10182701210517492
0.052101931472230856
0.05585116262510642
0.06265852301010083
0.08880673629740338
0.07666673518501543
0.0750573935283338
0.09047413021823592
0.052572103331540165
0.06399799346003504
0.04277952560261128
0.0836468681624205
0.07175397433009034
0.07127266186766079
0.04703934721089226
0.06523119556665635
0.03721512204050448
0.045068976801158345
0.05100675994388293
0.08404131736076431
0.0818206254224611
0.05972861877527219
0.035731309012512036
0.0694992123849667
0.05441514069505465
0.04474292182879397
0.040337198357899784
0.012302401941120644
0.06190269782133706
0.07722336404878105
0.05242308153964981
0.04429792790947468
0.07590323473134936
0.08684934726630261
-0.0038921406810227266
-0.011682326822164413
0.05447178403544034
0.09180975618497844
0.07893160030280816
0.05766052915248476
0.00398579009244221
0.043841661512887986
-0.001796131387636568
0.0535485470826767
0.07803125617727358
-0.037552928225498494
0.06304906271096616
0.01698589850492349
0.040496929904265455
0.008227859520808678
0.08769464824512724
-0.01220162027052396
0.05859418814797235
0.09373741578983197
0.054075892350085586
0.029331695361905608
0.013716886042815457
0.015162669789061112
0.05014731920460441
0.05085987229837746
0.05329948390849676
0.08039922694607515
0.0669169886782141
0.04883398757565027
0.09583960459550961
0.07199661070051422
-0.02052810368492264
0.03488400315508722
0.05080263473483554
0.056680592214741976
0.0679393706734896
-0.012563184051367915
0.057559424737064435
0.06383072825780711
0.02601862331607213
0.07489141539226929
0.07099598908019317
0.05247585045361597
0.04596137170522163
0.058437891611213155
0.0164967649835846
-0.0036863917147530456
0.07966419574237671
0.05352600452317541
0.060061195703145276
-0.0004745394787458723
0.05586763406877898
0.06358709665744022
-0.023609899558580505
-0.006548786817831553
0.05986061806898946
0.00864303797010818
0.034912062426133095
0.026586139629240224
0.03197933838814038
-0.01394300294253037
-0.035960041814416144
0.06267907952932472
0.04175914157187888
-0.039425409859735416
0.018360696158610634
0.0016516795078238
0.09989986739491807
-0.038486309389034745
0.04198079788834108
0.04597932592599707
0.1343400889098033
0.05962294077318092
0.03096085377923774
0.028741580580899873
0.04881352612660855
0.03791717198633937
0.017860796905042386
0.06794461027525023
0.060553113343192966
-0.028672761967528215
0.07270261217767177
0.008573088835976406
0.02215362147319061
0.05183805467250091
-0.023331025286219886
0.07307684349302612
0.053715042009209346
-0.006457766701696399
-0.028720080211719012
0.03278218849751213
0.043980979240684115
-0.04162390738401345
0.04164374199785165
-0.02079863197134657
0.005778246681194532
0.0012855945606597419
0.05653116637997513
0.11234467448832552
0.02513577737257705
0.0022086635299627955
-0.04751793687548744
-0.0025735345286198585
0.06292009046107339
0.05625794738943396
-0.017892360359278214
-0.02266049977643647
0.03160682995047881
0.033923855372890555
0.029564733571498247
0.03240420219387974
0.02600244321651629
0.06800603681746115
0.026946955870535916
0.023876423010458336
0.02489905483592253
0.02733790176296591
0.041164170132316935
0.0322676644221771
-0.029544355706248804
0.014135878289586623
8.88518576636077e-06
-0.015692015109717516
0.06983142607790899
-0.005682464723219316
0.0023314680455143177
0.10269849703852407
0.011306370338065475
0.004852799909402072
0.06760989185361549
-0.017915677714140377
-0.018065024609895564
0.024570016760681213
0.0609093384189231
-0.02717962817324393
0.00972001436098352
0.022935517276188644
0.03768980862798649
7.391348247925977e-05
0.038296954175901565
0.05604229548443124
-0.05652998464287429
0.0389969337152174
-0.027542574926850083
-0.024080027174097074
0.06445370466307776
0.10765951378685135
0.08337080119026002
0.05414330642925963
0.07478510084833012
0.025013007745542326
0.14434894335837645
0.03823831572046216
-0.04117917953247685
0.05951005463926079
0.045785556721735066
0.016272610748192307
0.1137251262075396
0.03913759593291394
0.0363787196998453
0.014227650453553675
0.052760168309488764
0.032202502830594504
-0.004379368411579931
0.009828236389184786
0.011103211520650469
0.0434209191681898
0.0793896597649219
0.07558851133633249
0.03183656659917744
0.01521730630792878
0.017203470210625738
0.014099507353325103
-0.02612087011662889
-0.01596038399423183
-0.01707311358108199
0.04708629268332187
-0.08046903692838991
-0.01792957567120701
0.04145005968826804
-0.04810905138853083
0.06705421817573826
-0.051009738068875654
0.03490599371733538
0.042253284841003935
-0.013928796123984233
-0.13649977721403184
-0.04967231059130428
0.09830537548497875
0.02141467345129283
0.07893977529340801
-0.04598753670187394
-0.01846179138152182
0.07234635343364143
0.03583765573062547
0.04780873251574225
0.05546536097148036
-0.02221509448848047
0.06896497969337662
0.036384923185439455
0.01838228576511708
-0.03362856396463887
0.03841954789001484
-0.05911804665933762
-0.00662911219059481
-0.049994865894772755
0.017618701331093334
0.07935475299686812
-0.004733191221848343
0.0784090539390716
-0.017024466034480046
-0.031086114622589145
0.01616404064692767
-0.006691386177468672
-0.015791825083468325
0.0010708966461047131
0.0032978288391433686
0.030651628597859804
0.061520401759255494
0.04854579897747474
0.05496403201456096
0.04059606071494892
-0.0040721845855493655
0.06542413256135737
0.0370285566975147
0.07313946057894166
0.01920939257510379
0.04666867521939261
0.027795831371460633
0.034776995773343755
-0.023932934183377275
0.02294181670919132
-0.05300226337639524
0.04042512222993322
-0.0023186735464989505
-0.013853794207045356
0.001531094933969468
-0.03157970074246019
-0.016511803524020596
-0.035832161992569445
-0.02642339737270849
0.07801054163585419
-0.03738630267417631
0.0689010800016005
-0.032304886424469936
-0.010677211285307298
-0.01747367052336002
-0.016753845946385404
0.08460540269213951
0.026052343044207116
0.051351097646959054
-0.034293299790348675
-0.10063648038061479
0.039717006025657864
-0.029069217144609083
-0.07232429358660297
0.158139718497479
-0.06304609022579843
-0.043395264306721915
0.02928105965644262
0.011585612116897626
-0.007236814252249979
0.06611200079879381
-0.01014389162599949
-0.02765757796198509
0.014075743431947174
0.013091690737408457
0.010432318955426179
-0.04059370280683239
0.05136234317140259
-0.01941815575688932
0.014889861056680387
-0.00038721778314931843
0.05020641015726163
-0.002397809844582821
-0.05855116005898886
0.04595168479912953
0.013565445933746534
-0.03096356572921688
0.04918483700359788
-0.02874092029557762
-0.02032186343872011
0.035659917263528074
0.030880273469563457
-0.049486052739525443
0.04564212812597962
-0.02083156366251171
0.04555877217737242
0.07873001655834039
0.0162227034965447
-0.05916468863870794
0.008230898282973076
0.04869822700636317
0.03834103592087157
-0.015487119853693332
-0.008336797788626948
0.07498197396847311
-0.029668184325306823
0.008347105228535101
0.11301866556896933
-0.08824576105357662
0.035526190585213446
0.00860995616514687
-0.09813823115538356
-0.0055520905134986975
0.04333890882774766
-0.09793891635631402
0.044331420488625206
-0.02411213889131536
0.08608842895416152
-0.012482162984216338
-0.07918487668015939
-0.10054974451387388
0.07340949268309505
0.08862461751783524
0.011072841483924345
0.055004423124509205
0.0508249528192366
0.04235838556237581
0.06763115647620344
0.14628670282133782
-0.012601681797131281
0.010695953929502344
-0.020433125951112352
0.09079694537205302
-0.0376963139621076
0.008457367401511817
0.015897067153507916
7.358699525739087e-05
0.03387277977326414
0.004296812108804948
-0.01130342239199622
-0.014476155967963034
0.018950389322215988
-0.004372639463583794
-0.03031589231056786
-0.004471613858486823
-0.04227736079549371
0.016023826296459764
0.04659668658532351
0.00616321536804515
0.00013061459276980658
0.060922330359445054
-0.03237367764715482
0.09615370011759627
0.07976409304775456
-0.06463847385417065
-0.03245883339496125
0.024262144237142846
-0.030433161517023577
0.0754585969767777
0.019739998945979276
0.016043267279007956
0.08014963719667922
0.11296776565895816
0.09351196384298177
0.0077562172818572694
-0.030985181094902448
-0.053197205722162244
-0.03604287049943944
0.017331310472576522
0.03824828140089209
-0.013865179060682964
0.023740707631885405
0.027916950465269375
0.00221411380725145
-0.006239470084221321
0.030150433392758635
0.04880024538488914
0.028605829535159666
0.041677706798849634
0.011621957189011989
-0.023727308952268156
0.03753436088536499
-0.010318844948799755
0.056139634151159246
0.0048344593196507635
0.04594088032169441
-0.043733622052918864
0.02030430512930903
-0.004778933847547462
-0.02257688382645584
0.005166052233140372
0.007994970405526325
-0.025200854491036484
-0.003933926995523862
-0.027993303664018976
0.011507795074383598
-0.0028684996359609194
0.10898261497711553
0.08958268532505326
0.07654297193258869
0.020073654066373514
0.07721889613620081
0.02859058972375572
-0.07671474628514008
-0.052046927449881264
0.04848394132727424
-0.01398925335103074
-0.02878745590785925
-0.0901370123459393
0.001784998301464058
-0.04094459343779655
-0.027077062369453397
-0.03583474619258187
-0.021670757512710304
-0.00387455839765094
-0.03341733611925701
0.04353681198387371
0.03473104764348223
-0.008109486196150373
-0.01132340998099779
-0.053150402662645924
-0.056951971254751266
0.0026636199979704345
-0.05174623929054989
0.030445043197642574
-0.013359216814669561
-0.09918599203484568
0.08915491833183814
0.00759594813645742
0.007916364748739635
0.016429607077702635
0.020189206094799683
-0.058724523766927494
0.04216782531286062
-0.0680453833361575
-0.10106856867445879
0.017264657039106013
0.06505935391098006
-0.06701750928654704
-0.019366141024946493
-0.03239807772454106
-0.002405576929470521
-0.040959798566072236
0.060657473371156956
0.05395130311879909
0.059470507811483886
-0.026854997083788912
-0.03838855655829143
0.08351202410398384
0.02471577763350885
-0.10655401918891994
0.018339205659285207
0.026899970410181273
-0.007176766613495311
-0.003162053411819854
0.008565856983820952
-0.14962806738122325
0.00561403546605993
-0.08837697274871037
0.09552023111598734
0.016441858590781455
-0.02783699738942602
0.04656160232852907
-0.18847638801789235
0.05756083239518567
-0.20465593870330367
0.03943283271932124
0.15871694738742437
-0.10972491002222517
0.10276538043584599
0.04567416164798632
-0.011108878592528626
-0.027033784552982443
0.08484689748650215
0.03363703766224274
0.0748782546944689
0.1074384945206423
-0.0454594384304976
0.06084239643710765
-0.06582353788081374
0.006872677313753239
0.053491400591962834
-0.0005422279963080978
-0.0013500879355208273
0.060356017727884737
-0.08117194175940823
0.016443667627411007
0.02956699812384006
0.007473187451466745
0.09020106204362516
0.12674274329093516
-0.027402996353601106
-0.007406266185899235
0.021972851066419663
0.09424466821862504
-0.05448246068850737
-0.0761033449145293
0.08950518836506527
0.010151016959218162
-0.032143763785164814
0.03713456608061372
-0.03632909699361675
-0.07872762673886569
-0.00714350097495875
-0.01626741975671242
-0.036299519915176215
-0.06611405288795735
-0.04067594552548037
0.11217356103376463
0.06447490247423043
0.00540931742999462
-0.05580988936426978
0.01798246015656474
0.050765777122551814
-0.026480363540795304
0.03001808017181179
0.08318260353433399
0.011654582669158142
0.05889390085533047
-0.036028858304347655
-0.025370077613589226
-0.05135805192736609
-0.1064742692838897
0.003068444487911215
0.03514090150413446
0.04872265883718757
-0.11179460407024289
-0.17443044920179052
0.018199615952883164
0.017430694323068707
0.05476209328634024
0.00974676734571972
0.03336998303700767
-0.009341670273864677
0.03157151028833416
-0.050947656371214234
-0.015909683890674153
-0.25035203337295364
-0.27200014014120144
0.013315381059353482
0.065398947374528
-0.06062543016796895
0.08844413541575463
0.013969094167803509
0.031981753773285604
0.08769253591948922
0.06483777020966514
-0.07914643855070691
0.04017481209003548
-0.11598321533611666
-0.10507692079780429
0.014947494420065544
0.023128018284175544
-0.033532514159820725
-0.05796986171543417
0.11257609630341375
0.08038329667113592
0.001965764158528338
0.013281376222131658
-0.08667091917471259
0.03708805958005723
0.007636250703401626
0.06847343507111181
0.07770999765165959
-0.10496435962046913
-0.05028492296531173
-0.016482573916950738
0.0979165642222462
0.08957730346607495
0.01479760794131657
0.07882244276637129
0.05119887736270784
-0.03616058464915739
0.05373221748034224
0.0248921696601912
0.051750410783134415
-0.06961005965539746
-0.005417456859411196
-0.10576015231351976
-0.014211793287979058
0.02994985705414549
0.052699416369386465
-0.04951022167859731
-0.14033991911469867
0.07911034980193132
-0.006583842179713417
-0.1531767410503685
0.021867547643050766
0.05220252077281551
-0.04005303770963642
-0.09071396267764453
-0.002885209634744812
-0.13205052801460426
0.032696581075988496
-0.003545090027267772
0.0573794757075064
-0.13656121179476044
0.06423935556483301
0.03233780912140011
0.0309708743460132
0.10347524068752456
-0.005232091864150967
0.06705155852466355
0.09898511725918058
0.08127080643304352
-0.1816927141667125
-0.05854891073941071
0.10815184629318192
0.01936505115588727
-0.008206734290836737
-0.0008204589363711712
0.012186534911756863
0.10287568095250937
-0.13172754159619682
-0.03838042811525866
0.0036077841409169475
0.05306579583523968
0.08543660059754987
0.02299689444582531
-0.0934594335503538
-0.023747094331308616
-0.014485230420043682
0.00657997394304477
-0.03315940840371112
-0.054125661974680495
0.008170540005975002
0.06457706423984333
0.004800472034457437
-0.021407825858461016
-0.03312088389125556
-0.08152144988808108
0.01811944054560355
-0.004191015952355048
-0.09859509240637909
0.0610877873431076
0.07515846108535018
0.0453513220855814
0.06837653180782632
0.019030481174326763
-0.055946011099830883
0.15036173576659734
0.014594220098759714
0.07902579037673524
-0.00214026304684245
-0.20142385006684116
-0.06446270924157305
0.007611787337208908
0.05793594059984991
0.03493943491968349
-0.1150152019823667
0.04929639211229103
0.052046640223898044
-0.003230929320363174
0.03815863685287607
-0.0965693526878193
-0.009618137147252237
0.006298287586928908
-0.09116247401934496
-0.06788564031310484
0.12437762778297667
-0.004939094986576187
-0.12178931870690579
0.05722217621839332
-0.040708483836700116
0.06059579184090158
0.030145878280270766
0.09468747408286837
0.0028062850188278476
0.04108832305532001
-0.0028830993027291196
0.05195599324250638
0.01888640915376183
0.12871211615761746
-0.007604648196017472
0.0500400584319452
-0.07128929084487423
-0.026189329958152485
0.02083780630244153
0.07316683120580875
0.015366369789364565
-0.00019930911009047314
-0.05185462332614599
0.0930012227393498
0.04744530912475037
0.0055481561853980566
0.10634602823371475
0.002513323805483525
0.032920996979573514
0.07802477414110698
0.0043842393853170125
-0.0028598336832564852
-0.020208307005409987
0.02632997282613353
0.0721378529034199
-0.017470470620882583
-0.0024090048979429346
-0.044982130523912756
0.07192437715833855
0.016614174919513447
0.00858006004274442
0.10753149305253312
0.003639377893861928
-9.23840972621992e-06
-0.04465527236123079
0.07464338778170748
-0.0741737552347086
-0.0212199587110925
0.0531315399400919
0.06358500359143499
-0.013251171523096072
0.0012918209298807826
0.014591784276526187
0.013403344672289097
-0.03289332797607725
-0.05741391291501907
0.08296117100048178
0.06577256878699206
-0.09020949481298435
0.03748151837927183
0.10761687083059668
0.07418524334378818
0.04604032110969486
-0.016995335437591907
0.0916608332285695
-0.0033967263701835115
0.040754300409579725
0.005070047190013027
-0.024461747353328955
-0.03329722564517046
0.028453567645645217
-0.01271615484783184
0.10090886770677454
0.01332793173172725
0.10308216763249145
-0.038055451097133375
0.0661390164105522
0.07863794836676086
0.027592294803048645
-0.0029418191817738304
0.06492994083853354
-0.011946528609383611
0.03110996899820101
-0.04818597715473105
0.01577961244071624
0.054614506178575495
-0.08702107167780626
-0.02349680200571158
0.046859148725879374
0.005206118514711255
0.036134323866857276
0.09482489051204857
0.05082726150482614
0.031867181552410084
-0.049435799546971526
0.012598729206637238
0.06702188827981315
-0.007524193826994874
0.05775409052467506
-0.11860125801244281
-0.032796416241606785
0.042886777036921286
-0.03337383005474748
0.09329033093640654
0.01529608726992554
-0.013701708656563949
0.042081074075990876
0.05856400573128118
0.06734211433178383
-0.03572034360113574
0.11180039552482002
-0.001343926040624388
0.004442209087889393
0.01850719642604265
-0.08899332120112835
0.0006404106582899582
0.052179276502979544
-0.05690720662991278
0.09255762187112443
-0.03166313883339644
-0.053399342073493616
-0.06930769473660647
0.014163571486156212
0.041051738749530664
-0.03384494072943944
0.0253876637811582
-0.05406266395881709
-0.0285917959696933
0.02333683063519243
-0.12354198202661548
0.024255566374529303
0.05318470712189505
0.03359511353875405
-0.09270034965117524
-0.053203915305691796
-0.018019877180873056
-0.15775262875956964
0.00847641823218731
-0.006477812697624041
0.05530593156809077
-0.042207398678387964
0.012047538070764918
0.037854193801116764
0.11680771017288977
-0.0020374503425237833
0.022722780642105977
-0.02266036786185399
0.06364531902800352
-0.1583924304158626
-0.0471154082226648
-0.021763209065847278
-0.03462995940951252
0.04011755165336012
-0.03544264887309734
0.029744591810568877
0.04013727119407279
0.07467893579850116
0.018639763228697703
0.048529360620735595
0.042634773727184605
-0.031102004853243437
-0.1752599642128937
0.04618829918766154
0.06764516053061659
0.07592449655997119
0.11701167422260667
-0.08255017894196848
-0.1263056272465941
-0.010177691322235671
-0.0317608718364647
-0.01800757898071692
-0.07473885819640136
0.04952487025977059
0.0772780200142889
0.054129519809646365
0.036673334798698
-0.0751467403077668
-0.06327343794940121
-0.06988891227443295
-0.10424352165227746
0.007582791720406268
-0.13753546557137908
0.012417666639431946
0.08242228492289855
-0.02510667861139826
0.08284545188626846
0.09632628396582488
0.007127773789356584
-0.02213649823249153
0.019899243909955455
0.08758370079126115
-0.07084313120752428
-0.027607828858241534
0.061240533177456924
0.10967005222174847
-0.15471996975607227
-0.012248349058301855
0.016083810042683444
-0.24778116330069
-0.020575775888442727
0.06818567944763615
0.036426988692309425
-0.06643659363136367
-0.10630412543145129
0.0608632293099548
0.027139507275532493
-0.22406385138063478
0.04849389768848045
0.12198604358099563
-0.01615532871323344
-0.011792515736504527
0.02653744791721263
-0.04499766560887897
-0.013379081921855884
0.03108043846376013
0.0457740633267088
-0.10101003152154486
-0.1532648755935173
-0.14771157415975045
-0.03053344157125437
-0.08727261907676176
0.012849181119688413
-0.06047862009500382
0.09918691620245185
-0.08859198590313222
-0.25775556545734957
0.16293428366570833
0.05576669309078708
0.13835451426947598
-0.19908754153672859
-0.017556544385612827
0.1795976694752886
0.05508143324069498
0.09055444590551232
0.046425483327825756
0.07047668248899219
-0.062127415167289146
-0.035990269889139115
0.010421182700443177
-0.20959066341735155
-0.04476566446753949
-0.21478769810953147
0.06272922865427016
0.09141034433648898
0.04560649428122393
0.212625975239212
-0.16513462780256016
-0.169705386731562
0.04799482886337886
0.04683166941599182
-0.016749582750238967
-0.020317613727911188
-0.12484372376260378
0.0519064543336995
-0.006119041883289933
0.13341986724488403
0.0999645661790382
-0.004013772989807873
-0.1719424297587402
0.08432667899995944
0.038409004016799086
-0.02165800578863275
-0.271243102244486
0.08602490682297514
0.04035798766404758
-0.14542936062666967
0.11144658963178938
0.04376582588570016
-0.041187099698254404
-0.044330766721677684
-0.060626685731011376
0.001086122805240064
-0.035081868357101365
0.056291721499099945
-0.03419349895415025
0.03996456505577256
-0.025910028797759832
0.02893480603915083
-0.11333216015378644
0.0077321963540972205
0.0942897091228464
-0.048065518258059825
-0.04698691671218447
0.05941866527069345
0.09320553761846323
-0.0679621091574042
-0.02554936561855181
-0.008073516490822885
-0.21066865771415189
-0.04834478967943068
0.13882895269661816
-0.020563071119320098
0.010101722312791106
0.08021997403093722
-0.11200657244279588
0.15608845398639504
-0.03871602715122613
0.11166068015055924
-0.09829350195921904
-0.04715333204080552
0.03800548301395362
0.08399757890700571
0.017669408604688686
0.06771996929306706
0.07282021831687463
0.07327033738367711
0.07036265454423285
0.025173064518741906
0.014950300560651053
-0.07995959028149102
-0.03219726117919641
0.1454951662221845
0.04529350078064981
-0.09313591130019505
-0.08069292357284863
0.00838842403231127
0.0819443508645808
-0.02609742615598254
-0.04021200864488339
0.04706488756198929
-0.10814598999363922
-0.16006719936358793
-0.01807960871848102
-0.01315488068947368
0.10971487029267385
-0.12365719560792598
0.14444712585543645
-0.33964782236517554
0.054803933988547826
0.04219724460430385
0.00012701498580192094
0.008283199267666519
0.12852665081004916
0.07063765917221387
0.0008607276078680948
0.013145537817881081
0.0975497758893778
0.03067496401976849
-0.00639441765922899
-0.12197919541726487
0.06427249921145134
0.050302882800622506
0.13486798137609673
0.010088802051460621
0.07306878280524687
-0.06036293792921432
0.059807319164421835
0.04197591595012301
0.007980760103567408
-0.04933933446282612
0.08522531910853187
0.03774426008357651
-0.18052834063144196
0.09410448749751704
0.089985400087079
0.10069172653794134
-0.08805423155374759
-0.09503887439619374
-0.07959104540723294
-0.05960370995459263
-0.012619634260179535
0.06875175210574375
-0.03280185256779111
-0.15787014752258988
-0.06881551506488226
0.08485988193399069
0.106610997143546
-0.02352001127508707
-0.06835924794900639
-0.01961988033666584
0.0011080821796524698
0.026162364516258085
0.14765777671083835
0.13317744785110058
0.01178813779643606
0.08924438131835222
-0.03418235068347708
0.05983478074175397
-0.2832008444052212
0.018308230564077155
0.04909430631363049
-0.047791716914723614
-0.03952754243541712
-0.23655543429626513
0.08605827067958782
0.08091400361785006
0.05463416637191859
0.12848748206330107
0.14661759644959843
-0.0013371986378521994
0.0027205298229750485
-0.010415692855025527
0.0020245009474245124
0.07280556440141811
0.006825997702049946
0.004303046944599098
0.11766638494355885
-0.015227719326471267
0.006514523249705972
0.11301068444819257
0.09366506435257987
0.11010573363750625
-0.019507275145264735
-0.0562277081304875
-0.0509610448184773
0.012511897053391452
0.06506864793347295
-0.017259773154515656
0.057345597254966185
0.13287495375313896
0.06254463674933375
0.08269721283638409
-0.04218480225587018
-0.19333921054912573
-0.02864835222541806
-0.0327793623728827
-0.04458809287696286
-0.007868246121796041
-0.04204972887053904
-0.018025440272045334
0.06276869749451469
0.022530375435779404
0.08233043522792582
-0.14516135848904688
0.0043823915987051265
-0.08482691108787188
0.020062475177888395
-0.013600991497248138
-0.06685860785198017
0.03157089463760987
0.03391917477822598
0.013243673782024012
0.05782039772791803
0.09678941227386839
0.009148713246968476
0.027290881605456507
0.041221868261331396
0.006455132149959575
-0.08238307770891673
0.047931987715161384
-0.031341849941177724
0.10049819258436149
-0.0163059788535459
0.09031833454771676
-0.0322403740002114
0.02175122439038646
-0.037393912213097624
-0.05714378765306427
0.07945532006816558
0.057628517816621205
-0.06142533023221253
0.05276882830267543
-0.03729521080771525
-0.007804218751010228
-0.05597305993797519
0.14413259260267974
-0.11035880769851714
0.10107747583102811
0.0016464161521178022
-0.010889042900286916
0.06793554092314624
0.03412164786183042
-0.006398050847590042
-0.017424504854836043
-0.0027988625523900357
-0.0049285816352885314
0.04966538133654447
-0.11832513374380982
-0.10923123742452967
-0.007008635690688769
-0.044431159325299396
0.06336302395562465
0.028085571979353297
-0.03246698789890967
0.01948303768077042
-0.07338021394387961
-0.09642124691807619
0.04197198494021254
0.11266683960971557
0.03963755158764248
0.015228613316095874
0.023592279091955493
-0.07486346772949581
0.02045711252774224
-0.1011218322145585
-0.08079292880306355
-0.0034989126103487367
0.01744908105112236
-0.03504827696435575
-0.018757554762813267
-0.056050161520795116
-0.06197026443863918
0.014230999736597971
0.06540590918277761
-0.029942972972351156
0.0032470264396005644
0.139017602258953
0.10561359952363009
-0.09399629277701937
0.08520837890077176
0.14399224823300882
0.08835474950432809
-0.10299610660403113
-0.13577640294500037
-0.18461978538304769
0.1055860046777245
-0.0029548652820103882
-0.02161465342778157
0.07373912672111704
-0.023630036431514623
0.018961154481006937
-0.005667325167679871
-0.02420345912541655
0.04551580713304715
0.03949318674281799
0.11488971122816682
0.1303457593255981
-0.03896654723281612
-0.08030798887953872
-0.05604514753796874
-0.045497733310729926
0.03336057959354982
-0.15869787799693724
-0.2752156102127019
0.1032527466454668
-0.02729660285704716
-0.056149538726728565
-0.09299836584718879
-0.21894836084818337
-0.09869611146616408
0.0476785682142446
-0.030166102333745615
0.002738393700978392
-0.09052502135886076
-0.05833063371721636
0.167015218249363
0.03419069411201825
0.19058533429929891
0.20918578506122804
-0.020628551352808056
0.028599004489777313
0.07163659319639493
-0.049229873650494804
-0.010523856557606237
0.04336392562440183
0.13507570124329504
-0.04271081861527248
-0.020931069875921193
-0.13247528274042253
-0.014180127746962534
-0.04063996993881103
-0.009143138444653864
-0.03784822902914131
0.026514730556159993
-0.06329224537513023
-0.03907671152513115
0.09217587158480933
0.06724090330265209
-0.19137716980415742
0.011236358161508753
-0.016075537879700175
-0.00098728801515513
-0.05043164852600113
-0.18114091818031386
-0.02718800995889381
0.007235892916702735
0.09862441075099021
0.06396639777393248
0.022193211556303605
0.0605261456604993
-0.10562667212396237
0.009240926324961263
0.0349766943883022
-0.07880567939839522
-0.05459843012433385
0.040475382031750384
-0.1040229860077464
0.12558954121741134
-0.16511913388630972
0.08932838321449765
-0.18677423671134263
0.007623512966679513
0.10194281014869383
0.0994015240050346
0.07789117113380978
-0.0009373741549053571
0.016991908973035208
0.01822630909166706
0.0022611614736483543
-0.03756396672577533
0.028632183862566163
0.057420491051814126
0.06747954908232917
-0.0185257524324266
0.025658450381649267
0.11766731328812574
0.02484047222974145
-0.05305134778705756
0.12134918950911516
-0.027370819466748353
0.1083914352425106
-0.01199156005184221
0.13526951046043667
0.03441971992250836
-0.0415341743106582
-0.029192217076078886
0.15439462028123124
0.03433219970808099
0.03745676682352589
-0.04074555781565081
-0.04801993616863476
-0.06760921268446529
0.11120811601681674
0.03237731071409594
0.05276264721378815
0.035291669611100696
-0.013543002447823582
0.002474334549397328
0.11129723110856032
-0.04866170823810567
0.05658158759047932
-0.012461217254212342
0.011846592473505502
-0.017092184905366348
-0.1123610245903115
-0.07284810033219646
0.019279810018457855
-0.038134423539018525
-0.018564020922943736
-0.07146896925091839
0.11838740459234953
-0.0286592632313748
0.04403218677080101
-0.15560548683524578
-0.012875712816677098
0.09546648838728955
-0.10675501696870904
0.05969777803672388
0.05099744696468467
0.061332245548822606
0.03718121146781883
-0.06946597548448974
0.09886852243274014
-0.04076930114384514
-0.02011374621669404
-0.10670413638396448
-0.10263144514508427
0.003952806830437194
0.012317037630683259
-0.06931903395062633
0.015644803311287758
0.04663894679189834
0.01793150893929596
-0.1394535536662811
0.07370542843702044
0.007218251509957252
-0.021995613894974397
-0.3343960140953025
0.035374156699960524
0.0007739209621044352
0.13024501699259483
0.029177913940419797
0.14631301364292537
0.044818620610736604
-0.004818550689942858
-0.06618983089055197
0.03786818363626748
0.004269738763204856
-0.07607559925754637
0.05185715973954186
0.0322749666286028
0.02488129024724922
0.035896731388420366
0.07805495707071919
-0.07272398867113417
0.07763291608438833
-0.06176358567820728
-0.06362060239527678
0.03801316034454616
-0.03954672327577413
0.07877632744702612
-0.02253230252772187
-0.0772059652817566
-0.0422510571051774
0.05187300234143977
-0.018343213356136756
0.009122415054374722
-0.10469320052189135
0.05349445159590399
-0.07141946530664534
-0.10942463313177608
-0.05602342935590221
-0.05465254686914689
0.011183070655542748
0.06412044283213042
-0.0030736382184021194
-0.08501736683047878
-0.03562826370882943
0.026304953605352233
0.06994052539846585
0.06622310637710888
-0.1476067228607566
0.05459378588491259
-0.03712805631930782
-0.04598836969420783
0.022856113545244694
-0.12396072630151256
-0.028276002942078327
-0.022924047544605863
0.029828045166019446
-0.16900022909313905
0.07245254876691515
-0.0047901731168510375
-0.029532612277274328
-0.013145687461581512
-0.116722145463789
0.062415319506505695
0.036583354857063544
-0.07256347926710405
-0.0274717034851224
-0.09423963064815077
0.06101491551150673
-0.15400644567161337
-0.10698672979155843
0.031516812035571495
-0.04001706611379974
0.026891920031765604
0.06037161548724307
-0.0641240490228645
-0.018758925826573347
0.02745992954701465
0.014293943632042672
-0.07800558136034874
-0.013367267806712269
0.018637150124550583
0.19281575713631127
0.08243382116123987
0.005028639890358622
0.06910522051066337
0.0687456866290776
0.015111375139847227
-0.07300793353507573
0.02756544526362731
0.05960252100618596
0.05658709832832742
-0.08227870489302103
-0.008572523000441978
0.12200171091469741
0.06209991918193003
0.030215176055080117
0.006878771876555334
0.035684660800213985
0.0033239633507916033
0.0393541178275883
0.012734616623674144
0.13176726975817243
0.08001827911098613
0.023603195499377394
0.036872765235713756
-0.06511082234618959
-0.04498183925739618
-0.03321130968923691
0.10014405851101271
0.0593015229613259
-0.10650818254502836
-0.0008130103993952975
-0.01478688309759113
0.0467113522877709
-0.03892502082870797
-0.03518057690944654
-0.11765623558691318
0.04056863335777994
-0.022259472256403456
-0.03375129210523509
0.00795955010776539
-0.008439975656312049
0.022676103775406964
-0.05713426778666908
0.07251393553143587
-0.09235860792331674
-0.0019449713138783853
0.0818182246109671
0.013832642912074644
-0.034679766768576425
-0.10733490854143912
-0.024086614937397832
-0.10592822577942751
-0.021627148468773782
-0.038568745123091164
0.12620820480307937
0.09115602099978992
-0.0019094391905891683
-0.03768290698631316
-0.005465575129142364
0.024007572560163726
-0.016536830777978406
0.1380892108512426
0.05008712066686832
0.1119163907583941
0.07202849577389964
0.015547109388245106
-0.027251022801233593
-0.004204570648466244
0.09090765117858896
0.021417513103685892
0.060947612171225185
0.01982062373317428
0.004729336356613101
0.04245378657294391
-0.05603994236797938
-0.0010427870731235522
0.021679815690459903
0.002024196852808746
0.03912300760746518
0.03332877415050556
0.025836605128204182
-0.060153020224971376
-0.03953663339582936
0.01650347665172025
-0.11484342110215884
-0.048369533896357564
-0.12969729247011064
0.04233762670910324
0.013414643745596866
-0.01154681990878259
-0.12273667281729239
0.017595094470576
-0.07483163626463152
-0.008091658665593915
0.03390551645198714
0.08461384962045981
0.021553909338232535
0.04457994041994545
0.07415085051898873
-0.03921004417176366
0.050096326887892395
0.009713565898842702
-0.10909511611804923
-0.165651075800184
-0.023796739208941653
0.08365355498568394
-0.2012063025589843
0.0015994138536208347
0.03133588766546758
0.15466760617931313
-0.11617544153698667
0.05971809082851132
-0.06587365685525881
-0.13500333235504447
0.11052780539625673
-0.00227598404541296
0.08752730948278908
0.0084733811743678
0.13487488850352847
0.03678687529871094
0.0490287847105077
-0.048580549737961554
-0.041191716451725924
0.0753595241991305
0.009205636088844671
-0.028649599809779214
0.0003901374791845935
0.055906295270741146
0.035137306955196734
0.06915988349389363
0.08326778052415423
-0.03543230701089717
0.034494829571379615
-0.001599935867547364
-0.040640469593971384
-0.09531554125361075
-0.0417990852626593
0.020926519891175333
-0.04634436765352001
0.0009333897845587025
-0.09622252156462552
0.09618341511789497
0.02016820700451266
0.03642667004071232
0.1330207152208654
-0.0414820428869318
-0.02417902397898286
0.04220890934507909
0.008669493684002716
-0.07468948654305962
0.05305772980785345
0.06329911474148608
-0.10736103043330869
0.013786395772487747
-0.0744824152927781
-0.011298690991783378
-0.06697713293647523
-0.01860068533779824
0.008692449911048228
-0.03273946139601047
-0.09891489154449729
0.05377222976544532
0.06651577426174904
0.1265138019915804
-0.31089520179263297
-0.011985543992567238
-0.004830835344476925
-0.10891792406956557
0.06828663111320615
0.0025060794484523252
-0.030685722382584157
0.045892058098861266
-0.10420883461352015
0.0031746612980180777
0.07118857069765483
0.018184064909528286
-0.015062855431352662
0.07923121793404708
0.012575381089811433
-0.07879474934563269
0.008147535880636714
-0.03466671390502474
0.05449617445143279
0.08344795697282575
-0.3638260982212036
-0.10970452395996777
-0.1498570365916697
-0.11149732524856282
0.030305613250224073
0.08558696036344132
0.077392450866484
0.06874159587897749
-0.08920611929744693
0.08124791441505713
-0.07218594602960615
-0.11267436877375703
-0.04383814391952778
0.16866083531267984
0.07916373226473616
-0.09845055255352886
0.0005244225252048484
0.05100168775953895
0.07110651945238139
0.052927760227167775
-0.06299794305425188
0.08111601009958547
0.050364216580449817
-0.005459916942332277
-0.05214789977672629
-0.029941871420801403
0.11923851693620574
-0.1384073651127966
-0.008884082252983205
-0.059640691931766354
-0.1064943015943074
0.04999662690976381
0.03911066794099943
-0.027228900342336493
-0.006716916249795868
0.15132408324745716
0.04001999247975452
0.05323497852609116
0.05939258070926623
-0.16306419771647374
-0.01464851858114713
0.025916194872572296
0.003334362057429041
-0.00276856294303085
0.04764377676266368
-0.034038908898561426
-0.005108180850000643
-0.22447411394630934
-0.11262432706876158
-0.07710628316550217
-0.028562472535606065
-0.027437294967930903
-0.03315084718008088
0.01344349923822824
0.05921985417937864
2.9175445523443866e-05
-0.027162439263071714
0.023371475989132362
-0.06794693706245958
-0.009960148385786294
-0.041126811505385996
-0.09189940643862837
0.001698552103413964
-0.01448483798629252
-0.02792227529917679
-0.034527430071227605
-0.11032670281512347
-0.04644805991511569
0.08666603958286145
0.0773392781377894
-0.10220945526745084
-0.23777598395585897
-0.2063026353436953
0.053162948896913864
-0.03345180094958555
-0.040734317882599846
0.0837291984013282
-0.007154485826032508
-0.015427964790189042
-0.10151480620112474
0.15447752350253313
0.18353474053470287
-0.052986144453940565
-0.04011690024109149
0.02273627980607129
0.01579507358411575
0.06525099820161834
-0.22521561957283498
-0.009618471833913955
0.038845906886045445
0.05035273120966549
-0.012090508641470321
0.047056583067789426
-0.09914685986643079
-0.16143339571579596
0.09958694656667766
0.0016461073319416486
0.05850135751476604
-0.044479760477323604
0.10388892186676929
-0.019275135999419324
0.013908020299847001
0.11781431923855124
0.04795648369261135
0.013322250690583681
-0.03750120283409575
0.08709534902042682
-0.16127119238407517
0.009641088963265931
0.07053153191397532
-0.01014283549047923
0.06835874994479518
-0.005482387408128009
0.03913017977809702
0.07911478749240519
0.033222235570324055
0.015363103873143269
0.002608093094881081
0.09274037352444775
0.1235677196994372
-0.011377481657567023
-0.019796995578871157
0.005021308829623594
-0.1036181537972648
0.012230750002925339
0.009367069411674256
0.009914867422839313
-0.04723127087689816
-0.058897106577921354
-0.11875609274981491
-0.005892589280154126
-0.04692834262030232
0.06578786178759966
-0.05422867085806915
-0.04712546268490103
0.0025803676741206205
0.017333894625418733
0.040247191320824716
0.11647661654469238
-0.09667913042277176
-0.012288824949420074
-0.05154869109085547
-0.029933092700669794
0.12395150225316798
0.061359429168729385
-0.03264587673838326
-0.2059421535465158
-0.06695017464111996
-0.07558129981804218
-0.06161115739966172
0.022280121369314676
-0.2422102874873303
0.0457213787409802
0.1667512706189962
-0.03725562893360357
0.12694151772794876
-0.014827385328640141
-0.08146991451319008
-0.04206268671195035
-0.3442275511006566
0.001007497818866554
0.03784049414332752
-0.16760866531063345
0.015409403819857448
0.045130769237197
0.11218992433889224
0.024822049258352186
0.05498881638646963
0.10497025987115027
-0.1694134217424199
0.07526682809895574
-0.006265108849655809
0.053659171098703606
-0.007847634782788604
-0.022867402126167446
0.11202572328292043
0.010496859502339584
-0.00878113077419207
0.0890111742194909
0.03485146051872273
-0.04384771765146789
-0.06057079870685633
0.038568559413076686
-0.058336713071757584
0.054236697023510805
0.003343117178833843
-0.031086631713553636
-0.16236412625564078
-0.005156580748645001
-0.0078524383501557
0.04020970772916599
-0.06202219227498851
0.02962073514046626
0.0734510907641393
-0.03822257756208369
0.07985223946809861
0.0717521863628569
0.08220470045609535
0.028722100283571306
0.010169478550006827
0.02881921197683507
-0.06073343398862907
-0.10157237007148445
0.022457267382725243
0.058787903846801826
0.016296728444312736
-0.021125562764113814
0.024591280826842365
0.015193485419837283
0.00825952983493089
-0.023138811753970145
-0.12168017599751502
-0.06120618178957549
0.005590963374688951
0.02302530338794323
0.0894294458487076
-0.1700144461934524
0.061494874170023195
0.01075872784291415
0.05053842522850993
-0.28420878167098806
0.01455236211148142
-0.04304756541313437
0.18003144320069336
-0.0035911977697484776
-0.08746679752452591
0.04156023277724452
-0.009038296360573628
0.019447776089924984
0.025124826118207877
-0.17018642797902017
-0.07574783467657353
0.04020540203118289
0.013598592554567135
0.10596699519724961
0.1261903527962273
0.07612219131758513
-0.04816281919435972
0.05362857348557826
0.02217660606449756
-0.03971706458566837
0.0012384500921719388
-0.06024376876351012
0.008329802888258298
-0.02205809535077885
-0.03187370316633975
-0.08269786611573704
0.06929416270973277
0.11870640785679776
0.11294231099324609
-0.05930208751488475
0.0983608602687866
0.03369373691007699
-0.18176126292282624
0.006346036672272237
0.03609482105186945
-0.1254237259162424
0.11857579956600495
0.04759860169974928
-0.04307990130813044
-0.28582665472048097
0.0007227242627493857
0.01563640415418477
0.07008900592875916
-0.015474033020472122
0.003756534915231202
0.07465824266086868
-0.029888943499490894
0.0950179293714884
0.017786572693428204
0.03231499865733767
0.11746283806424168
0.13666493926413464
-0.005455182019488358
0.019696572677833035
-0.03369179697661062
0.036957353922077385
-0.03328198744806754
0.040962039242785186
0.11715612960943883
-0.022060833209419206
0.04015360154471531
-0.017806507835979812
-0.13422401412613283
-0.07080883153721396
0.0811975014632575
0.11093817699629199
0.0074624929809390395
-0.08387808898548144
-0.11835878550824208
-0.1187567101791932
0.12520591726901392
0.03442565582791879
0.08605762716568527
0.012428214084773737
0.022228369809279114
-0.10408017744778031
0.06643844216475125
0.017583580787646602
-0.031569345082565925
-0.008719725420268443
0.05345315496239639
0.008938618226832284
-0.02509274514212434
0.10330570522783972
0.0034267725203357413
0.12535233046807148
0.03812100131890256
0.07153878590798624
-0.1218618321078272
0.01764269777235644
0.06353338718979551
0.01743083127037559
-0.10799449723459764
-0.08082840488843179
-0.18280763264878452
0.05722415339814391
0.12148486605417047
0.04758060341618331
-0.01119945970517544
0.02865131620654149
-0.031034162587962655
0.0018007180441226844
0.08994218763424533
-0.03872842943003407
-0.07395703460688385
-0.1898050291223432
-0.08897871071416008
0.03803321336960447
-0.11942957833771362
-0.013436055058364316
0.0676867337088608
-0.05582422625464867
0.01740990251478297
-0.15724337648371334
-0.08324583337454594
0.030397277565225533
0.09144125534220199
0.027890192734875696
0.06819844361323685
0.013070159785188606
0.03514454732903849
0.08034255540397806
0.0003183720052891692
-0.09894875905550338
0.022720391871739742
0.029640955501421096
0.06720623768227574
-0.0887585567861282
0.008550497609377372
0.10469621527412126
-0.028948205834096075
-0.07130478938045781
0.021393868644272895
-0.05192539652680117
0.013932333089763882
-0.019858057150475728
0.060675028179446144
-0.09562251194119675
-0.06608108955251757
-0.04196917557743063
0.03842276078707557
-0.00083690100770617
-0.1023282497251673
0.04724688421686646
0.013207724101423013
-0.11885009851081918
0.01731547846758169
0.029276573645484083
0.03948736406472203
-0.005991322100394103
0.030119320079062317
0.005451635665084442
0.12031027802729771
-0.25103497274082065
-0.11633719196754899
-0.09984176939710332
0.099392224628843
-0.030276490948306645
0.05951502887761079
-0.019505795923826397
0.07702889242864935
0.06862030048943568
0.036580564003929006
0.055359468384237775
0.005214473032975175
-0.02371012244291759
0.07300106717204013
0.03534890579280442
0.019830165056907156
0.0310695904003645
-0.01357825375726418
0.07898506857802645
-0.032709538209111044
-0.0409588232653737
-0.05294360396384368
-0.03219091411718433
-0.09719060774332033
0.025223290399893572
-0.03871002026793369
0.09759645373442088
0.026214704525805543
0.011039427268582258
-0.007890443371253664
0.015305113300713435
0.03853429447629725
0.015553940434476221
0.06018555190354902
0.002794116176823791
0.06114879373757026
-0.0558838593380756
-0.20412716360112615
-0.02548611725212313
-0.025584712898845452
0.029578668638329086
0.009443886839437143
0.06780963961958464
0.027540617314263383
0.10062720260261043
-0.04915520422502884
-0.11733458314687417
-0.028798096354454072
0.07731885844343372
0.07027138169735264
0.013442785787103007
0.03682001250258271
-0.029903265070086227
0.05568529603764649
-0.07347284112388885
0.021947375235498168
0.09103335512871835
-0.048689436667612274
-0.04338966053845794
0.10691988002597569
0.08571225115523368
0.11288912329426976
0.11139823593449955
-0.13030546052407144
0.16174284306535264
0.014706602854119566
-0.08558010600375932
-0.10353307797807632
0.06121945838966675
0.07214773890726439
-0.012126196092849928
-0.24199116278521238
-0.04708156664709029
0.024818424367072434
-0.042993096737006575
0.013644351373228336
0.05108100408558064
0.008738879864645
-0.0847451677576877
-0.003861282942239863
-0.009052690118153128
0.03534007837727615
-0.08862170153316784
-0.18095638034344286
0.0958449717889091
-0.08306785016205454
0.04050401782459895
0.021574310339968594
-0.02622052009042819
-0.029296225946890853
-0.033504529243368775
0.1124027391988644
0.01643764575766471
0.16983708462335617
-0.21410545450693952
-0.21869351802564718
-0.02461241312320428
-0.003264807858179508
0.0689640464615181
-0.2715886517632673
0.052605068122978604
0.07869055393538471
-0.05281323231333224
0.009982527356210469
-0.039384898415157354
-0.057179830614406124
-0.0970049984066037
0.060904646390794626
0.04360741039489291
-0.08990286046976603
-0.024942671647107062
-0.144414903098107
-0.047645219286972074
-0.0006088527284644485
-0.19037419934619837
0.03719636399741966
0.03202156727225641
0.13013883191809483
0.05656245424513179
-0.09944150556082587
-0.010161169857548447
0.10140160120999081
-0.06539350868482974
-0.060038471398652815
-0.12065962650520057
0.09039085439359601
-0.005273336109753779
0.0020534866235495386
-0.0836376231038446
0.024139356758094088
-0.007249112889945342
0.16358053737336092
-0.04508355369935646
0.04064131997557352
-0.06755165318184986
-0.015491954579360034
-0.07204389163576086
-0.0034378515543646015
-0.05118545453785395
0.07881508365673434
0.08292463027684277
-0.027505506371192978
0.055649474974560076
