0.004412274868850414
-0.0033087015189408766
0.0243077118700778
-0.002520921296030769
0.0010960984157818278
0.015824811170615634
-0.009092324048562419
-0.0059163665793028845
0.0018760322583703548
-0.0032986995777935925
-0.011927646124218061
-0.002048765105875873
-0.0035882894700124315
0.006034716026094954
-0.016647885294716943
-0.007001790376899514
0.011513910094871703
0.01857331007231312
-0.015111795576883658
0.006448475108927784
-0.009806078852186218
-0.008568531547160899
-0.008718791832556536
-0.004225079291623943
0.00996439826913362
0.0071242127087656785
0.000591442432190399
-0.003633108784819174
3.288842934110076e-05
-0.0010593044205742324
0.007930533194619697
-0.006315716297922155
-6.194908485759347e-05
-0.0010106761180924467
-0.0005230815085185874
0.0024921765856490757
0.001976600910424985
0.013348485742415818
-0.0008687560627763552
0.015615322934488906
-0.0030585302116663085
-0.004777314172782126
0.001007381887528521
0.003554384723493521
0.0026961240644670097
0.012919633833879632
0.011393429788252843
0.0049444039812108825
