0.02588074972365293
0.024877195047311482
0.02103076034619035
0.01579409728668417
0.009816215054255726
0.0047089285235938985
0.003103809984965469
0.008415099881653551
0.01399378708809669
0.018469104526566017
0.022331819220292225
0.025473438425150072
0.028514710587741732
0.030645874921369307
0.03217476762993603
0.03323698998515926
0.03341634769034283
0.03353347007622068
0.033675122027914166
0.03376358939450673
0.033639895339853156
0.034145580530769604
0.03552640636815799
0.03767433775978219
0.04093507719158632
0.04543071595974862
0.05100774704499465
0.05753306357233226
0.0647430841928497
0.07261196058334506
0.08085832469419382
0.08954560161397479
0.09843780805592464
0.10721232622428496
0.11605758177378779
0.12502179379128334
0.13367970047713515
0.14252052732678294
0.1512620747479745
0.15940584152289847
0.16771115255009128
0.17597141261539406
0.18415931031150448
0.19248133450838462
0.20022604768490926
0.20763829828263963
0.21513823117909936
0.22279183311634346
0.23020921640297312
0.23698413900218607
0.24343096936531902
0.2499196354976674
0.2563508955891836
0.2635564696376265
0.271170462304197
0.27924458280468883
0.287854915623232
0.29664031236122335
0.3058190181507413
0.3153472173041386
0.32489187938376757
0.33521976842719825
0.3455186451299572
0.35586895273345653
0.36658045602890943
0.3769290615972436
0.3870987636638004
0.3974870631490425
0.4071344233962374
0.4172008243544807
0.42813605853600567
0.4387678609627267
0.4491701632098306
0.45884521632765257
0.46875696599752986
0.47876758119738366
0.4896543380824395
0.5010403579463155
0.5120882020043228
0.5228617285009483
0.5330484715358125
0.5427770112107243
0.5526172780329726
0.5628416490659784
0.5728415264960336
0.583269902091544
0.5945141253854644
0.6057453554564616
0.6170880757076652
0.6289153021392593
0.640757089961365
0.6524956448630853
0.6642427701466046
0.6756817830643065
0.6872067279221791
0.6989071611375173
0.7094132748636062
0.7194910157654442
0.729231684109512
0.7383524545368525
0.7464156611231414
0.7530631842170192
0.758231830736063
0.7629934668094643
0.7670112459203771
0.7704755186600925
0.7735484589150019
0.7763562710687406
0.779552205865659
0.7830916304287027
0.7863289714633485
0.7895653413233239
0.7923443043540588
0.796071138078691
0.8005708187819774
0.8048746263248227
0.8088549935781064
0.8119795002962054
0.8148200323008716
0.8175924789682061
0.8192725883254016
0.8211263185856814
0.8218133636926678
0.8226211331129264
0.8232938010374411
0.8235276485257589
0.8240401270512224
0.8247447715512345
0.8252886463782211
0.8252768237808231
0.8254540996965221
0.826294899232479
0.8260276509967766
0.8254189589722127
0.8252008877971155
0.8245865621165305
0.8239713577540668
0.8236838933651899
0.8234081772565793
0.823206195379314
0.8239905873220614
0.8252241323854769
0.8268300901505077
0.8272083602216337
0.8274185192309201
0.8272194157810853
0.8263514465742778
0.824400990390662
0.8221057122428943
0.8206900041914257
0.819901062395624
0.8194992882625352
0.8195399654386071
0.8191893062848239
0.8180928142582673
0.8166967360345515
0.8154844053140738
0.8144343829411191
0.8126230807954867
0.8113320893422677
0.8113428507291007
0.810426869712164
0.8096859388331497
0.8098850852596264
0.810360101976098
0.8118588629649199
0.8132990683171946
0.8142803297353238
0.8150824123840233
0.8168101574805006
0.8158868702550629
0.8148865519383707
0.8133420574547006
0.8116157065645814
0.8100340195868202
0.8089010933837508
0.8086302375367981
0.8087065520938137
0.8086686637245423
0.8089869885634654
0.8100464193558096
0.8106653654201433
0.8116206439768039
0.8129535671471956
0.8148784901925155
0.8150241455276737
0.8159805146548932
0.8166620104210685
0.8165419822856257
0.8165101363416433
0.8164259968997384
0.8162711233864997
0.8173979974643366
0.8191427535170708
0.8208685072246995
0.8225420260142384
0.8244089622842748
0.8262088870367478
0.8273032729830261
0.828487226682776
0.8287952840430551
0.8283937707428667
0.8276411494534515
0.8263581326543583
0.8240030256526727
0.8218987576751859
0.8199161167802417
0.8175316374164768
0.8143591680702796
0.8119762487395543
0.808806838629684
0.8060324237527863
0.8041820077026683
0.802764590044429
0.8006497900422026
0.7972122110505685
0.792974577681424
0.7889505055809574
0.7845729054895693
0.7806888678040991
0.7789649577447564
0.7785378423000066
0.7780015639820416
0.7768065699507034
0.7747751184651727
0.7745493759371046
0.7732068228972593
0.7723754506093741
0.7721257037836743
0.7725138017882729
0.7739813610618661
0.7758720348497767
0.7783079518181991
0.7809357415155068
0.7826679730136821
0.7845159208029805
0.7845115389378641
0.784415679955097
0.7838844062802408
0.7819390596046908
0.7808926018028288
0.7801016523079252
0.7801230448295422
0.7810224344670389
0.7819118127758751
0.7830777306895889
0.782422015314748
0.7815615622869615
0.7802812988789369
0.779420106642431
0.7794945393556406
0.7795778166276904
0.7800565647890468
0.78084643948896
0.7820976654560954
0.7826431372594852
0.783420070153911
0.7850183864116783
0.7873953138532387
0.7891972521778391
0.7908612420486801
0.7913528571196543
0.7916753889261635
0.7896654018482696
0.7878308289669617
0.785749012623522
0.7837528162666221
0.7810737489483394
0.7790828163428283
0.7782471387926541
0.7777226399677659
0.7787357585577503
0.7794941182392937
0.7813242907247504
0.7828824759921351
0.7854415235775709
0.7873818805371411
0.7885535464145095
0.7893987778414584
0.7894785193874987
0.789640971439731
0.7897521050322397
0.7895251985096947
0.78888237310614
0.7859596166726655
0.7829379061464508
0.7805029264150324
0.7786057752592644
0.7768243415231499
0.7756448943504132
0.7741279618854819
0.7726860070791802
0.7718013158992488
0.7721756252271518
0.772926545702215
0.7733732229337865
0.7745616428695135
0.7758968844785277
0.7768381102393854
0.7779321531659245
0.7791688166115388
0.7803136203906323
0.7810490897289322
0.7821269568930661
0.7828945531103502
0.7840742878966297
0.7863244934871367
0.7881585403879695
0.7897285527003254
0.7911897005894837
0.7921577170723241
0.7934829118788685
0.7945714334890805
0.7953892360428291
0.795890018015744
0.7965586286785101
0.7975778405599812
0.798288867992174
0.7983729274501041
0.7977441243837854
0.7967434136432966
0.7963139087246233
0.795556827069051
0.7946775062985196
0.7944708738150135
0.7938115476532318
0.7933118421766574
0.7940912288885172
0.7954019484931975
0.7966698520956053
0.7981208581614534
0.7984301757098415
0.7981016243554081
0.7974900947227376
0.7962968223215148
0.7957293498320128
0.7959591924753727
0.7969667355280634
0.7978490194576152
0.7979234758279524
0.7970983742246506
0.7952501824409745
0.7930484882713885
0.7907419119251924
0.7891413249156923
0.7879695012939485
0.7868636375061875
0.786420789016601
0.7866946832039607
0.7870430283019002
0.7875735584958882
0.787173104034655
0.786842503865557
0.7866194712442783
0.7861875871841603
0.7848662840486379
0.7838071100846833
0.7818391138649392
0.7807580465956949
0.7798787435567957
0.7797433913274698
0.7804945597659775
0.7815186043019452
0.7826117235232816
0.7834684408346916
0.7824997895458732
0.7813255749059179
0.7791576677477087
0.776652353407873
0.7745612327267999
0.772668961935334
0.7724694315148862
0.7731206034309882
0.774580835941793
0.7768729291566085
0.7788979836665892
0.7805416670837543
0.7824648622751348
0.7837175609753606
0.785573823691793
0.7867920131183735
0.7876177103421583
0.788757230912948
0.7905871654169171
0.790643350082695
0.7901966072941223
0.7895316716946648
0.7884288341059095
0.7867686010909637
0.7849808679637069
0.7835677883869878
0.7824656703553641
0.7803135737055236
0.7784785843558923
0.7762304641482481
0.7747196840216146
0.7743985693879416
0.7744447178894986
0.7736582875778873
0.7734578023067591
0.7734066852235796
0.7722311497786252
0.7714210596905072
0.7711108448740284
0.7707600553226973
0.770432652379135
0.7706066212389131
0.7704119072527237
0.7695983524031821
0.7675713797407536
0.7668689438271991
0.7656012212528397
0.7624001804318031
0.75976135895161
0.7574976264984111
0.755876327868848
0.7540707957074063
0.752024598108957
0.7508149106086188
0.7502923757410114
0.7506575666856409
0.7502296793014693
0.7480617464101377
0.7462617907487794
0.7438392563828742
0.7406396798546091
0.7380517551684315
0.737316448044982
0.7368600874776928
0.7365514930081141
0.7369191411811202
0.7356146435945163
0.7343390711181214
0.7329116378777071
0.7311225436617206
0.7302590634099608
0.730011010506327
0.7301483788997944
0.7303201768210736
0.7311452422916481
0.7316133740369857
0.7320544345014491
0.7330967828571407
0.7344957711151968
0.7355546092221578
0.7372247312306242
0.7393942043521693
0.7416804010603375
0.7433241683529979
0.7441107498859814
0.7450017800909898
0.7450925415437712
0.7446618845899854
0.7441816568456376
0.7440868069265792
0.74438591512096
0.7450601309273674
0.745169956510888
0.745196610522301
0.7456800882438441
0.7440337762499307
0.7430904327132132
0.7408948769706762
0.7396659750411
0.7379694073454638
0.7371924553924019
0.7367508758370922
0.7365651042196455
0.7363177867238406
0.7360208135528501
0.7358218393791647
0.7360424485531104
0.7366247169562985
0.7368303511421234
0.7381993414655987
0.7399454190202408
0.7421748675340867
0.7447193972624736
0.7479964797724119
0.7507156480120024
0.7528619969859518
0.7552943711339661
0.7568144056291782
0.7573455781020502
0.7578364481470271
0.7575642361824746
0.756910292774165
0.7554707337454866
0.7554749871655737
0.7551394171500007
0.7551873263021095
0.7555759431906283
0.7564409481134464
0.7574577245953001
0.7580270944052222
0.7586916685735179
0.7593859330384232
0.7596642927752085
0.7599167459979242
0.7605508976882333
0.7609575414879791
0.761385821057843
0.7618121119698396
0.7625557617769235
0.7642444198403717
0.7661145416367284
0.7677590147731072
0.7697893086865809
0.7714359990954044
0.7729326291808658
0.7735357204452432
0.7738111397433224
0.7737678810936414
0.773363093244416
0.7737549784532065
0.7747909298402492
0.7762068681942024
0.7774793692572448
0.778885574340499
0.7789738791113433
0.7786748293857646
0.7785801561656902
0.7786099210073418
0.7787691489508213
0.7787881125673959
0.7789443298537875
0.7789761178471332
0.7790075390225086
0.7777497532806827
0.7767551491075083
0.7760176542955934
0.7756784731698674
0.7753329132600008
0.775287149036976
0.7753183601419444
0.7755023592442727
0.7756863780450938
0.7759599132700649
0.7764094148423469
0.7763821035171674
0.7766452532446001
0.7773055039029846
0.7787076020006451
0.7801867829389411
0.7819349920081998
0.7830566630531425
0.7838146489040906
0.7849255869268292
0.7853745851910564
0.7847583708282302
0.7831639881258277
0.7819465270217081
0.7805973535674878
0.7794346252627421
0.7778321462551339
0.7764684393106612
0.7754980599186764
0.7745647194060186
0.7731660289219335
0.7721659407731303
0.7701178477345273
0.7680988276102217
0.7667688555281665
0.7654306402383644
0.7627070516150583
0.7603983420541693
0.7581827389240862
0.7546288653669367
0.7509071230740387
0.74796579241871
0.7461057928825421
0.7456476808199105
0.7441475449881008
0.7433596967576136
0.7428019484333259
0.7422173762650719
0.7424825987010083
0.7424103512774618
0.7414708709893698
0.7402519756789002
0.7380913792966045
0.7348300071993253
0.7323164586789783
0.7311617078402372
0.7289194658151014
0.726883230944727
0.725701920740953
0.7255863063597743
0.7256335460510622
0.7265433121858161
0.7273773068453325
0.7289083621573097
0.7296505783045403
0.7280947480707891
0.7266162931362209
0.724700376852245
0.722340883575776
0.7216570663722812
0.7216015579436033
0.7206470198520495
0.7196882320110464
0.7197391760439065
0.7138961632817652
0.7095549896576773
0.7046566161584844
0.7017077575878667
0.6984468970482588
0.6965628902757933
0.696586253219277
0.6951171358243453
0.6959257749658427
0.6922922365826664
0.691096343748285
0.6923933115542458
0.6941421787243397
0.6960664103633561
0.6981514732352957
0.7010603993300402
0.7021075552628198
0.7041257566394679
0.7051182027421026
0.70648065500356
0.707236210458196
0.7065599318247884
0.7066391681721389
0.7050019548588987
0.7033554800033398
0.7021049001908269
0.7016925217123896
0.702671440920674
0.7049037584829595
0.7075210469013269
0.7097692156420945
0.7122252570658677
0.7153660065348244
0.7190747265724019
0.7233898786750328
0.7260128687453437
0.7287000570158383
0.7310000434967424
0.7330023322380496
0.7334322035314083
0.732673811149771
0.7318615452395207
0.731533990206223
0.7309909720987288
0.7307233612173238
0.7311651569388848
0.7302772051352424
0.7298144572916851
0.7299765084756048
0.7302635723911182
0.7304443248886257
0.7295332386081563
0.7297212422710505
0.7305600796727157
0.73125141738851
0.7320572991859909
0.7326848799231321
0.7333971633514943
0.7338021943258972
0.7339289628741491
0.7348757931651952
0.7362290198245312
0.7379866522994147
0.7390515105315961
0.7400705219782096
0.7405802031322377
0.7401662409296513
0.7404695372602074
0.740376928548291
0.7400556385728235
0.7393991516269356
0.7376551669834256
0.7362974272606176
0.7360697194359502
0.7370898698941452
0.7384048644868525
0.7399559906935977
0.7406194234085391
0.7410290314136004
0.7409931698480416
0.7415027340269562
0.7386224074536774
0.7339323024007172
0.730766408207853
0.7281480919717872
0.7257335408829885
0.7242554644003942
0.7232575690167284
0.7222545747870414
0.7220876807875783
0.7224205389739122
0.7226770713853983
0.7235647327095251
0.7235038627635652
0.7231015092092054
0.7232542789659817
0.7248344559782105
0.7258178518647216
0.7271691246304024
0.728587886062903
0.7305531945294459
0.7331203772035014
0.7359069297227522
0.7386446240174388
0.7408080995017012
0.7428900990122289
0.7447626320615183
0.7464044811726683
0.7473639668479246
0.7465670627117528
0.7449768501318049
0.7441628767248251
0.7437673142127519
0.7434165678683954
0.743222426706363
0.7429375878947464
0.7427389971776105
0.742783024633625
0.7427893438885441
0.7438511926213969
0.7449786784987246
0.7458473755511261
0.7464247986970621
0.7466165748748194
0.7472267161215262
0.7474871486178389
0.7474472030483428
0.7467360615114903
0.7458680082936978
0.7451482763236691
0.7434776746639162
0.7426949389694659
0.7427130756576147
0.7431386907968365
0.7424538588205526
0.7410139443688948
0.739604536217035
0.7389158740397769
0.7384585548276157
0.738721787469268
0.7375473144180174
0.737718140274302
0.7390349824783718
0.7399512367448969
0.7417002788741335
0.7433627871287228
0.7449381730167863
0.7462515229641443
0.7476974871341512
0.7474126832361068
0.746767621400783
0.7466070888908503
0.7454746373656319
0.7441058437901836
0.7430133495745166
0.7421783092976475
0.7418657611243218
0.7412803197666391
0.7409707714390051
0.7415520169462417
0.7428374494203651
0.7448561718358362
0.7468780734179251
0.7484382704294715
0.749545972353485
0.7500036539626466
0.7502957113814
0.7502116276440882
0.7495898945283193
0.7492513969169476
0.7493836319713055
0.7495402510255319
0.749803346388622
0.7498638928321961
0.749176095687132
0.7489982719078919
0.748512973629172
0.7480068261757193
0.747467791071087
0.7475609484694136
0.7479707779797417
0.7480546400403081
0.7478781085947764
0.746668866085432
0.7458871300994675
0.7446057758206002
0.7432934842373993
0.7424136575391355
0.7412850912642075
0.7408359136782382
0.7409464547601028
0.7414015562589078
0.7424151613889246
0.7413497999649948
0.7407221731975093
0.7402799081452529
0.7396960970111391
0.7393255483170365
0.7390320758747043
0.7389317874175593
0.7391200467571379
0.7384169225924109
0.7381067741900112
0.7376094576009197
0.7367528112006773
0.7358710808306355
0.7352442911902174
0.733690334526637
0.7327057807823146
0.7322393626401338
0.7325272224256032
0.7333262569031075
0.734688589029148
0.7358876543267524
0.7362431680554776
0.7366533730750499
0.7378492394809355
0.7379600942400327
0.7380913006086869
0.7388339118876057
0.7396986391285484
0.7401857982615693
0.7408325732718838
0.7411167450303842
0.7411948159650691
0.7408605309104904
0.7411492948672658
0.7421952014589076
0.744218893248881
0.7466078359336098
0.7474618508901145
0.748929986730969
0.7508961271615656
0.7534380451446179
0.7560800350999546
0.7582973083927707
0.7602545282533233
0.7628410820586824
0.7649060865735697
0.7673229123416938
0.7688692393023382
0.770354053919827
0.7713459211373215
0.7721186686095453
0.7728173233815308
0.773867861940744
0.7749799952761093
0.7749839044119485
0.7753496928063196
0.7749285096203261
0.7740903071500159
0.7735821892454203
0.7733495053779503
0.7728737324935897
0.7726333223425844
0.7725258951537916
0.7724700618860205
0.7721733292773441
0.7709790237187797
0.7700471414729374
0.7695633236006271
0.7690246832888543
0.76925444347687
0.7695565268563568
0.7696739544892783
0.769650231972381
0.7698060299358405
0.7700260856802466
0.7692421968283739
0.7693233145118789
0.7697566061923903
0.7705334395844944
0.7705822711537514
0.7707764758278514
0.7697628277069574
0.7689494864235902
0.7683236121344093
0.7682815703445814
0.7689544699850516
0.7697844729690996
0.7708546514553377
0.7720479652254897
0.7731541890013319
0.7751971071536982
0.7773521400721469
0.7791261930304543
0.7799280915660244
0.7803067644377487
0.7802978615767632
0.7797152921959717
0.7791368236709092
0.7790812161965677
0.7788607157587119
0.7795822676254639
0.7800908900789648
0.7812269428464157
0.7823370848479623
0.7835087228201121
0.78438074227949
0.78510073773427
0.7849475315989303
0.7847839999249081
0.7831713201374197
0.781726374086852
0.7801162661654725
0.7790201153185197
0.7777681823420367
0.7770329823526816
0.7770796719339819
0.7772136036660043
0.777566901486336
0.7785278020740917
0.779556572882419
0.781131670789321
0.7825510119687886
0.7836145464142649
0.7847918590536698
0.7858576744508278
0.7861566253897267
0.7866709902166733
0.7869729794667706
0.7868696588549141
0.7864227714388207
0.785327303403689
0.7840993419311134
0.7837451655979187
0.7824279869091659
0.7807692902943839
0.7787197686986719
0.7764900418045912
0.7735315141208174
0.7706220983558564
0.7672995094910896
0.7639732563237581
0.7618041954714394
0.7596592658233567
0.7565637279318287
0.7535861276504867
0.7516203337122241
0.7496778317648941
0.7479349590985049
0.7473017518179909
0.7476057817239098
0.7470053917424526
0.7464140049208506
0.7466707137562153
0.7479806833236061
0.749816133349515
0.7518385142592273
0.7538160486685735
0.7554181443210094
0.7535637723654253
0.7518572765494633
0.7495019943402413
0.7475533285131005
0.7462372367837331
0.7457013303452829
0.7455349703699738
0.7455660925829146
0.7457748665003809
0.7460839865379596
0.7462202402007576
0.7462594754771459
0.7457936269011893
0.7449562105447881
0.743589394839706
0.743202626624736
0.7433664031174572
0.7445035571457598
0.7457314891431617
0.7464827124919525
0.7482074791976904
0.749572891155447
0.7512497186093816
0.7521500628485015
0.752931961179958
0.7537854744237084
0.7549745570666611
0.7559705465941259
0.7564719561136735
0.7571372440721752
0.7564333077013036
0.753630679769295
0.751753552819184
0.7482547675563787
0.7454980805354005
0.7436582782408976
0.742512104512644
0.7420957414520513
0.742750295189886
0.7443366464401922
0.7461145360303403
0.7478002926598988
0.7494414237853966
0.7504120966149858
0.7515792313472425
0.7521171590678066
0.7530307506155373
0.7528544139609319
0.7526150926298137
0.752198565170512
0.7501133377765057
0.7459135923358549
0.7419508519676582
0.7389748251412906
0.7360173834905588
0.7335394870631878
0.7312335147736918
0.728693327195065
0.7243342385925728
0.7211410318854015
0.7189731763092108
0.7167148701685606
0.7148782559339019
0.714211996633878
0.713640359918827
0.7136130147321801
0.7137536870466445
0.7134696868412687
0.7122063024529008
0.7100211577555254
0.7080919108519317
0.70556468261505
0.7021787442564567
0.6989790355074569
0.6956171314228207
0.6927231361424001
0.6908519815959581
0.6880409952311943
0.6866971216688021
0.6860189608788234
0.6859630838615767
0.6864997942995867
0.6865568589861925
0.6876416326620968
0.6890025180017847
0.6909200463747367
0.6938134601032112
0.6970807975460401
0.7004803320311104
0.70373735337177
0.7061468558194717
0.7078226377582794
0.7086605497117798
0.7082817817966413
0.7077946517029985
0.7079684146822051
0.7089505539626957
0.7107859882771513
0.7101215938076223
0.7086139887705398
0.7078137416314031
0.7081287061520478
0.708110106190847
0.7083659316724525
0.7083972364622299
0.70898164558362
0.7101404337818448
0.7114779478222795
0.7128954931384588
0.7141126185933873
0.7155338379637688
0.7171154904635813
0.7189575340094695
0.721511926649114
0.7227676523763836
0.7244365878720487
0.7259279619573595
0.7266744077084035
0.7279433025512424
0.7300982147889101
0.7323443387543375
0.7338425201005161
0.734930550924868
0.7363271018619298
0.7384446543087128
0.7400920234832575
0.7411261460258302
0.7422353577081933
0.7424447658184424
0.7416094906350421
0.74108673553782
0.7397227037939743
0.7392100753571997
0.7390444863252804
0.7396518972755236
0.7402391028115296
0.7409261777941147
0.7415162622556997
0.7423636382676748
0.7424785663358449
0.7413543122037326
0.7396454390599884
0.7396061781540637
0.7396865068965731
0.7402151370138401
0.7415323843981905
0.742817709907854
0.7443881901809732
0.7452753627310652
0.7460518704524389
0.7468389467387021
0.7469840442133671
0.7466523237741087
0.7469029373472188
0.7472362080694016
0.747381978211189
0.7472393049042068
0.7476204023221674
0.7488788488009319
0.750934482834607
0.7533165900617848
0.7555297433902557
0.7573001332817919
0.7592996468846065
0.7611894530435906
0.7633884290704077
0.7653252303844317
0.7670717429069924
0.7687875179343392
0.7713234029752594
0.7735542777619745
0.7759147768643945
0.777134010450639
0.7767516826131001
0.7760385309822195
0.775135684362394
0.7742699418582945
0.772745697236289
0.7719052141579754
0.7699152129612283
0.7684366539484148
0.7674915311381324
0.7654263343895988
0.7626119248927354
0.7606227358215276
0.7588400003225007
0.7574809213809276
0.756148555583201
0.7550369604251357
0.7539503964050194
0.7525034704633079
0.7512709608691445
0.7503345836280513
0.7498162385331496
0.7497773126397056
0.7501378845181741
0.7507449219069211
0.7510625578133695
0.7515982390441043
0.7523078771900098
0.753348722421447
0.7541304273360535
0.7545589902030526
0.7552820487847539
0.7546242005107724
0.7542397954544431
0.7549842209394965
0.7564130244789824
0.7576019193014792
0.757994789913702
0.7582850360402765
0.758350854026565
0.7587144233826952
0.7589711265853251
0.759215297872254
0.7581267844577845
0.7562324361797248
0.7546298388693826
0.753214260801549
0.7521407484729615
0.7509379528697343
0.748927396856814
0.746944081887366
0.7460100703363276
0.7461116837718433
0.7465820573087972
0.7470344094573128
0.7480081515079035
0.7493387903034916
0.7511937547303246
0.7518136402627785
0.7522161120338418
0.7527060417766439
0.7531194070533307
0.7535338631783435
0.7525958666038984
0.7523849356924406
0.7529859654783723
0.7537822413074475
0.7553690054345478
0.7571578154395725
0.7596278410205174
0.7614920753615988
0.7622556365789511
0.762811183801754
0.7627932098504016
0.7628620293593728
0.7621723140307347
0.7619921970892881
0.7622084259215752
0.76290791251673
0.7636332148655584
0.7646145938054897
0.765622884556951
0.7665982311484023
0.7669659883377927
0.7672323934311182
0.7674534516835524
0.7673870896017402
0.7678287031431302
0.7683730805267897
0.7686461467976333
0.768995108147968
0.7701799526549429
0.7709368762422564
0.7708965470683679
0.770353276801255
0.7699199367051648
0.7697738783300739
0.7687811678665682
0.7678958418488432
0.7674962187550937
0.7668641304741971
0.7670603570370165
0.767654279626306
0.7681015872874309
0.768477454957054
0.769552131352673
0.7704298998326853
0.7716576240998096
0.7720548521585672
0.7731733665366648
0.7740972677566863
0.774178909952087
0.7742798511050342
0.7742588287035415
0.7739031113827801
0.7745309750612815
0.7754251273495336
0.7763007348380059
0.7776266664527431
0.7793490428631774
0.7813637535528672
0.7838632219550826
0.7853658072628872
0.787096390110094
0.7882331474978159
0.7888224596675423
0.789551493755441
0.7891763569477529
0.7886932024657738
0.7878877413786967
0.7865571599906355
0.785085824871342
0.783669527031146
0.7826388739092807
0.7824435388447016
0.7831499745381665
0.783543310572118
0.7841578508511565
0.7840451397372569
0.7838933353676693
0.7832609290459972
0.7826861534049789
0.7826706676908499
0.782838525310764
0.7829990084966074
0.7834874385285013
0.783949676015736
0.783905089018194
0.7838114568256637
0.7833622420286702
0.7820333080350167
0.7813670354836486
0.7810202294100138
0.781564507052684
0.782740419750641
0.7836797233160054
0.7834051787304743
0.7831414125683085
0.7831247436489933
0.7822935527351325
0.7818108167806166
0.7812785893465066
0.7797134757834576
0.7785464109274417
0.7764238985041937
0.7743023246400189
0.7728739600708063
0.7728105397966467
0.7723910403410732
0.7727475022255176
0.7724949706802606
0.7710320737502773
0.7700079685677892
0.7689636418805444
0.7669609011551447
0.7649418993746783
0.7638224652456185
0.762887756287476
0.7610304072355326
0.7599049094023014
0.7591678750181755
0.7590328648323291
0.757807482274588
0.7564803898738356
0.7539326592464104
0.752593164647689
0.7529341956147158
0.753910931888061
0.7557076729032756
0.7570257944812581
0.7585422150923326
0.7592774658891007
0.7594144875625117
0.759879235535623
0.7597686080209721
0.7599674394167875
0.760879482730747
0.7604297687805919
0.7590473058144063
0.7575184134668944
0.7560102143845484
0.7552921856540085
0.7535048983137375
0.7512366726731252
0.7496999668241268
0.7481203363395684
0.7463474549462179
0.7434085688154936
0.7395639447362177
0.7358806764791092
0.7322061579536402
0.7287843311007152
0.7264785925331476
0.7238622786616139
0.7204037237726596
0.7180198552276671
0.7161018024467933
0.7150875836701265
0.7154040870317135
0.7151974304017997
0.7156470323796461
0.7160321626531175
0.7166198908163149
0.7174791573790285
0.7190383956731794
0.7221573721287308
0.7256025573551943
0.72956907974064
0.7318935544931545
0.7342215502347506
0.7358228768439322
0.7370083071715683
0.7390716533969793
0.7413830467300788
0.7430046203990063
0.7447741049269386
0.7465444799167213
0.7483066286967198
0.7469436463849458
0.7458953558657864
0.7445170295167763
0.7435385088779729
0.7428382156014813
0.741784757218509
0.7416313495895275
0.7412425592337976
0.7414554126011692
0.7420583914487401
0.7428590024358592
0.7441245590847796
0.7450299032484601
0.7464856557614316
0.7477381204320763
0.7472949074877278
0.7462538147145021
0.7458405569486058
0.7448082549250744
0.7438747865302413
0.7415256337091043
0.7397034823514237
0.7376195015500656
0.7374252584235693
0.7379606227127832
0.7390837605125385
0.7402896065003631
0.7421528400054479
0.7439508804338743
0.7449279219619815
0.7457168832968742
0.7461982930568578
0.746561451164391
0.7475196782917917
0.7485769334473449
0.7491135883756477
0.7494919967968572
0.7505745086492135
0.751841619552448
0.7531596934013746
0.7549304312620063
0.7565180154879853
0.7582674648271479
0.7599457907285244
0.7616988456745742
0.7632536429193569
0.7643899943049979
0.7633711924220604
0.7623476208497326
0.7616465219826013
0.7611980850452416
0.7609128128946798
0.761616899733817
0.7622548033616809
0.7634287339339058
0.7647992906597444
0.7664592844384633
0.7680606742545895
0.7695550255797488
0.7709254123248006
0.7720377744600059
0.7724606410883103
0.7733350965180384
0.7733020886446313
0.7736035254533744
0.7736270666509182
0.7724226320671516
0.7702034255175029
0.7673343629467351
0.7646993540923811
0.7629345270910528
0.7608419479646995
0.7597779447011572
0.7593731407171161
0.7586431445112376
0.7566807066474669
0.7547164551913746
0.7535965714926344
0.7516045556897935
0.749529214041453
0.7482966312994543
0.7466653676216436
0.745018202878428
0.7431426091127978
0.7417532203134554
0.7402889470802296
0.7390784941354014
0.7367256252999068
0.7337371626648604
0.7316698394590831
0.7300654309859934
0.729007788327808
0.7281012865683111
0.7285552421670713
0.7294136696547817
0.7296313031030989
0.7298261675095914
0.7300672684673555
0.730448428413058
0.7242104119860803
0.7187725732493191
0.7139245434487314
0.7100155454444509
0.7073730617986028
0.7062121471118031
0.705745137076738
0.7059402154857045
0.7055431279722445
0.7057313774274132
0.7059302942934566
0.7064070810159423
0.7076553163834124
0.7090724920946082
0.7097777342479802
0.7110209531159831
0.7124807327446004
0.7138414440468366
0.7160165855388707
0.7181282384128346
0.7207993685722341
0.7242558146490424
0.727172299762517
0.7303178593425254
0.7332588289961508
0.7347329489000454
0.7355457855194872
0.7367542289797833
0.7377847478466226
0.7389358267401753
0.7395382114169636
0.7396964871073474
0.7390168900450101
0.7383704542688845
0.7367132062022561
0.7363816837934803
0.7363419068411724
0.7364840549446616
0.7366071960293555
0.735943552742234
0.734958373240246
0.734143775302903
0.733719736971956
0.7336962913909028
0.7310708180129294
0.7287118409787403
0.7269345945742343
0.7264828040391078
0.7261374221317634
0.7262268977198079
0.7274731648814524
0.728789321080745
0.7300898083852371
0.7297111694788725
0.7297554194259204
0.7301914531301047
0.7307865368386888
0.7318088857070499
0.7317778540770321
0.7316495660327298
0.7315014593974684
0.7311454908995828
0.7301681678184266
0.7290080547378208
0.7275461302765893
0.7244871720608484
0.7218210956126304
0.7195690228610886
0.7174728161038164
0.716235973183094
0.7160990225761723
0.7162135403615802
0.7173667197301665
0.7188128429852272
0.7201795975004425
0.7210927891017372
0.7217467939509921
0.7221191045184172
0.7230249096389005
0.7239906406136124
0.7250736978360703
0.7263936234988906
0.7270306360124368
0.727818682244151
0.7278099748956903
0.7282113898441963
0.7294448940028587
0.7309013773859087
0.732717860915138
0.7346180776850892
0.7369607294334857
0.7388700645462013
0.7411819692177034
0.7426654036546034
0.7439208433493444
0.7454153988749821
0.7463280890948801
0.7467742595278111
0.747445951829431
0.7481550248101351
0.7495413892406567
0.7513125979433699
0.7528071891793475
0.7539420440870571
0.7544950061199045
0.7551129029441871
0.756185921201372
0.7555333545054715
0.7548772533347315
0.7546943371801611
0.7549152005388027
0.7543354139321584
0.7538038097621748
0.7529190555894988
0.7520282199061742
0.7510628615174509
0.7493201352076638
0.7476298310384858
0.7455197304371536
0.7436587939349799
0.7420836075430862
0.7409822888940012
0.7393577480354657
0.7380103875858416
0.7379477404156725
0.7378298442627866
0.7382094746873743
0.7388275441265479
0.7395072341210553
0.739540677742878
0.7398929891732976
0.7408799522302146
0.7429183218325146
0.745404613207682
0.7474911015939995
0.7495559148519381
0.7514250165919808
0.75346513240666
0.7550444445566542
0.7571203451702494
0.7585692927373997
0.7598616627515534
0.7606284364865931
0.7612867064727009
0.7609432024384084
0.760528234005932
0.7607649237113673
0.7610578128858226
0.7614735673106211
0.7619720466432791
0.7626295399210161
0.7639340250689999
0.7650346788299254
0.7663557848511507
0.7679450153730958
0.7694740442288092
0.7709269953035174
0.7730143887508066
0.7754949706395302
0.7773529047870124
0.7793036885254934
0.7808628296853516
0.7811512648679735
0.7815575962911901
0.7810502675152701
0.7810087149172953
0.7810748325634855
0.7812060260054607
0.7809538296317097
0.7806863634190129
0.780820794445258
0.7807235342977089
0.7812232751833736
0.7820671757988596
0.7826590668281418
0.7837327952878802
0.7849051480403266
0.785356483621279
0.7856237053966093
0.7851668822636081
0.784114450336092
0.782529036805196
0.7811510534651829
0.7802508336215411
0.7793556127694321
0.7789100904276519
0.7789313802735995
0.7795148421577102
0.7792109481742328
0.7786772794338559
0.7782945892762171
0.7765335072042655
0.7756758489031531
0.7752199367145212
0.7751099351199898
0.7734588202408644
0.7719494539745544
0.7701840267085392
0.7685896419450174
0.7660209856844364
0.7635884064620154
0.7622453160943249
0.7617590072919185
0.7612367196182024
0.7604316108468472
0.7599459252253793
0.7600679310588463
0.7606009182546851
0.7620170544637039
0.7635164524566594
0.7654108384574239
0.7676387405894467
0.769908317906071
0.7717355635153792
0.7732243815986214
0.7749889040815261
0.7770826664523477
0.7785858420477568
0.7794068008805378
0.7804816849605674
0.7820123442225223
0.7838732309396146
0.7859684715884604
0.7877894821466492
0.7890547857963317
0.7903128337617373
0.7916521976232496
0.7923793125931298
0.7934276102060248
0.7943206649891145
0.7951691923272491
0.7961863963979368
0.7966149200999785
0.7967158697112852
0.7965537229336433
0.7963064490029889
0.7960456430180228
0.7962848722750727
0.7958290512018145
0.79515272640362
0.7946378642226876
0.7940583170991733
0.791536371190569
0.7894317156380531
0.7864397048661315
0.7834160288662894
0.7807586531105845
0.7793215341748914
0.7783692836327085
0.777825291633246
0.7774955262077491
0.7765420912323516
0.7762558569312308
0.7759873813244812
0.775736299862384
0.775845334206301
0.7757855313403247
0.775606214180122
0.7755479464811473
0.7754657825191862
0.7750384921342115
0.7747662382637643
0.7744899480819813
0.7750403265275602
0.7756375634532363
0.7759003243592106
0.775588324106447
0.775466676175372
0.7750884335021283
0.7750785525740176
0.7744328660146351
0.773729180992199
0.7718336842425957
0.7696012178542558
0.7667654269095072
0.7648697848881855
0.7640598597300636
0.7628074268378805
0.7619677354229898
0.7617285853543563
0.7624018632955738
0.7633698588105792
0.7644897757840231
0.7659845685505363
0.767957349111143
0.7696031090647533
0.7700030693515305
0.7695226982434068
0.7691638389821022
0.7681688201007046
0.7678244782549765
0.768090257403323
0.7683072086212017
0.7689296631969734
0.769715951908455
0.7711463393701516
0.7724976299847822
0.7737042272223271
0.7738563353856344
0.7739919186785851
0.7740633562433985
0.772379004334002
0.7706910221051659
0.7689490422826907
0.7669850039369135
0.7653627583380552
0.7638778214861538
0.7627425516185812
0.7614699634177415
0.7587630934202821
0.7558313898054086
0.7528158488295115
0.7504253721946917
0.747950261196732
0.7459330865069981
0.7438292602063713
0.7417087080058019
0.7390516666695411
0.7372292341453727
0.735770600502002
0.7338174715340094
0.7323907629938079
0.7314158581673816
0.7309353415875122
0.7309924912656814
0.7324239288817022
0.7340089811555558
0.7346303523317507
0.7344649994307014
0.7329660567325335
0.7318689624852845
0.7316232070006947
0.7319650851802619
0.7318369408770939
0.7310637313445586
0.7312614292986432
0.7315711116327627
0.7315862814373069
0.7325145144957765
0.7327996485274538
0.7341505843901772
0.7355339618174953
0.7366913568527262
0.7385400724575607
0.7402252776441995
0.7421266314674967
0.7443771100795669
0.7466259651894481
0.7489050550083566
0.75042291117204
0.7516354574805961
0.7518741470339237
0.7527726746767051
0.7533963339508335
0.7542065802391711
0.7538475760778938
0.7538625827126203
0.7538497428098685
0.7539371603075674
0.7540043734947182
0.7542145619512439
0.7545424810172502
0.7546685435146211
0.7549611197531371
0.7555160487177522
0.7562750903961838
0.7569744989314955
0.7577618077293167
0.7588873480232717
0.7597113261232936
0.7599357209161924
0.7608789256755373
0.7613609697973976
0.7624556054090905
0.7637114056221811
0.7645182701742301
0.7649881766633368
0.765894293652774
0.7672762913263882
0.7679716816119325
0.7685352996839216
0.7696671681051676
0.7710018290261862
0.7723839623159338
0.7733847310216521
0.7734947557408102
0.7736854144017205
0.77403261296133
0.7743384836384225
0.7744311663968277
0.7747705900536599
0.7757053889083303
0.7762028866488966
0.7765515109477574
0.7763860552161949
0.7758547731415132
0.7744850410019763
0.7728121569217913
0.7708047320545685
0.7691858299107279
0.7684338417239183
0.7671099798696717
0.7652375988729664
0.7634055853717716
0.7612407408795567
0.7597277408308417
0.758870358780351
0.7580133786102263
0.7566020132227002
0.7551214296117826
0.7536947178567195
0.752940906544336
0.7517589173919085
0.7484884800511461
0.7460751156323777
0.7444456080457511
0.742216508523912
0.7406956860549975
0.7387685932447632
0.7364010568327108
0.7327780111825805
0.7282840834229551
0.7247870841556763
0.7221971299552674
0.7183031356795023
0.7152981032138365
0.7132201776953085
0.7118111012001884
0.7117254259630013
0.712205517926008
0.7132588015978748
0.7122940497996512
0.7117437533068987
0.710064375901189
0.7078355044316146
0.7053477492602441
0.7033663604249467
0.7021956377594271
0.701897253741929
0.7026574677831403
0.7042034911909612
0.7061804409883897
0.7086639950960973
0.7101504720449124
0.7126259438446967
0.7153072079975664
0.7186092813173404
0.722028835681498
0.7250043993970632
0.7258772975945722
0.7262524430330456
0.727015842824947
0.7282746775292722
0.7295179808111623
0.7302115342856231
0.7310076739472127
0.7316680262768447
0.732647335408573
0.7336563146012317
0.7349946919109127
0.7362699300065753
0.7381223509419752
0.7403456222940226
0.7422265452117974
0.7435736321112318
0.7447228158437729
0.7460870269336974
0.7483564004068415
0.7501070950433231
0.7516133409932891
0.7533796390313047
0.7548820817082642
0.75578679701628
0.75627531375631
0.756761715475167
0.7567912386369382
0.7570305919744632
0.7576001718891429
0.7579639515899805
0.7577852323133142
0.7574571928603331
0.7570518859554967
0.7556433060473873
0.7548100897533077
0.7540634154054712
0.7545048812070143
0.755037811235239
0.7555433830801833
0.7560034859655815
0.7554865560073373
0.7542811908778627
0.7525192280592894
0.7504392131366133
0.7475450010037936
0.7452875827807753
0.7427076989912662
0.7406052565872654
0.7394363264101992
0.739002282899633
0.740255279259437
0.7421015258086144
0.7440785869589867
0.7457681301393421
0.746781718960354
0.7477697432818254
0.7488493408110254
0.7498743674674438
0.7506226424924364
0.7497451889929758
0.7489947898588
0.7487083423234854
0.749080488403427
0.7487337828286141
0.7487662166853073
0.749065586438874
0.7463119670641772
0.7434062406913914
0.7403523955906434
0.7371722067388813
0.7351573563747599
0.733396495563682
0.7306938298862526
0.7245678893070445
0.7196214052787143
0.7149656086118519
0.7116736812057288
0.7089708649055582
0.7073961572923085
0.7066662627485537
0.7065731540267527
0.7068463757969836
0.7066303159189714
0.707304502519275
0.7078738249894376
0.7088057057092677
0.7104826725709802
0.7121703814240999
0.7138856134450716
0.715427778578318
0.7169975990469888
0.7186352456742108
0.7207369254565982
0.7221897332746031
0.7233406738612606
0.7240314729890971
0.7247631269549144
0.7253002407559092
0.7267229801145673
0.7287438264689508
0.7311796572009375
0.7320133462352867
0.7325816334695114
0.7330976434527668
0.7343249788968841
0.7355857632840097
0.7374556152554478
0.7396734605567913
0.7417425871643046
0.742814920146237
0.7439900271394536
0.7458817771729715
0.7472972208671211
0.7486328180581571
0.7499184873266289
0.7512682260529491
0.7520373048826838
0.7522310621074042
0.7521461748649775
0.7523084422653067
0.7526884946150766
0.7534875160256154
0.7538187665309983
0.7541957320221835
0.7541317131973581
0.7540992298130991
0.7543423232644926
0.7547808002299281
0.7547377944669657
0.754709706949822
0.7551603394324923
0.7562895010469839
0.757569087198941
0.758823612990307
0.7594529626319442
0.7602724555734469
0.7608259231738861
0.7612075605651704
0.7612843607977037
0.761089923017772
0.7602376984616125
0.7596001098680266
0.757912303362328
0.7561591899512277
0.7554359839951922
0.7546651130350193
0.7545130988438483
0.7545955585556008
0.7553530173096324
0.7562666369415949
0.7568940057115606
0.7580485553493589
0.7593134909250667
0.7596991997971216
0.7603394392096222
0.7611423449814201
0.7616351326691317
0.7613902945349139
0.761282337201542
0.7610965868059971
0.7611842214688509
0.7599536530210548
0.758694149944895
0.7577384010272785
0.7568959811415988
0.756653282863476
0.7571881029972224
0.7572284840179149
0.7571129719789498
0.7570966306486413
0.7570476495291331
0.7566844860507048
0.7565415650384605
0.7559057136978412
0.7553470427366888
0.754972951136953
0.7539484474555239
0.75318095011179
0.7532125844906284
0.7538746156053622
0.7545189851290565
0.755710938714005
0.7571470181384016
0.7584622822470607
0.7600276533129393
0.7615811801881884
0.7632152005867548
0.7606942710892812
0.7580261861160932
0.7558763208998759
0.7545365622777528
0.7536520999452614
0.7528120491064255
0.7511131072188557
0.7503763082402855
0.750369261873246
0.7502252439089556
0.7511795004249865
0.7505611778945028
0.7493197165606129
0.7479217062062593
0.7464080561632822
0.7450826894714071
0.7444417857563652
0.7439911050574817
0.7438864095266329
0.744850003065303
0.7457694669615436
0.7467646767196646
0.7481202863614471
0.7491476698209243
0.7497741963218691
0.7501582061763713
0.7503219434340034
0.7508371912437626
0.7512362007187655
0.7508444103758576
0.7509646021918428
0.7507668884405827
0.751054042583532
0.7513483391339729
0.7511689384686429
0.7512202847003484
0.751116504364388
0.7497089202685084
0.7488489617560424
0.7481439631274406
0.7473396436584773
0.7470987651964254
0.7471594576927413
0.7477543608370232
0.7485303573973315
0.7490736323446123
0.7488666113922573
0.7488651318393698
0.7485193177045435
0.7484868124880484
0.7474047489763517
0.7468901725883066
0.7454125515683261
0.7444131034338376
0.7439402796258818
0.7435657496489488
0.7437454256645951
0.7439638957498955
0.7437969997336574
0.7445313192169403
0.7456585902161212
0.7479089469628254
0.7507420175920674
0.7528624596492456
0.7552081536793432
0.7576314375555634
0.7585259886928258
0.7558714068674754
0.7537892809593688
0.752050835144875
0.7514418115962326
0.7490540655618627
0.7476908527905622
0.7465652770990379
0.7453012376846277
0.7448400334051613
0.7446845565379173
0.7442855113537106
0.7419890183706949
0.739352526181138
0.7367919909978831
0.7355993139011611
0.7341670240211008
0.7308286524644719
0.7285066153856611
0.7263163363662357
0.7248015943596824
0.7236150640043179
0.7219762467178044
0.7194694903390261
0.717910026934403
0.7171220096403791
0.7167329979308817
0.717153342856665
0.7158022854183239
0.7143480127240619
0.7136060263447237
0.7132606003397435
0.7125317749729102
0.710506603115111
0.7090032141265353
0.7082580155868965
0.7074200488786287
0.7065063734053536
0.7056217203011204
0.704510983515208
0.7034354493508758
0.7039624011806845
0.7052996437760628
0.7045964157325363
0.7043362545126596
0.7014862060380599
0.7000395560979141
0.6978717348187693
0.6937089792293064
0.6905733187854409
0.6883867965385715
0.6875054197479541
0.686308502170224
0.6838692785388021
0.6823092014865604
0.6823598383714153
0.6828237850229996
0.6826061436666107
0.6827184940051552
0.6831286737004516
0.6838492140695192
0.6856555936512638
0.6870798682917282
0.6896070923160087
0.6926687848749266
0.6960886098416936
0.6992382169410107
0.7029462697385099
0.7066638475950752
0.7095839593487193
0.7120183104242279
0.7134977037713683
0.7149251878171705
0.7171577871103282
0.7199291518352101
0.7221089708864898
0.7244822027556744
0.7275716260920746
0.7311217148971775
0.7342391430795067
0.7372956873146856
0.7401696920417739
0.7422582665882034
0.7419227763191942
0.7417933804040169
0.7422128391614063
