0.4511275000701236
0.4228909798148047
0.419683416476697
0.3893589825555944
0.4135859322620221
0.37853954912651444
0.40892394617716177
0.38888799732443485
0.3861020642655268
0.40118598381055426
0.38835805808477725
0.37125914484713424
0.36259563813571705
0.3985002595220337
0.3709849887028346
0.35994949129613496
0.3214631824703581
0.3651653924928112
0.3567793192376958
0.35146574674411096
0.32931310360924076
0.34841604372487367
0.3018465517468756
0.3312190186369322
0.2994192938019715
0.3121394581827
0.2557395792809556
0.281491623259058
0.32730175155186336
0.30051260889235365
0.26856189004615727
0.2891786999578425
0.2739288954059257
0.29103669291712175
0.22854434093359882
0.26625231444929404
0.2534144503484821
0.2460655149561098
0.21179312497918668
0.26824728448434443
0.21423734334206984
0.27304664206440166
0.2154803741089582
0.2137924532263344
0.22315055638925085
0.2686845837845395
0.26248874279655676
0.22774769727113076
0.20966930868040373
0.24011762576562523
0.2150283113724531
0.20420802981771813
0.17485946642415068
0.21700676200316127
0.22444985839788595
0.1946453926240726
0.1596309054090504
0.2164706829661821
0.16701963096726702
0.15992633738209988
0.21818927004135535
0.189331076973776
0.20568628459670157
0.15503034015223083
0.19394061009758728
0.16522216577155474
0.10173988620265423
0.18031575341268852
0.1812854186370773
0.13344115379562904
0.15935197041019017
0.16444928023375632
0.1582587093175728
0.2038673139641341
0.19743054011480027
0.12848390690702438
0.1668329017605305
0.16560835806808755
0.08603776382901984
0.1437500040120897
0.13875948999700477
0.1633251929690307
0.18937146888155315
0.1154501602132682
0.18627804150688282
0.19056115406418922
0.14358108145931525
0.12681846080872883
0.06387023358047811
0.19087230568722008
0.10310870627672214
0.1804128750471234
0.12916308642995594
0.11111620803432137
0.1428507056451876
0.13552295503023187
0.13628756724312513
0.15219119781039941
0.06993027832455123
0.07669939731282682
0.1693398473131394
0.14882709801971278
0.15355381798554135
0.19412945158224104
0.10968914349683928
0.1919393496808195
0.17645694567042464
0.13253547870155818
0.08642284485029761
0.1476715724939049
-0.006682768388771576
0.061770248612110445
0.13079362639293973
0.15121882604521353
0.07456771931959433
0.1345125396209444
0.013725233966724315
0.12872956769081573
0.005379756642100941
0.20837876156027318
0.10583784370306726
0.14119035310886446
0.1460880554941173
0.1338513769642986
0.15728486370975714
0.10367191334038578
0.10154918270982088
0.1322190482286541
0.12001080667223446
0.10442567937208025
0.06864004771812826
0.08290362843975879
0.09934049369849479
0.13442553082373754
0.12284995773882901
0.01951084671955078
0.06408118955360953
0.004904142507491327
0.07012175653786001
0.05828424449784514
0.06958561055688167
-0.011599507102657558
0.06884600723694245
0.07225293463662158
-0.08663252863287152
0.1708012063067243
0.1489457065799249
0.0186803763284778
0.14814663854029014
0.07178812154502529
-0.029030928934477007
0.09787585992248271
0.1302497299087676
0.19760549592008503
0.1347568650707981
0.035799256829511794
0.07431775684468739
-0.10207095102038266
0.03653044072182304
0.04887420276330412
0.018454242898950035
0.16651887500107715
0.14899109069780553
0.06621043884630468
0.05217754486000259
0.0405469398669594
0.10683934959721003
0.18834123816169313
0.08111338181734512
0.13345576420921795
0.05569708144278446
0.04522531689862719
0.1414885950143258
0.17230487309765885
0.14342885569398628
0.09066607419394651
0.10796805750893324
0.08810785581875025
0.19496280226335277
0.15367688949004188
0.03667649335014583
0.08095323886232375
0.09225738713007348
0.14454077590200026
0.07090196217924383
-0.011588521881890967
0.05047482930071878
0.004255151765081178
0.14224179907388795
-0.00934598315886992
0.03538233446956657
0.09445353090394493
0.1805373243988349
0.14130149185831603
-0.10352653363486308
-0.01851303484557343
0.07647304966643476
0.19421722616232262
0.1875805074463065
-0.01662884119882635
0.07673953624143853
0.060790204948964144
0.04166317672593112
-0.1915248582768886
0.08411552252384968
0.11773479946790194
0.15189288711668147
-0.05664891258007143
