0.4197754043931326
0.4394876667208641
0.39431918534007804
0.4375755528426964
0.4083157424444448
0.39218012738973906
0.3840379699328842
0.3896826012080927
0.378900040074468
0.3877586075224036
0.4051287536484489
0.3786713497763487
0.3371989378496887
0.34145741083563413
0.35199574236032005
0.3572364925678479
0.3536673642338639
0.32790076887625463
0.3659954201276371
0.28867055181141943
0.3142034980098616
0.32645355856606084
0.31372780072846473
0.320033906278931
0.3164518788826215
0.29655405596998796
0.2789933858727805
0.2826227284900027
0.27498116693047114
0.2527078894259851
0.23350292538875944
0.24827047447217176
0.23655002191918661
0.23074429086919523
0.2279655141911317
0.24628091947324487
0.22154088409172223
0.20166589805496404
0.21519160805926485
0.21542775580684748
0.2028875056784022
0.18390242399941975
0.2104660026813749
0.2505961781797079
0.17893248335659995
0.20740319991614053
0.21983738714493062
0.21155219696688293
0.21693983876467016
0.22932212065089236
0.20013595994311556
0.19313610611342452
0.1725224818777376
0.18464042041728346
0.17147881403688203
0.17568661222198118
0.2057688818003105
0.18770971635706157
0.2166990959229802
0.1355271054471095
0.19173840824928112
0.14095271004441978
0.18372910994824193
0.1676516187430146
0.1500548348778779
0.16086118713857311
0.18884572995035664
0.206515775421942
0.13242404601086571
0.20957112893402996
0.21711309353417924
0.12106525347689262
0.18579073627814546
0.17841355031422906
0.1965447229981659
0.17762606943021725
0.12391486088654302
0.1690942751591396
0.16813077314624547
0.1143424187585807
0.12771640377960558
0.1708295384953309
0.1858424778776197
0.19062031771182736
0.12575813666991925
0.13242914106281606
0.1464990891104686
0.16176788192800157
0.1708881131282643
0.15498804585870618
0.11970948529786868
0.17031823511638394
0.1385339734570057
0.10121885914860629
0.1931031743222985
0.21653726600948858
0.0698759586861783
0.13415140319016566
0.1317976481111771
0.08444044693259145
0.03640882070335777
0.24337278682888774
0.1863117764641155
0.2756510327704727
0.08529247220511516
0.15334253026683264
0.024437786297505815
0.18051391667481037
0.13698174773499605
0.15436287801838822
0.19621601664534905
0.09608132539163766
0.1123263674596715
0.23617888073806292
0.027480733365826293
0.21166013887118196
0.14958089937343316
0.2009463658362503
0.19205704528667167
0.05392083722575791
0.05666433360612805
0.17025213965905417
0.15541424886827354
0.1583890387786573
0.14840252111828145
0.02638303509431461
0.10133415210602753
0.037411452421155844
-0.03612420208988709
-0.0019366331145930227
-0.0387170924647553
0.06438814324717607
0.14560142470593734
0.3072240078351296
0.1760092580312716
0.13724507446361162
0.008270750621429124
-0.18130209269500208
0.09165953610511257
0.15751092666941657
-0.04694250525952348
0.26223432047825956
0.25703674670773946
0.19410088242376067
-0.0018815082051790721
-0.16407505714337245
0.20475418348056001
0.11065452786860325
0.1727864628286198
0.05530803982306404
0.06142741036649457
0.24726606804287288
0.046343300150589795
0.004371623564188909
0.12155074701881474
0.26061105737873946
0.027073504195251674
0.11657990302735849
0.11493262972317708
0.22161621306058604
0.09582549633536153
0.025462348061712936
-0.19415018142733398
-0.08409455125989906
0.06607071319698482
0.0319059583304947
0.03178028171908154
-0.07506743416841188
0.1672739954468037
0.08653301072675545
0.20514152975584116
0.1515155141618772
0.18523086383562493
-0.013574043993610396
0.33867886508013434
-0.17589606410709357
0.14093837273591175
0.16607854474847622
-0.06972034417471773
-0.37297319020792996
0.17518814785547654
0.2758889981257104
0.1456811264192701
0.26109582671611664
0.08321693732332869
0.26843440793285117
0.32491660590129223
0.32245145363195005
-0.1566520676427292
-0.006363660561857998
0.16785308345692707
0.08577515285876763
0.21792113756271514
0.18978808689862386
0.14806256049062927
-0.09933901413139912
-0.02563600598470772
0.05671098332689767
0.13159748773191426
0.15076845925466303
0.06652515242082102
0.14221054641974207
0.26297028613329215
-0.02281393063942383
0.15408992091128837
0.09951596739920904
0.1836521117944815
0.04412621978747
0.13415491295144916
0.32041384236229015
-0.10505163588774014
0.07700747800452279
-0.24457557499055083
0.09754266365168096
0.0679537911514152
0.06789350210665324
0.17407169567337938
0.06569472684547861
0.24020455517269534
0.17182602161984956
0.21309108369967783
0.020744567147048032
0.22841529054921345
0.12453521233281711
-0.05894100505326594
-0.20344651882851839
0.18252158172436933
0.17416909212996762
-0.07388142518800311
-0.186127483634273
-0.0017614375197976262
0.18795902611845378
0.06323222637653986
-0.09162382169130334
0.07302554525737626
0.063373044929882
0.06470518752161214
0.23718491670899178
-0.4032313461184607
0.30059707300801425
-0.0689150543019561
-0.12158666302201127
0.07782670246866513
0.23861547121768917
-0.3045064359426868
0.15116183643247166
-0.07337190941180405
0.13672454385127897
-0.16424619094218695
0.17108387230692723
-0.39132612366082753
0.2683434646116271
0.025343274253180115
0.08283153289997475
0.1958703985581352
0.09934399759433565
0.017967377381574834
0.11448960628125893
0.12685897385889666
0.20511855345111318
0.18367230627841585
0.22462728981717006
0.20501414495954196
0.05597353839509367
0.08042563982618917
0.1763295886272
0.17775721366084535
0.1954074331245531
-0.1633260259259134
0.2827420085694926
0.007502939343335957
0.25550290054268376
0.14947348209440697
0.15651583367939126
0.19506321792542092
0.14593872835737914
0.2484265878901722
-0.054359977069448506
-0.14034516919358664
0.1867685602259634
0.16703988361305344
0.08878612404760006
0.11752123096073436
0.12608554286032908
-0.0339801339416963
0.17472324679076245
0.1744143014409817
0.20533554083865735
0.12533215104768602
0.23903945301299812
-0.10234262752388257
0.21218283069015087
0.02316154222144673
-0.42758150480747725
0.047987520430907316
0.1738758355652466
0.003838064810091024
0.15191058860922108
0.036720501871497224
0.2616274351336433
0.03856193186640827
0.1385187151355799
0.16608386588881113
0.10659894561790778
0.294341545414727
0.144975084255896
-0.1242570986387177
0.1559638857631369
-0.18705732627670935
0.030593844230051237
0.03343138685064939
0.12322691944620251
0.11575685765442278
0.11393791791134061
0.16322903539954725
-0.12838657653049568
0.2342632100496993
0.09074702852172639
-0.0185542059905619
-0.21514490481887372
0.06953591223738453
-0.03402516375613884
0.07900268866359633
0.09019652113145654
-0.19929895055681113
0.0588520813404092
