0.032948210065258325
0.03399706895511011
0.030735596708840324
0.02464388686767689
0.01956082072016765
0.015460058461177381
0.013341461765437782
0.013250156290801672
0.014533021648892308
0.017873790322352732
0.02222310580979315
0.026511196695557168
0.030729443447265616
0.033828263897191554
0.037321128375598034
0.040488713381010503
0.04452648275774324
0.048760449988801545
0.05294187548512369
0.05748344332650464
0.06144195548532103
0.06588587832334836
0.07131968793321426
0.07715281806387035
0.08264366563930323
0.08803380687306285
0.09367139264708889
0.09894256344076083
0.10429674880450082
0.10916167276498445
0.11402650710969109
0.11904175951576383
0.12385439857067986
0.1279838983472425
0.13220728043971797
0.1367850957514237
0.1415424549043274
0.14693356335530874
0.15245439951402956
0.15837788547017034
0.16478744369242693
0.17159465651395026
0.1783134646128301
0.1843429134980873
0.18988782209874053
0.1955123774253363
0.20114031753004902
0.2064271568206576
0.21234966654445153
0.21736379710207004
0.22194815709491086
0.22641980438355497
0.23039124218528828
0.23456506632449628
0.23890141917673358
0.24284746057868212
0.24724049581858526
0.25042242851117985
0.2529386618990061
0.25488257332257797
0.2579953033120489
0.26075739210853816
0.26345470149114963
0.2660512539267006
0.267979619448637
0.26920316082719203
0.2705826074159322
0.27288861035625167
0.27551331090863024
0.27858126886301293
0.28165917250874023
0.28446157391062526
0.28756635702460237
0.29106274408690697
0.29478578948132833
0.29814541618463763
0.3012892306988577
0.30567757954426034
0.3100882965611447
0.3134590051343501
0.31682528876833826
0.3202357186394351
0.3241769249653639
0.32840685027527317
0.33191356030127434
0.3358013018043097
0.33988891098398416
0.3442803982683023
0.3468202369709038
0.34894002680408087
0.3514715374988563
0.3534090605334344
0.3556911598286409
0.35702060889238674
0.35848051955145444
0.3589695919156112
0.3604656698372613
0.36219552562546625
0.3625706154159037
0.36443259764936875
0.3662702989766193
0.3689908675042962
0.37216336610050404
0.3746250103905544
0.37699488570987416
0.37995930183210586
0.3832624856839335
0.3871099611842511
0.39060310745682364
0.39367198926055247
0.3985544918329529
0.40310051106411227
0.4085661556429277
0.4137581971316659
0.41850460170428827
0.4222186659219594
0.42529367006011976
0.42910349016091776
0.43282426499535914
0.43637520441741273
0.43919241079137133
0.44196384058357896
0.4448325623455219
0.44916310743825727
0.4526334543053132
0.4559606088780699
0.459430304982296
0.46455737827031746
0.46979764951659075
0.4748763850124684
0.4794905479554855
0.4836776428730082
0.4885055888199989
0.49406353611624904
0.49893655297501455
0.5032121578852922
0.5065162815926214
0.5102687296098466
0.5142767302178439
0.5187710253160758
0.523525479070239
0.5278433801255172
0.5337675268391247
0.5388426422923256
0.5422079928023171
0.5460554361795867
0.5499499152972428
0.5560771991826383
0.5632360090520971
0.5708331091130809
0.5771729945266598
0.5826718212833585
0.5888233352102642
0.5957871748138774
0.6013134735403277
0.6081256940247384
0.61502710939157
0.6210945024007403
0.6255008100694742
0.6315280123263146
0.6391250817270855
0.6450631465039159
0.6518514069966775
0.657378836617916
0.6638024775520991
0.6711201162486277
0.6798871550498394
0.6878845022030021
0.6943005052187123
0.7005102282229801
0.7070227379231079
0.7143017896701604
0.7208352825098026
0.7251713144482699
0.7287612881542802
0.7303579254896286
0.7304675881846943
0.7306120850392472
0.7302505798127317
0.7296547615852146
0.7303674755876551
0.7318624546704496
0.7343042142975493
0.7389527099206852
0.7436428293203421
0.7483470772557713
0.7528005404299185
0.7574907364842602
0.7615077565788703
0.764289568700253
0.7672203513697113
0.7700803964320088
0.7726102167612101
0.7741289067898408
0.7752724318822272
0.7755562131827252
0.7755126562186829
0.775428165358997
0.7751878619354126
0.7737638925743047
0.7724179810371523
0.7711752820215498
0.7695315361644645
0.7672267701125982
0.7656409695039377
0.7649877877898466
0.7641241721886258
0.7634015110949062
0.7629447472645158
0.7618252572948923
0.7607562341311034
0.7598993193309772
0.7597487252747984
0.7603699070353792
0.7605763625058553
0.7617498026623182
0.762858132664324
0.7669507930823175
0.7702936856029372
0.7723484129385277
0.7746030703798976
0.7759564417501138
0.7784524924147067
0.7807693806012728
0.7824904358376261
0.7839141290798006
0.7850107684468465
0.7856879486047831
0.7863719680348211
0.7870520534970665
0.7875426901353533
0.7881421156772418
0.7886034810115923
0.7891192737754598
0.7886967508186815
0.7881114062960497
0.7876394532506829
0.7869667226788972
0.7861730606741831
0.7858128778166948
0.7854629596787713
0.7856118924336447
0.7859402183612014
0.7860671168575227
0.7860212760730623
0.7864913209168943
0.7865782283461266
0.7862357359424302
0.7856888034108046
0.7851319275073232
0.7847655536588294
0.7845163550218354
0.7842305553511323
0.7836774211673612
0.7832126286324563
0.7827147392764355
0.7824766183818715
0.7822046042609337
0.7825799761341986
0.7835600951019331
0.7842987221621232
0.7845796654660064
0.7851076789655648
0.7858356862766126
0.7868624260838255
0.7875273103618149
0.7885188674094226
0.789185178895603
0.7902163878558147
0.7914222916810875
0.7928397596063808
0.7942323885897298
0.795148933330602
0.7954978373498672
0.7957651170119874
0.7956290333860165
0.7953759852837106
0.7952405127263081
0.7951351876630226
0.7954554929164549
0.7953073770725103
0.7949664926304872
0.7950805832218949
0.7953646147299108
0.795530797540306
0.7953325245089723
0.7950664017178123
0.7947282092270125
0.7943127875204078
0.793906210515323
0.79332972139035
0.7929911002092208
0.7926363926311526
0.7922792346017149
0.7921143312141062
0.7917485482894069
0.7915095946794799
0.7914630912579281
0.7905926121809229
0.7899544313025322
0.7895090339954405
0.7887232068651736
0.7882558601359383
0.7875846744053158
0.7871731390429904
0.7862893102422686
0.7855299596111665
0.7852972435585399
0.7848625899377943
0.7848215417155858
0.784248236573311
0.7841194733344479
0.7838149980301576
0.7833008252051867
0.7831691404440635
0.7828424419733926
0.782789877813113
0.7828588039780824
0.7827528496504151
0.7828609006689601
0.7832130588176033
0.7833247896767823
0.783114483226506
0.7836381805281949
0.7836623710376011
0.7842196618381099
0.7851497930038659
0.787815436352863
0.7899380490056453
0.7916767956973362
0.7925798225943826
0.7925581038925409
0.7930970059460949
0.7938563333378749
0.7940564910242925
0.7941645677479742
0.794847986856539
0.7956454975365818
0.7966994475030578
0.7976587929889125
0.7991408490134507
0.7994114359539274
0.7988872106584127
0.7977492920946995
0.7966901222862004
0.79643176565449
0.7959346141065116
0.7952163971852063
0.7944982353091413
0.7941561064508963
0.7938764557432351
0.7934113377978941
0.7931921769491149
0.7930754649367312
0.7926957708687978
0.7919010453586055
0.7916150583432788
0.7908305107498678
0.7905387525753715
0.7904847017985621
0.7904549132305606
0.7911133362544258
0.7917316236187301
0.7925192513189177
0.7930972688947219
0.7943274760672544
0.7956429510885132
0.7966333625915152
0.7975209588456695
0.7981161902075623
0.7985579488166245
0.7989154961468591
0.7990183739430274
0.7995537134190043
0.8001535347585635
