0.45189023664713945
0.43833070303018734
0.4463045259769568
0.4198477206021153
0.4061386507286544
0.40213947419519525
0.40694815715678595
0.39645822704683475
0.42808202714530696
0.3536712886523967
0.37196520459956117
0.37375559368809674
0.3808932114839414
0.38782959488668317
0.3500482424884689
0.36440208441934263
0.3145630717947032
0.3526636903909498
0.33751657514945965
0.3191931462293692
0.34164408472554814
0.28220644784873516
0.26702701809364493
0.2914024302029703
0.30927703200317436
0.2838320114134165
0.2819306286604042
0.27001255783365696
0.3018035444834282
0.28158162422762956
0.24164908856214706
0.25497098156029097
0.23804775006944723
0.2691376306032062
0.2631583066634884
0.24002974689701562
0.24114877018237235
0.20597197937764145
0.21774302896117076
0.2591239278048613
0.2066728113825715
0.20489872574631635
0.23316267500068755
0.21421430183632234
0.21946611535902333
0.19709210835481106
0.22517612624192984
0.1753676264918404
0.1734095976078429
0.17163899223016416
0.19083736548123453
0.18840754129215953
0.17654008802697096
0.22022163055693805
0.23871132589798288
0.16295391031335255
0.1944858658908783
0.1779861588185338
0.20106409689612537
0.19609930758401373
0.17606200368625546
0.18502276655846034
0.20375711530658053
0.17459750837039678
0.17462007035057964
0.15971713868231724
0.16515782811092367
0.1252679057250885
0.1583580583195276
0.2112815767413263
0.18676097074883558
0.1463365084864799
0.18840018934950503
0.1632187197762523
0.18210920516992912
0.1673871173032091
0.11177222597404118
0.18866368891049062
0.19518556545175486
0.18973757916838002
0.16281662430959976
0.15275421164861808
0.17027170194289137
0.14244687078373397
0.13269864076143445
0.16264909491349072
0.1556350425156275
0.18804573254306395
0.1757801171165766
0.21769207725144274
0.16842315078564046
0.17401359359517982
0.17954426419428127
0.19128669748117294
0.12448378093967116
0.19001326495927484
0.16351937891926327
0.21979553622531572
0.1597945191067347
0.18815197762344743
0.16877392083630516
0.1380642068320863
0.12673303781386863
0.18392998821032192
0.1534106683545972
0.18506379719487326
0.1341164734612168
0.15256720322901995
0.09101752586112177
0.1832198400227466
0.15810930935567336
0.13412275860293266
0.1819398369524235
0.1482396618495439
0.14097208084877466
0.10795721340208952
0.12072851235657162
0.19498669198901875
0.1761924472967174
0.13977017831652805
0.16067434909545564
0.19026105824465622
0.1305093843981504
0.13822641706817007
0.17790271228405197
0.16810183830677544
0.16289141818057168
0.1497507448635269
0.11868712421677596
0.13866114441911104
0.16448603762367675
0.16283691452844007
0.11096395831592021
0.18568207607238568
0.1374860118377333
0.21081617403354297
0.1548357171605877
0.1405809526717926
0.1529372741065052
0.15210186928468433
0.11485820532726998
0.10035235586791341
0.10463993268408522
0.2038960263877302
0.13353565347075996
0.14917407687023188
0.12583635179067976
0.1636704403399049
0.15660612861690926
0.03972361640033867
0.10680922938164233
0.10588503874435229
0.17238887406219133
0.16379560142136385
0.15633859917975046
0.1303702282622773
0.1761827825383086
0.10713732186336394
0.16531646249901116
0.13596484167742873
0.07332901771794026
0.09428702457238164
0.18339876158051388
0.13954342962953076
0.14671854331125234
0.12516813148276046
0.1047831354763451
0.20004924010035857
0.16008700086586003
0.12090282410942149
0.12390051013128289
0.06588478729959496
0.09387327207701657
0.14109542187325252
0.15177929272169877
0.14752558185644432
0.1938498526325554
0.21231524272657887
0.18470254352292187
0.10875199376572003
0.053321878734509776
0.12224697562136322
0.09290034675006315
0.1331774082244498
0.09458612273806438
0.08796032654307406
0.16282619899440437
0.11235897209177564
0.11239142334372249
0.055444781045637104
0.08219661169561765
0.06787458677339026
0.18278793173227764
0.13152344801561466
0.11267758242163861
0.139424611401555
0.03567993477745979
0.11928145142794977
0.07875071958956475
0.15633353121491428
0.06782690800166025
0.06235656615265317
-0.005523652388997213
0.11833511802882019
0.10292552905751556
0.1104979320399831
0.10616043284242149
0.10377740393642798
0.08311038804774429
0.1589610647079332
0.18551823520064076
0.15856936487405532
0.08009593067333631
0.17313663881962416
0.0123278337619388
-0.027096521245382532
0.052930417791016704
0.12918126561053372
0.08783115567589689
0.06950747798464568
0.015468355777244314
0.1632839797524348
0.1317124637300337
0.12165344870747702
0.13825402734365222
0.11071796756659746
-0.0020684071137427873
0.1038227008511049
0.05536125707482209
0.051948096923175535
0.09360561386394622
0.087652766717628
0.10510977196863758
0.0286774151610083
0.1366630944045114
0.04050655918804774
0.07997211586377961
0.11273510655749164
0.004350913633486164
0.09765853662835189
-0.09562104541614314
0.011830181882283797
0.08434657278010926
0.056365469966278114
0.12265058206602963
0.1367650163923137
0.13617468038612368
0.07718974375967891
-0.039645090155599694
0.030066050082039497
0.19810161788361513
-0.16098383404187755
0.03460075236673815
0.0265210112040562
-0.02046498492437776
0.06540497782584154
0.14640090124071992
-0.16749392622206238
0.0717598712109851
0.10624819991447654
0.131095560060423
0.014049730340664035
0.07339955169431717
0.1258549940793628
-0.06378300437995321
0.11034625197865672
0.09829913017121594
0.018172579799148825
0.15806422710507445
0.15075534780071387
0.2490919617412743
-0.11725088989823484
-0.2138457317261685
0.15872804616633507
0.17035706291000863
0.11953921293180081
