0.038808666215561734
0.04159608211843844
0.04385490649036905
0.045898818193808505
0.04837070462597259
0.05162196468135844
0.05533794384274021
0.059940810703808536
0.06565807449251931
0.07040879142934975
0.07532129365793035
0.08025988153925974
0.0848281018742356
0.09027595587824139
0.09501195788528581
0.10044397728667416
0.10536271401421177
0.1101006843788799
0.11453248603397978
0.11868674368177318
0.123378719959272
0.127643624290966
0.13237457601096173
0.13597080695890812
0.13919229351687665
0.14206622018425757
0.14438346808339922
0.14759131703787473
0.15119592798503792
0.15577405721583182
0.1602585764412567
0.164743424439479
0.16922731052154807
0.17402757033346114
0.1787774371152414
0.18403120267834908
0.18982381670871562
0.19566235090800344
0.20140653402997624
0.20726748649418691
0.2128534575458587
0.21856983649040412
0.2243493604344702
0.23017772557543634
0.23696066309414737
0.24412426750727995
0.2509400418939136
0.25799669083337845
0.26514169666888127
0.2718882896296188
0.27842941843546304
0.28488833619522913
0.2916729833115399
0.2975952324057729
0.3034813142110039
0.30979710500333324
0.3160636987834821
0.32221578205422896
0.32721463054007865
0.3325871601905308
0.33862869012309227
0.34403351043333485
0.3492382791499631
0.35495241347144724
0.3602241700555176
0.36579266332301436
0.37175295291333843
0.37747304620249866
0.3833632431603796
0.38857112285391016
0.3943422692538684
0.4009618307151432
0.4070085234700508
0.412821133276641
0.41804377685483357
0.42320328210799113
0.4283805181506979
0.43335841316609336
0.4380271206955504
0.4443500052607679
0.45028123723863606
0.45700904176119533
0.4637475532597218
0.4707381627162279
0.47733332959726277
0.48324036006356924
0.48807103633217047
0.49369121868870997
0.4987307219864296
0.5035329830081543
0.5073764948380741
0.5105581422446924
0.5132568274876744
0.5151540113503202
0.5169921951537664
0.5195294480604636
0.5217441411433146
0.5239700075088889
0.5263600766478747
0.5292961454193811
0.5310947897595408
0.5335979010757386
0.5363157702987525
0.5394583148425695
0.5424389614067737
0.5455122255262855
0.5477025152441044
0.5502024942811992
0.553464842742401
0.5572534266948398
0.5614299224672871
0.5668006177413526
0.5715121004999346
0.5766760288719431
0.5816444602366766
0.587544495200789
0.5934396310654634
0.5991825019289644
0.6042941340338973
0.6092697708975653
0.6140120424283466
0.6191197739303144
0.6242358418681427
0.6292832023194741
0.6342251541010439
0.6384506490039407
0.6418538808846492
0.6455812207666003
0.6491666211516276
0.6527644420638571
0.6551866135008523
0.6574059257234615
0.6594620122347482
0.6608999680412477
0.6620790602298451
0.6630797811956778
0.6651534997490588
0.667332360936754
0.6696552550934681
0.6714090664407145
0.6736492439941809
0.6760036779640162
0.6788555836645005
0.6812086373420521
0.684287229634343
0.686988849883664
0.6893890501975765
0.6921503792631499
0.6959699173684759
0.6996844761257384
0.7033600948161882
0.7075537144394721
0.7120643499594307
0.7165574673209868
0.7208987160733867
0.7247063148388538
0.7288579020563742
0.7326461085029549
0.7358136577215783
0.7381650206365724
0.7415395824428969
0.7438816866570519
0.7456488639762219
0.7475145116694886
0.7499572155185178
0.7521440119898212
0.7536309004928607
0.7547581363176065
0.7560520710544235
0.7577715814788226
0.7594988496320203
0.7606455055294886
0.7619889565987217
0.7630229718308329
0.7644095961398567
0.7654761614469778
0.765796415260353
0.7660456724880348
0.7659598354406285
0.7657258625984424
0.7653987309800044
0.7646384646034193
0.7637684314541195
0.7633492521073592
0.7631920068868094
0.7630888547391157
0.7627606243536654
0.7623427957407721
0.7629853543506908
0.7633336621205498
0.7637630799215432
0.7643509445756251
0.7650752108692123
0.7658275534686448
0.7668958050463067
0.7690169855897847
0.7723332187267056
0.7758734102700433
0.7790302856955704
0.7818608789333659
0.7840461307598828
0.7864970930357704
0.7888199545947683
0.7911594654882923
0.7942718916753122
0.7966240707767638
0.7987144994135761
0.800842760878262
