0.4589922584178791
0.4252380441814789
0.46327148445746075
0.41980358226503467
0.41268916464692207
0.41867794041163625
0.3828931429507531
0.41932070183085846
0.3935645125422685
0.4042468249992516
0.3306083424871218
0.40870017429828204
0.3916069736855453
0.3868963705913153
0.35828797227853126
0.3325800295196839
0.36796978251694956
0.342729697969807
0.3495834368289169
0.33828396130187977
0.34431314431451165
0.3545088774254183
0.32264917246685465
0.30945875077583973
0.30146854698086045
0.2967613330151839
0.29828824999741943
0.28828087023432997
0.2658824801635282
0.3012617610218201
0.26410839014532705
0.28870128004986845
0.2804888721138713
0.25153201313794926
0.2552745352846809
0.2680884857175196
0.26934972187669115
0.23750342443647188
0.23086038934357644
0.22900722166684662
0.21335793498526784
0.24265379767531042
0.25385085053992973
0.19556786866679465
0.2268699334475452
0.2280996846692624
0.2130038354095513
0.2032896438008746
0.2016939831873149
0.22899949751343013
0.24404732667691442
0.1825803501979668
0.20966815839551767
0.21543583005275369
0.1830972726898073
0.22719819680693143
0.1499100742560217
0.17421135077612593
0.24389897975167257
0.17563617956214783
0.18025608237288
0.1965592776903693
0.19122987148784532
0.2122212230537816
0.21683996194059135
0.21614862457569495
0.19134358486944586
0.1902504717723496
0.16744485160794004
0.16531170724893202
0.19076591079687644
0.1864608288998107
0.1653689428386017
0.19478326552870684
0.190682791327365
0.16889493591160198
0.1981006925708832
0.19306083048196726
0.2220687178530747
0.12282297500724076
0.18463223520264882
0.21645394176115262
0.16549964206670575
0.18468014025767687
0.16274865128279387
0.1530246794720202
0.1447995767922407
0.20121953834182615
0.17795869006832987
0.14328887520564426
0.17286739168712567
0.19795279424346707
0.16510754720638443
0.19247031551355404
0.1897628624429898
0.16212354366637405
0.15472108270139162
0.13528722427724615
0.11813800681908782
0.14643372615040806
0.14086268150572973
0.14948620957603775
0.19188758191106858
0.1638930251728331
0.12901573657635257
0.13519802668843633
0.2198074774176948
0.1528318017228108
0.1537949290468898
0.15100608749092326
0.18387590136053977
0.15380718936110238
0.10862242424243346
0.16850970711319252
0.18141416704638308
0.1206634572764792
0.12957741444020116
0.14840172412424996
0.12491205297099811
0.13456744477116173
0.09729802753892297
0.17469400522860395
0.1491567932744
0.17489353956153597
0.09369499069185494
0.14348944141651004
0.12987769309293162
0.15991173079061982
0.11864269079013662
0.13212597833594625
0.15059905736205936
0.17143358355656307
0.0975308455841345
0.09917666606307934
0.12332107606024018
0.17672507595403936
0.11550034787497321
0.18424086864450845
0.10883119456427026
0.1300531313925023
0.1742317610224678
0.19058282204668886
0.14064821786745457
0.1582328688564979
0.12734171240945502
0.142312682921309
0.05771104350775419
0.07460887393764842
0.1142987004584674
0.09251982483124188
0.17091907636711412
0.09237372981866632
0.12650585577577628
0.11949228833456305
0.12352802637967458
0.15927347675580467
0.11800936096593878
0.10890537269484574
0.10193542071195338
0.1271367307532813
0.14276192674855592
0.1731319058021787
0.11192281625012707
0.06442380053162877
0.09919048865516217
0.07815649578729328
0.06606833009587276
0.16526444162501425
0.13431736409538425
0.12068261644986067
0.03761427985205468
0.17502460952189958
0.09326545133034797
0.17325478623327617
0.08136704719691246
0.14479085630730476
0.14351753184112725
0.06937362919480561
-0.03199704560830019
0.05042127782625527
0.08727756212475407
0.22512604804002279
0.09977843685699489
0.1532523666349922
0.09259318448798931
0.08485029726620286
-0.08992608659198853
0.0991823718166176
0.03134311867901368
0.10813681763088268
0.11077097122388696
0.11987053287059196
0.09408050169040444
0.09693158904227245
0.029024050779101307
0.08260273171045696
0.10385261079710684
0.22201712004348229
0.16633115267735765
0.1336643601802564
-0.005379328379960691
0.025737028823644648
0.08149036298372403
0.08539972404742852
0.05161838255532036
-0.0236010649247701
0.09079955974465798
0.05931018785877301
0.04521835866920498
0.24438098501908612
0.21633699935527256
0.22731192869099803
0.12165824806616848
