-0.31809097735732494
0.46836593243417496
0.0243808242589695
0.5785317261588442
0.4576824748777265
-0.685822357972508
0.027933253246075034
-0.38105410958330954
-0.3649843703664131
0.5233638822513703
0.7820033554201782
-0.014055081718526683
0.5537375661781134
1.1181832528000044
0.27880150498470607
0.7757792182338037
0.28898642499547544
0.9334185349467439
-1.0951959352109335
-0.9772306703907615
0.9604623520826274
0.1685311988221834
-0.158903855230634
-0.9896970831775215
0.6213585478301673
0.9312118004192413
-0.047057876548016235
1.1473835692995096
-0.8501034611586984
0.44353661078992623
-1.1451900462296616
-1.0613253736062174
-0.19723432519493939
0.039395966375295806
-0.3970248270996702
0.9330365050301922
-0.14701588689133666
0.2590611058201846
0.18768777777056933
-0.27172403879014684
-0.3308563144512138
-0.81418137902441
-1.0737675818580952
0.20482206033308603
0.03988248182695482
0.0006191400580778756
0.5523393733781075
0.5670983484382172
