0.0683351599725141
0.101039906265538
0.8740494160147116
0.16122894427865767
1.2064433004977804
-0.4178999095376278
0.1082037418732447
-0.06798117653354782
0.6532469665005162
0.21721435829800192
1.530855251309936
-0.494028352612526
1.373567480030806
1.3516375939275178
1.9259941454998162
0.9579945469285995
-0.10118967834603422
0.4454137231974993
-0.7770719850529104
0.5607587419384065
-0.019372157137103378
-0.11541755908923475
1.3449228467559928
0.1475099773339579
-0.08773386282200007
0.3191307435446629
0.5252661090344148
0.1512997966807707
-0.11517686999792871
-0.4963346885551434
-0.8822369140933195
-0.24642647553808222
-0.2843889675707876
-0.5007623745906488
-0.432023917652846
0.7308750567024258
0.7864743319800238
-0.7250528862394219
-0.1731706772427762
0.1752471677744256
-1.01483857782658
-0.09478592791584368
-0.22995169358622258
1.0991408981383106
-0.14897783033046935
-0.6190971210759876
-1.37533153593777
-0.03642320471995101
