-0.013335525763737314
0.0217804721317511
0.2696357923271119
0.42871534147920115
-0.005955597792733842
-0.005260229177227484
-0.05795822628017062
0.3941275471696415
0.011314447306763504
0.007827488741682032
0.014368214081576496
0.046908836770088023
0.3307807658306971
0.39022945060625075
0.005141645239468449
0.3135575267414693
-0.007699525720085238
-0.058073261844047874
-0.031459656475254706
0.16241237879264223
-0.09037442861627944
0.015555636628510193
0.19956632623628476
-0.06437692858598303
0.3719415656103395
0.29032946195515713
0.8554077513234214
0.3483834698173024
