0.35170499427475654
0.4496842792638631
0.6415564989588238
0.7876177217663434
0.809043442672468
0.8175869508092358
0.8173823435630484
0.8400291827738013
0.8617417120211532
0.882596302703692
0.902421857148571
0.9210545602583108
0.9366910634980399
0.9502159236122967
0.959984243338824
0.9677802105538182
0.9708757793101894
0.974021850761625
0.9740189024598336
0.9769229706415105
0.9793313078613876
0.980737342919499
0.9813706104184576
0.984190566113106
0.9835787312406434
0.9864005271156877
0.9850861056597691
0.9886244142146081
0.9849854311030463
0.9887576825131117
0.9868140156825262
0.989131784789388
0.9879647194913084
0.9900224468691982
