0.31373744518947466
0.22770536635761768
0.14714613344073574
0.12348337014560518
0.11028490404273561
0.0869812396660149
0.08694319744996837
0.07870724441514798
0.0735862259178297
0.05807971107764548
0.05156166694243747
0.043241769081688475
0.0454154100824824
0.027947341691479055
0.011217740450740421
0.025653954619970887
0.003903574427185974
0.006099744610424007
-0.0019324386553516426
0.021495172714850797
0.016207236851420725
0.006384184757119771
0.011923205856505026
0.018748734240348286
0.01524134153022122
0.00960657418632993
-0.03341421871314154
-0.016085951719071234
0.009537707778080662
0.01479071606641924
-0.013573845713601207
0.012838380620632917
-0.001437506139689848
0.027981389150098235
0.007074491412263961
-0.010391093635392146
0.020917285080712167
0.006180729951448527
0.009763050016479757
-0.022120863467017138
0.02633037488163159
