0.3178051784987705
0.23163443043972298
0.15310787939749487
0.107570134938617
0.10395677102098416
0.0889344129866334
0.08928589221614663
0.07969931674679703
0.06642307659627061
0.05713368320722473
0.042952780743418684
0.0342310918944303
0.02886983174003077
0.02542001710728997
0.022471222070509667
0.01807761474794156
0.013240845346583985
0.013644189307055687
0.01503934913093008
0.010195598467406641
0.016600832266386145
0.01003263163718715
0.007920066888728483
0.010684986327212653
0.011996816008716327
0.008129512911011771
0.005134338122862125
0.010945280121454015
0.009814290652695734
0.009357141896806476
0.009894196657863619
0.009531239974676586
0.010550322055656869
0.004640714229573739
0.0073816502078655755
0.006102471449202729
0.005823980150508223
0.00778486362620312
0.007839801209943376
0.005767119592067882
0.004098415218669438
0.006455198784041327
