0.3182581900363654
0.23374552052410785
0.1581863702245651
0.11004074754503912
0.10378019203122824
0.0937187141287471
0.09230161236654966
0.07923909202634716
0.06883808050710499
0.06065116427986866
0.047126481952950994
0.03832613064669227
0.032395665798927054
0.026530951206299336
0.021600449772066432
0.018890469233099783
0.012363812593523926
0.012628614660860238
0.01412197584832181
0.011231158844939637
0.01216480259656011
0.00893299423215993
0.014522690431065632
0.01123466601785178
0.009149784852772125
0.009816917318201501
0.00579259484712602
0.010811964942518903
0.008341757718562992
0.008847257348421289
0.0063853641441875
0.010278326037455487
0.005562897780261311
0.006800850717131435
0.01084739841713811
0.010995474578935738
0.005522536799598632
0.0042064955849296926
