0.329728492108725
0.24318432222115088
0.1733329476495329
0.10552223503486241
0.10224121016443133
0.1064914809017733
0.10177944322991772
0.10380415819841649
0.08230654929975156
0.0292174242194001
0.03462069767011927
0.028533053231980965
0.005723145886899261
0.02020745137511487
0.026217987158298595
0.018009394664539935
0.0040143418497625705
0.004037491806577087
0.016897053241944293
0.02021071395632168
0.02401374875793061
0.02159075286075607
0.010455585960112201
0.003660296597492785
0.01575624827871136
0.03292022555237345
-0.017078757721344706
-0.017809139784946137
-0.010142480547302934
0.02922808205749744
