0.01376911103553015
0.029496039675826313
0.24773809192406512
0.40149834951505786
-0.005249986594374022
-0.051379828418364165
-0.03991200658281033
0.412713006507562
0.018992576687040838
0.008015292554021305
0.026583190668736725
0.011330585272308069
0.31194042109622744
0.39265300692812516
-0.008157760248093438
0.32176115386728465
-0.0104264545481895
-0.04372370028663225
-0.033729417830468775
0.17370654856153023
-0.05218693976223702
0.004901042800504341
0.15501881631337644
-0.05071557358338497
0.39400107362573655
0.28865899644039955
0.8225329535483986
0.3461920475652767
