0.028598470452530035
0.01994853795543145
0.3389078292872066
0.4780680378085898
-0.018603451444436602
-0.006560549926723383
-0.03526708211239146
0.39800478869549194
0.00531014913691551
-0.011195102595886304
0.03586520141990862
0.030562290963898276
0.2855058203461166
0.36759450550004885
-0.030063540890326586
0.36770733496533137
-0.0201937718452546
-0.017288270419249047
-0.029896465397964984
0.10941109287262757
-0.0929282104927372
-0.021391229554528088
0.16560616714913504
-0.03691543588799656
0.36433686019922523
0.23687819466587126
0.858966941564962
0.392384053269709
