0.315635744307659
0.23526438943361883
0.1517902716694257
0.11204490740358941
0.10971397541414696
0.09162039736259503
0.08637690491255307
0.07806456748436774
0.06835000894219917
0.053430928424166635
0.04428204986541895
0.036505703876237805
0.02516944383526515
0.02192666684984712
0.01783559302643284
0.016638432904088396
0.01136726386360265
0.011128327939376237
0.010393539529312101
0.011850463951654788
0.012839813552140145
0.015060736382685014
0.011513183988493159
0.012613171404808665
0.010874484901119585
0.010128397290651125
0.006913314184050556
0.008442573436384215
0.012041748991643453
0.007784834701740462
0.00239762035069907
0.00655873563489856
0.00666742246404034
