-0.009088358773122928
0.0025993147460083455
0.24664318526284076
0.39827403372008835
-0.007581400325508397
0.010232535273679958
-0.04739026684434534
0.39670303363485027
0.016688997634118137
0.008438850952595323
-0.00929155760334263
0.029799377844886947
0.321044180220152
0.39128727083111425
-0.0019216989387889332
0.3207162532200823
-0.010454680988978391
-0.03756205847063765
-0.022399698306332164
0.18164225846573953
-0.06676860735970519
-0.01105516975057183
0.18276536892696402
-0.05001049440734563
0.3784129856927556
0.2950400345922234
0.8804546027245238
0.3592931438939727
