0.0026705639517900157
-0.014951913705660496
0.30243871941249906
0.4335079960837632
-0.02657277892262669
0.031039601561642437
-0.07627114206589486
0.3556471759816639
0.00383007550847902
0.015712200235360987
0.000837975326065379
0.021629902484228795
0.2924557736746854
0.399249447167024
-0.016602144269197504
0.33296235408182157
-0.004754188593148098
0.017509437941229708
-0.03735157155495481
0.1492661818041323
-0.038029858928021035
-0.010798390885178423
0.17068364710750542
-0.014252183588535758
0.4018347905610296
0.3065014793938593
0.7924031529608931
0.3450086811900867
