0.32714221325770465
0.23304133164746532
0.16046194794365748
0.11236284782035377
0.1092982731233233
0.09629712039793081
0.09327391887643144
0.07936869585996026
0.07128469432775625
0.06158408591466724
0.04979965023877447
0.039900444090333054
0.03556744379573723
0.026046124409272675
0.02289777817031502
0.020567825763307734
0.017944822425986995
0.01636945684293889
0.014561518881129942
0.011117046778068462
0.015291086720806868
0.012473707018364477
0.01001380882973063
0.009775203285751322
0.006828412945833362
0.008318132579974158
0.006817008774203992
0.007255311959852906
0.014178057255576582
0.006994279354742061
0.011206465109126651
0.007769710763234183
0.008616356922987511
0.008175645638176354
