0.3217880023190266
0.23495666706644913
0.1565515676180232
0.13068351874412448
0.10665949481851361
0.0953743802857977
0.09288411802081564
0.06877783893474587
0.058729989076582556
0.045892891997766694
0.05589115980787751
0.029277323615273187
0.022659989648930623
0.02289507728830742
0.018432191630567696
0.028679145069075207
0.013789407590005076
-0.0007897280152334707
0.03219785837591127
0.0049254815916492944
0.03950229808042749
0.005515932927860401
0.008455006073438187
-0.010526681929142523
0.004314735034395778
-0.008667666521351425
0.0029907922058196035
0.025393574284475307
0.005153959393977003
0.026199659097475236
0.030023604331448184
0.004982166395285759
0.00364709575189498
0.006484963366408247
0.014647065955791738
0.03104941561336344
0.012204723788867555
-0.002076234733069615
-0.0068557383907400515
-0.019757531171023857
0.005030318410600365
0.015128348113904067
0.011841988694251071
0.003330048467041824
-0.029579440994946027
0.024856445162427077
