0.34926093195402813
0.4463885572045113
0.6292006676986801
0.757831780451626
0.7876967328489815
0.8144723824536074
0.828029958129805
0.8524602173305229
0.8754405924131281
0.896843581782314
0.9166046300519961
0.933887822906158
0.947329200631952
0.9599447586426192
0.9664383720818248
0.9724861867338038
0.971428948167663
0.9746005790367003
0.975744886467105
0.9757512172041369
0.9792945475973813
0.9765020535461828
0.9792708990009309
0.9810955313925007
0.9819550991395873
0.981527412975704
0.983697473536701
0.9838292699355751
0.9817221889603132
0.9833579363503949
0.9827180172505127
0.9824330918936057
0.9856394774934851
0.9862727690380901
0.9870565696011735
0.986605217523806
0.9855109610303547
0.9854414588497984
0.9880479479844494
0.9876543030232205
0.9886914880119044
0.9893278829314407
0.9893419545649945
0.988666978137664
0.9890364889890229
0.9905542436440773
