-2.4351826204999094e-05
0.01631350628423212
0.2775360052072554
0.4290436107532288
-0.01696546195480629
-0.039918914861556465
-0.03315229353731767
0.37708395232286496
0.02166128020629711
-0.009324845979305692
0.01837627379525911
-0.007380151896972539
0.3282519731264614
0.4044899504987265
-0.011335820333526044
0.323467850556289
-0.005533191953591298
-0.02733935182657276
-0.044209964465971835
0.1758021679834596
-0.0540006948563487
0.006636246741690584
0.19140112938158005
-0.027032069334480352
0.3801374693462458
0.28816355665055493
0.8046643278697327
0.3460384545751193
