0.3577071471768607
0.44991666219371523
0.6599733359910441
0.7877237832831374
0.8056365923909008
0.8220859136175389
0.8278926875571393
0.8510008214009781
0.8736710369622663
0.895561029660813
0.9153450053620148
0.9331844015404713
0.9487301748348488
0.9594464207612146
0.9683955351111531
0.9738538466131291
0.9772251750724086
0.9780278971599542
0.9806334407275784
0.9802095316126616
0.9831290265901405
0.981933945692923
0.9836869000051954
0.9849516740025379
0.984560175517595
0.985704176080431
0.985756555154493
0.9867157017884594
0.986901339687339
0.9874199489359057
0.988426776928268
0.9877940742348535
0.9900066689241891
