0.3256892819770894
0.2381235786443086
0.1551955691550332
0.10835475789009569
0.0953500631132021
0.08969668682738635
0.08055593814413403
0.07562686848218447
0.07196166222747175
0.053190496531614895
0.03132431126628388
0.04424888704834867
0.03384261696032598
0.02320408013553099
0.019859080385267736
0.0070399356800404655
0.023397944701095297
0.02257158991916719
0.014645878067535811
0.006921997027109994
0.016194050972411445
0.007462491808222671
0.0035412232218982598
0.0278022173960068
0.02246387403942529
-0.01686891391361456
0.015412685492835365
0.012416099651343271
0.015433138581295192
0.025588261643209265
0.01264861885038332
0.027228670668566435
-0.005122358783751668
0.011603766310397279
0.015430776636131183
0.017627975422603304
0.005062393241236196
0.014857189224278256
-0.000652592086227477
0.022259451430362842
0.013224082908903756
0.01448244196683679
-0.00035879498287771927
0.018843226916847422
-0.0002635012624332411
0.018955445816563443
0.019453559697264644
0.016566009135648374
-5.618604085289025e-05
0.025065941426061278
0.0035626387692964667
0.00241266147769148
0.0004598659137478589
