-0.008763064499875609
-0.01763822740955392
0.35091797288574134
0.436590683869178
-0.01861532833792319
0.018483555093780975
-0.06303972876830354
0.3712850800512285
0.024952434913424353
-0.018647820166222434
-5.8679969280821254e-05
0.028817156223406602
0.3528344738937145
0.43025076646506355
-0.023580655977586337
0.3515603235953467
-0.007125501883387833
0.0014440288828873413
-0.03901325042430981
0.0680661051019528
-0.03513655570417069
0.024629564763005256
0.17803277994323533
-0.07168615659796317
0.33017409339793563
0.2623578635336251
0.7877403579713208
0.3259299742878484
