0.3497868730845164
0.4436032686724644
0.6496369050336867
0.794694110614214
0.8128444753146589
0.8193677652487762
0.8177881891009913
0.8403375309846848
0.8623108178243827
0.8836664469152692
0.9044357484265043
0.9223897584998392
0.9379144596442957
0.9527082411967169
0.9610713667703725
0.9697008827836272
0.9719132212265571
0.9739396882187626
0.9769211942081039
0.9805019611636514
0.9781784511287809
0.983153428832429
0.9805682909336408
0.9854339137912902
0.9831114260699194
0.9862899450152846
0.9847820836677019
0.9866768336001679
0.9852541531688094
0.9872367052929445
0.986435235927666
0.9882071375340692
0.9877087062335217
0.9885043336352484
0.9885827336373008
0.9892073893362676
0.9894657002810295
0.9900499283482782
