0.34978748641635565
0.44698655414322586
0.6409468135551404
0.7921353270957402
0.8113860603810489
0.8147845353635439
0.8383408742292939
0.8600670828586542
0.8802820012177948
0.8980340485913824
0.9143914273130812
0.9280534202682501
0.93758118146968
0.9467990136007832
0.9528889066341268
0.9571421346988479
0.9620255516937058
0.9633407805163475
0.9674214162358774
0.968828306082821
0.9723743341077464
0.9746696440422814
0.9765348741681712
0.9786424096722558
0.9762466005835397
0.9762388853009238
0.9809514129269815
0.9809570264477264
0.9814644885775979
0.9818867303302865
0.9803389521055323
0.9778487848841118
0.9819705371297747
0.9837850533376392
0.9842985999699727
0.986023682291711
0.9858043803793823
0.9862067858766702
0.9851405592691829
0.9876563305675353
0.9863471161879556
0.98777999499431
0.985705284159642
0.9880293786879917
0.9858358477860624
0.9879946447630368
0.9874225125424061
0.9889593507752433
0.9868281774568782
0.989742028009831
0.9869317998657076
0.9895788553885251
0.990088097298343
