0.014136967065364658
-0.04261491087548092
0.3016990274810582
0.38935348873847675
-0.02436629932015332
0.003361690350789882
-0.061927504056815345
0.36091366733132585
0.04787993157499626
0.03371663487521508
0.022138577749243445
-0.08179665728233815
0.2835011742379916
0.40405025437451725
0.0003829164060392652
0.31464955404067335
-0.01207724446274276
-0.017677052875454062
-0.011330299242066525
0.17346448802122238
-0.036549286171084265
-0.023527496630329547
0.13961883056724103
0.02964905727464609
0.39353796667242474
0.316164688165233
0.7772501208042668
0.3546093072021413
