0.3400936452625159
0.43305321267165375
0.6216381890006832
0.7805177197532545
0.8085758393438637
0.8168829113310884
0.8141626718902464
0.8155281866661763
0.8546237269323441
0.9270628355102729
0.9423310476551516
0.9534104888950092
0.9640009027679943
0.9714771351585105
0.974574328895942
0.9780478726694501
0.9790246867306951
0.983304808809994
0.9848498344253137
0.9857485723535591
0.9859767450593455
0.9864014576136803
0.986166711277025
0.9860049849987679
0.9885149957790369
0.9865453132560003
0.9859985484154521
0.9891137042966289
0.9888963209989052
0.9910788102486983
