0.04477704595456103
0.04107841212441947
0.3323436402616046
0.5948074736800799
0.0021503129576802785
0.027141822847855754
-0.06548015165845253
0.42193919940625335
0.10035670627710538
-0.00542317924875879
0.05175394516680312
0.08493784238538013
0.3261796498351497
0.39988140901968966
-0.037552127189348014
0.3679825797189161
0.008175746100627325
-0.03327747117235362
-0.04814894290242703
0.08072040390999029
-0.11077712186095093
-0.014166019238031279
0.14074895481605443
-0.15581018152265597
0.373776854034621
0.13428139982455603
0.7821703267074818
0.32389330149636425
