0.3556873227096209
0.4541935690608396
0.6602202885072688
0.7964858393088944
0.8158313138663229
0.8273390375451194
0.823115498785315
0.8463919871630443
0.868817272823756
0.8902457522252875
0.9104855438926103
0.9286220335348316
0.9441513937249684
0.9552802616242974
0.9625851089066457
0.9713594946992522
0.9738245641064114
0.976920587991226
0.9772753753681593
0.9796554207980624
0.9799554252741942
0.9813467388085299
0.9811012427949442
0.9830053714378724
0.9825511315973903
0.9843077481072751
0.9837956183488811
0.9860626942858592
0.9842568176379302
0.9868387608789748
0.985059937281072
0.9868244797861782
0.9863491369149577
0.9861555699926283
0.987221497923074
0.9874870866614273
0.9881853175604189
0.9885935760083013
0.9893242256121352
0.9893418851591765
0.9896825040209419
0.9903558895504583
