0.31785770840907224
0.23779350780316105
0.15198382217432593
0.10864679345709483
0.10925193191081567
0.08607174303099263
0.0960832368843822
0.07386871301705877
0.06578860832652411
0.05430672137700199
0.05141973357366392
0.03785871813954783
0.03478359906056261
0.02522797065708754
0.02235980019054301
0.009455764999507565
0.011046393638489027
-0.002500593999733236
0.016191183355978134
0.015662906584614278
0.01632419187386802
0.007617314629502436
-0.008871815978414577
0.006362582721406718
-0.003427402514793565
-0.0050052789886069204
0.029077115008988297
0.014821843290677539
0.020476954677587367
-0.0020484148236306066
0.013845504538930131
-0.003837403946502893
0.01999633981692267
0.008955522017045747
0.02774240355070079
0.010072036410035068
0.0034960896252441698
0.010047775833904038
0.00186210142612242
0.012783734609881137
-0.02101688525963441
