0.35247403910118247
0.451172069242642
0.6452215796449474
0.7724886920252108
0.8033208779998486
0.8264089649753683
0.8277000073263507
0.8504782541045957
0.8725012529464695
0.8933302100884724
0.9108879221713934
0.9285228257509186
0.9428012142982409
0.9513892121247824
0.9635773618010351
0.9703730449187127
0.9731847617833453
0.9733273836489282
0.9760878760069462
0.9777139798780596
0.9766505912233414
0.9786379869565904
0.9800688761135995
0.9814567898462626
0.9813302666138989
0.9820007984938511
0.9838095339173022
0.9848496234411523
0.9874405322753771
0.9856761713834126
0.9852437049374969
0.986254372197224
0.9853622675584195
0.987011905451562
0.9869547485567937
0.9878579024473836
0.9867353200396511
0.9878241414168681
0.989011349471975
0.9883959800532292
0.990329527460506
