0.3571248389688814
0.4524707517722334
0.6471301485476335
0.7837287092220712
0.8004415501805096
0.8089394749096929
0.8126775475474983
0.8355737426379191
0.8583838918576168
0.8795918321921186
0.8995189568538569
0.9168135668469218
0.9346176687623189
0.94876513669031
0.9569305602249489
0.9660819658941718
0.9720809047122898
0.9746570731803058
0.9779569910282689
0.9787390072873283
0.9796125974685317
0.9795476652494705
0.9833152017914801
0.9838133614816763
0.9839968788482083
0.9845733502839518
0.9868815186586906
0.9827672989392398
0.986236941582274
0.9840806652685632
0.9880453959053973
0.987575760613115
0.9884438532643881
0.987263067107291
0.9882939746152508
0.9872648999846538
0.9878468475563202
0.9891814251709092
0.989292525307151
0.9881454319889992
0.9901298259533011
