0.31307515627202964
0.30086218332702475
0.2866622045081988
0.27538832686871706
0.2640046502373
0.25010636477186743
0.24480297426779007
0.23014472346502035
0.22341735773313387
0.2127612141932823
0.2030036576675041
0.19486090405601109
0.19125816068975704
0.17905516066522414
0.17031359931615098
0.16400146055919823
0.1546775250896965
0.1477700668452137
0.1476529813994587
0.13381795528935497
0.1270783466614389
0.1181357850576526
0.11379689960045947
0.10678507706609108
0.09755267313297117
0.08356856813628755
0.0772473364599996
0.07698079912769545
0.06892411825469363
0.06121942468084318
0.047042523097058475
0.05191145359262517
0.04093549553362247
0.04675967239146006
0.028106010283662053
0.03235954769844657
0.03529169994068365
0.022657914317043115
0.031787544291208114
0.027922127443921363
0.026851488735906925
0.0335115260696946
0.02688594453273596
0.027893190242266053
0.0247859822366146
0.03186779980618748
0.024486157302381184
0.023288343314782023
0.02881268411680693
0.026097156252621156
0.025809790820381262
0.017452928723396877
0.024032597704504444
0.021345914305375635
0.01639618485763361
0.01955694709098399
0.012306795141917237
0.015277958206304232
0.020003007165993236
0.013293640911231197
0.005484176537695784
0.010691475278814644
0.008857797345928509
0.001942587395008688
-0.0003420424875508754
-0.0004412920860903391
0.005495447300041811
0.004670231430263905
0.02624370000412296
0.003618052594172305
0.006646021491048426
0.008474025566863996
0.02294520586868154
0.00476566839852316
0.001403041340117317
0.007556281840417345
0.013720618000109874
0.011152279997536763
0.005381080289355855
0.0021761325847311497
-0.006467231419495789
-0.0048025339645916265
0.005963629706704887
0.011237113993728287
0.002539276868694762
0.005846295782300948
0.01683897511721205
0.008191103499473051
0.0011427907085501676
0.005886126155334015
0.00030265539411078457
0.005250382407780585
0.005184359385061399
0.012197265996570894
