0.3550098936567433
0.3694540946167643
0.384416604812337
0.39943802895890335
0.41423276244263274
0.4285315562326454
0.4425937153566753
0.45665008736841706
0.4706891293105952
0.48471239366148033
0.4987177528386366
0.512965609021818
0.5272599788647508
0.5417426598572885
0.5563377327810242
0.5709653015206191
0.5854378388201702
0.5998948103701439
0.6141529759446569
0.6280105209891358
0.6417948261675659
0.6556628429561421
0.6697523633867266
0.6845424094394307
0.6999198593033531
0.7158777376652102
0.7321132792573779
0.7487742375629988
0.7653305475634067
0.7815754268719376
0.7970896754020906
0.8115868121686622
0.8250684673150006
0.8372501515632158
0.8481913218460522
0.8576371460038378
0.8655552946943281
0.8722163515217334
0.8777653157705216
0.8821683185270232
0.8854041916566546
0.8875431591297578
0.8890438154021387
0.8902513770164062
0.8913453570529033
0.892422885072156
0.8935306544180871
0.8946391959925349
0.8956855342558863
0.896942584558106
0.8984211481177227
0.900192333600639
0.9024316805940267
0.9049430762665092
0.9079046655172778
0.9112232787630012
0.9146855942343316
0.9184960747174059
0.9224424456794507
0.9266118614560187
0.9307943578621881
0.9350566842975387
0.9392454423719544
0.9431829948250028
0.946917336537632
0.9503569177180826
0.9536521427554756
0.9567175437619828
0.9596134277977942
0.9621489739905471
0.9643700369610451
0.9663156639367234
0.9681373507772006
0.9701600993049493
0.9721730075873479
0.9737886984784899
0.9751702106335501
0.976379645200872
0.9775649076834851
0.9787366901020964
0.9799513722131152
0.9810406877570912
0.9821353326898683
0.9830458279486778
0.9839831491262936
0.9846612511457421
0.9852542497830278
0.9858676208915946
0.9864916488377087
0.9872219020167936
0.987929414624737
0.9887506953185683
0.9895054109880632
0.9900093437015189
