0.32921425168957674
0.31429735248856755
0.3014830826624517
0.2890229597917651
0.27964607020122034
0.265223499370545
0.2537613365603121
0.2434504319060246
0.23478189409607814
0.22457043812130367
0.21556454977363537
0.21152986717962946
0.1972830991374805
0.19482227012594033
0.1821547348986789
0.17547651765216143
0.165792789990994
0.1576450212334552
0.1535363585905623
0.14243960044362408
0.1341542738926345
0.1242926526225816
0.1192987441214719
0.1141279463610248
0.10219438915623208
0.10307928022205337
0.08432995935061749
0.08771472544271258
0.07373095955279341
0.06861496580947729
0.06987204458400159
0.054595401145498046
0.0522328548644338
0.03873550995887981
0.035084706533003496
0.034026480871279075
0.028724978267531065
0.025300944430313832
0.022441407155355197
0.03430895877138329
0.03160429264310011
0.02923054968287575
0.024216463209453032
0.029168376329152645
0.03322555345092959
0.03565783490239749
0.03510152427941027
0.034199151800513305
0.03199162507512654
0.027928916547417915
0.024092291914438735
0.020304076972859297
0.031434502455267355
0.014836614462942377
0.011210521855073319
0.0202662316665847
0.01924170278521453
0.012508777738321042
0.008560911314610231
0.015214754975420186
0.010545372261440311
0.004946893589404533
0.016973694097790426
0.013557938913499823
0.010950035386693424
0.013686202610695086
0.00552714688083672
0.009961389271598287
0.010400046447018696
0.018390516543792312
0.010212785035758953
0.005105831859646637
-0.006603385400769546
-0.004453073639066107
0.017035960315256338
0.01121599194909123
0.003276621323193063
-0.006240225626011564
-0.003224103116793553
-0.0041014407059680735
0.009243211663130302
-0.010420663990238777
0.007465672355937758
-0.002912500716893307
0.01699461601810609
0.007770744501037652
0.00828336339620167
0.008167655388170714
-0.0001971959584963212
-0.0001659659935351332
0.0006389309356912287
0.0009195812101090439
0.011781317781763667
0.010689950835685746
