0.015597503138101551
-0.03495515018027631
0.2724705270730346
0.40901999642529446
-0.0054458012244360116
-0.05333607379300395
0.07070404919498019
0.3653760823027211
-0.08888975909791819
0.009169074028113912
0.04242443396756604
-0.04609102252686935
0.27883969020362026
0.34178382811260316
0.044863087799885876
0.3283313404581171
0.00028994223045860886
0.030826250011046122
0.06952213633587676
0.32287494211232887
0.09676901976858474
0.05801637804499725
0.23718474205645437
0.1286038684496256
0.28099073685123455
0.2980368079890021
0.702641413846737
0.2823554375584039
