-0.0067066504498633425
-0.05738872488258631
0.27308517192252885
0.369845022132844
0.0023905831084296905
-0.034391136802673354
0.06213456795608603
0.3640436201021297
-0.05115654161442632
0.020326771603079687
0.025419386776058955
-0.06184859119614126
0.2703453645436545
0.36787973303695093
0.020250846696723317
0.3131831989061064
-0.007422027335336331
0.03990869344655575
0.07571977481325358
0.3483657043361937
0.09193900136324047
0.05875270599998437
0.2765463782904615
0.09057660041124682
0.3137039939976642
0.299419222205299
0.7213380321744859
0.28737428715481406
