0.3110459078203098
0.31170725936354454
0.2880069825289491
0.2695807455012359
0.2717901422390755
0.2528923712440124
0.2665205041612626
0.21682549285839126
0.2084431657414833
0.21054284656255984
0.21352129736537784
0.2219808026096054
0.19385597892053408
0.20112750382807532
0.1480013301662677
0.18512444274790218
0.16335985215343002
0.15059569615148266
0.1381009321522001
0.13597981625662542
0.09274227956250808
0.12195576725231128
0.09973122850708033
0.13591388902431562
0.050668349350079245
0.05880366579057317
0.055034886899594015
0.09348708534602174
0.10346587197955714
0.03361842699258505
0.06447211793011937
0.0952878844787518
0.03509696348252733
0.029517003869578284
0.06703601690192096
-0.03536363438360357
0.07280745538243205
-0.001048881721298578
0.05633471686096214
0.03731465420981106
-0.021369698695143935
-0.03591428766137128
-0.05452088151699641
0.06542283404152466
0.028669903143558495
-0.008751504333478932
0.08854768248725897
0.05940250639746475
-0.044605143317247076
0.057583565251273505
0.09622874567728856
0.0349582838046138
0.07643181630478585
0.04689205896795545
0.008953145612893232
-0.010210545580627728
0.023505329015865717
-0.05336846264705197
0.02230028496849429
0.062347990996384106
0.10595042914341846
0.06231855684462645
0.00841380789545687
-0.022049686344688846
0.04646390381602078
0.020365218763789827
-0.00603820307598435
-0.04312665875049815
-0.009369320028102868
0.06517790017311181
0.043210764073092156
-0.025326763275584585
0.026314854195714
0.010788601952301247
-0.036993537657008524
0.025157060087295402
0.05280971682005631
-0.0162175430072401
0.04971163593117983
-0.028567860735260853
0.016681463147692532
0.037354929526566605
0.06730451547139993
-0.009964964035988233
0.031255157739821904
-0.09317552537865814
0.06456738921569244
0.034072330986466726
0.025115817791881823
0.015523791904064332
-0.03445415589560663
0.050059836252798584
-0.04225263775469845
0.07878187587714769
0.0763381156729166
0.08922790736247249
-0.0606082309911935
0.018948133823084634
0.03444716582493701
-0.18254853388038317
-0.0005259719671683039
-0.03172623766009708
-0.010569625363309076
-0.028407964489191806
0.06621132904170679
0.06127578722538124
0.07392927603298777
0.06582115328746174
0.019054504575046982
-0.00963841650674857
0.09960365316756176
-0.038112196130828835
-0.010690377138156348
-0.00011050717850080716
0.014059245965207912
-0.022869878992628045
0.06813818861182513
-0.055097171329923644
0.0008302040970190605
0.0339474465291032
-0.017515515178790353
-0.13727327743491435
-0.021029654643080153
-0.04921851499151153
-0.025375355139945932
0.08779653804535359
0.019227222154716284
0.007719643461427839
0.049079360313354026
-0.003267347392284403
-0.0006127671612800034
-0.018431364693723307
0.06294017437922539
-0.13842389466535276
-0.010687338784895473
0.024490583549420464
-0.03290129454701107
0.038761917433665805
0.05872886783872017
-0.023785366304197475
0.007884075369958554
0.06927800124648642
-0.04155912118317673
-0.04470149370844734
0.0573538602556965
0.0005760548996397441
0.050062525546332115
-0.10608609390017842
-0.10025597098368022
-0.09088410250792123
-0.08383412313816163
