-0.01635354144397037
-0.03161186449080856
0.291452281715505
0.38464264781453317
-0.0028429448585734467
-0.058177294654223104
0.04641021108811437
0.3778180203246407
-0.05086933780281521
0.04095760537769884
0.020910621858964112
-0.06671858479065607
0.27395782452266354
0.3569550653216768
0.05683610000459487
0.30364286610590296
-0.012996111555289474
0.0005221421203109654
0.07272340174321638
0.32464123157760577
0.06970058123576894
0.05260771027105868
0.28529525056464516
0.111915412048234
0.31794159754483137
0.3008582998834568
0.7278947321035855
0.27319224146055004
