0.017494547413051793
-0.0028607299681629415
-0.004845651322211443
-0.02653318559261479
-8.284629372935841e-05
-0.0031963136376429824
-0.0053662936223473
0.003154026684256969
0.004210507162554784
-0.010656029804488336
-0.00886239669955473
-0.004757334926833952
0.006896823102014213
0.005611921760332811
-0.013055485097805805
-0.011194752615996189
0.007368373912295207
0.015746340731042835
-0.0003107508846786004
-0.006834466274652375
0.01095629698519445
-0.00309576637220662
0.007257522247990231
0.01549071633371787
0.006300798224934151
0.0007349323700188944
0.007322713538852553
-0.006425753924333545
