0.016905257038003562
-0.004659373705408328
0.000328201636785844
0.004075162829965079
-0.007889230286257386
2.0655729059481302e-05
-8.903858579313629e-06
-0.017547243063454208
0.010176580056634932
0.0060049851591954945
-0.006254289739667597
-0.0017154826119572116
0.0050529937419675165
-0.00261356415191647
-0.002427490786725466
-0.014532414124907907
0.005545803118918878
0.0012388090528703843
0.002744599237599636
-0.015265245318698401
0.016506996911864757
0.0015433553545635803
-0.0038713994328638812
0.02029072220761112
-0.0004538602986064609
-0.014506786991465749
-0.004052278554276867
-0.022883151019717225
