0.37106475220364427
0.38541224228497334
0.40007860527759387
0.41427081739874455
0.42785882499888417
0.44137414431460265
0.45489387698834804
0.46857336570395625
0.48259005643998276
0.4966795893246649
0.5110531018460085
0.5255081061763798
0.5402576672877758
0.5551646877800738
0.5702237020722668
0.5853510688291589
0.6001804193974817
0.6147797242076686
0.6290602591468024
0.6430667016162347
0.657313120497639
0.6720002893028805
0.6872104296903111
0.7032415375194067
0.719747159161439
0.7364995415301845
0.7533606103153712
0.7699161651751443
0.786021860863653
0.8013815555829935
0.8158716189242861
0.8291919690875744
0.8412156713195078
0.8518666871121547
0.8610167265074395
0.8688154265289982
0.8752947466134484
0.8804948195580827
0.8844564982069696
0.8871735010691728
0.8888269756656453
0.8900162116578888
0.8908415862344622
0.8913902227620236
0.8917644918386151
0.8919984881112817
0.8925782294808666
0.893347247180211
0.8945886268403536
0.8961181045273311
0.897846573889759
0.9002229507417329
0.9032083317870423
0.9065235290208731
0.9101422163560696
0.913957575029162
0.9181149066371256
0.9225579329819795
0.9270163753838465
0.9313345764581353
0.9353661314131473
0.9392914653773291
0.9429718789000399
0.9465282047552852
0.9500078052980969
0.9532967897779843
0.9565146840441108
0.9594787429711978
0.9622865143667476
0.9648234774159792
0.9669900584354904
0.9689260087224476
0.9708106814192707
0.9727444959906508
0.9745116998270341
0.9760755033171983
0.9775387906232802
0.9788176236568008
0.9800588589193957
0.9812690768317434
0.9824250483077717
0.9834880821813947
0.9844721523086892
0.985327293005711
0.9859107225438828
0.9864388830676583
0.987034849006641
0.9875024331718474
0.9879401102558144
0.9883826011053051
0.988827496724045
0.9892840432184882
0.9897260661587055
0.9902346494676002
