0.37067517052567467
0.3852204525807731
0.4004203485875684
0.4150738725962524
0.42901201874857026
0.4426739432207103
0.4561539365868885
0.4695418133296253
0.4831423203998382
0.49678988939093877
0.510516858152753
0.5244567157987242
0.5385752423076545
0.5529308918182498
0.567434422158382
0.5819325602163142
0.596287477751696
0.6103953486430209
0.6243164376921335
0.638166527725953
0.6523262774417348
0.6669906853502252
0.6823239354605962
0.6982534821636199
0.714722083182308
0.7315041008281118
0.748427966538418
0.7650993962759196
0.7811872503940549
0.7964551922293748
0.81074785915663
0.8239322971230455
0.8357877378153862
0.8462320128730528
0.8553048655010975
0.8630523455922297
0.8694380035193381
0.8746014612191761
0.8788509318635449
0.8821201631314138
0.8844438218708988
0.8862376368377682
0.8873967689373978
0.8882439705488876
0.8893025955584493
0.8906525815806297
0.8919291892120108
0.8935644377743912
0.8953882499275818
0.8973001384093693
0.8996153009965278
0.9018841754623066
0.9046804252685525
0.9079266366369229
0.911515781812653
0.9153972521522291
0.9196033395967163
0.9241173275213894
0.9285867965504792
0.9329795901674838
0.9372013595256048
0.941527376303327
0.9456515210015716
0.9496056226951766
0.9535149248467816
0.9571889186814619
0.960634464252885
0.963841424544825
0.9666257419140618
0.9686942665114266
0.9704522673316249
0.97203347889541
0.9735381342730022
0.9747415241057158
0.9759729790188771
0.9772012692063219
0.9783677247910438
0.9793612530410911
0.9801583763777606
0.9809440279837307
0.9817443368679326
0.9826381744189356
0.983573230346617
0.9844470000603158
0.9851546725544138
0.9857922989435457
0.9863011953324617
0.986681790622586
0.9871205017488631
0.9877477902418154
0.9883011054375203
0.9889413228281749
0.9895177878197512
0.9900574768877444
