0.3656374208432911
0.38076521399281793
0.3962721070561239
0.41152448735007985
0.42639013456227615
0.4408967399343949
0.45524017733051825
0.4695399460933423
0.48387068340222494
0.4980790831801498
0.5123105052168829
0.5266431952225167
0.5410048692124003
0.5552984391959458
0.569484345460096
0.5836851322315079
0.5976534470701993
0.6114976802914212
0.6251980465107332
0.6385215572888675
0.6519747253955108
0.6657999005653081
0.6802723080983841
0.695210855051381
0.7107661707309304
0.7267801252091932
0.7431482681694315
0.7596121498561395
0.7756890966979342
0.7911385789172605
0.8057493151758379
0.8192162586251852
0.8313996163181112
0.8423928406053125
0.8521976427232176
0.8606135761351797
0.8676486407587125
0.8734229285810984
0.8778067614529734
0.8809856204478599
0.8833410878648151
0.8855544775720317
0.8873865729330647
0.8889384055799945
0.8899598744640043
0.8910311948049447
0.8918710342808873
0.8930829101896928
0.8943770672579352
0.896198263629671
0.8983824183467077
0.9007200518950946
0.9035289393122865
0.9066670120237841
0.9103491625435434
0.9142581005747238
0.9184429832295706
0.9227085804000886
0.926882107734142
0.9310498295898462
0.9348936868521097
0.9383939948709364
0.9418495250956536
0.9451049922800806
0.9484014791515856
0.9515098387237051
0.9544146706953203
0.9571252095545955
0.9597840790462367
0.9622728147536279
0.9646346937774615
0.9669563102429088
0.9691877853015884
0.9712740655602201
0.973316209040364
0.9749139789498078
0.9761938935591739
0.9773689166114785
0.9782658794171527
0.9790871189163003
0.9797832946028051
0.9802035951215949
0.9806090551923765
0.9807741319765244
0.980878070063069
0.9811485435100534
0.9813534841521832
0.9816068364343167
0.981951351413797
0.9824909150752346
0.9831735429826611
0.9839973920037564
0.9850019764015913
0.9858163417192016
0.9864475531266172
0.9869245817772572
0.9873162599905136
0.9875465496186913
0.9876497449935595
0.9879035600446747
0.9882485367405572
0.988770042800855
0.9894326582917188
0.9900686980614994
