0.011110395807808534
-0.07309942793938708
0.2959399346005604
0.3837161696124571
-0.0010330839970091937
-0.00938146303632609
0.04952868528927213
0.36851725050076933
-0.07444404480783694
0.04487020996402945
0.028459645623573237
-0.05755453422461091
0.2705832756191011
0.364979099260147
0.02844609248070773
0.30702444701017795
-0.014392554597489726
0.037253254694938516
0.08765780951286446
0.3306559893611374
0.07966537400049623
0.03075580981428988
0.25962718265068774
0.1275583277210589
0.3071299022419952
0.2931477670075421
0.7055017140528183
0.27505311868083804
