0.32620041610180606
0.30520599312874874
0.2911788497662682
0.2895434712975678
0.26144124296878446
0.24916295885920586
0.2535933302973369
0.23437956624481454
0.2417422859621156
0.20231967648776167
0.1900909398945908
0.18789343933675706
0.20044786585028207
0.18765441034972913
0.15417881471995254
0.1687279161450711
0.12038007337814599
0.1488772676934133
0.10552896836666814
0.12880904957884298
0.11242127116028106
0.09377604764512965
0.12498506086562183
0.09110704622041893
0.11775907715214873
0.1229970597736969
0.07658237638136428
0.08145470807817357
0.04791071657962853
0.05222277006645021
0.10666301823449881
0.09930501090533156
0.055681063332817915
0.005957718368008957
0.036811128711843166
0.004167204167907723
0.05831295344213844
0.03665010186559581
-0.014363358798406667
0.07575014514818174
0.05680364816015865
0.0700853592431912
0.0850478215605554
0.04223820826682384
0.005765441751382494
-0.0335101515954197
0.011528525316756577
-0.04084079411487851
-0.04231125339952757
0.040102721716181844
0.021291393548140025
0.0048694502523415895
0.02407019510292635
-0.023987691339871886
0.0266558879276233
-0.0037168588248351897
0.043306677798583215
0.09804983300864678
0.05481201271890751
0.029362836482248855
0.031574421274291886
-0.02335024555524412
-0.003068730037440348
0.04945792245899738
0.04782281872736166
-0.04616592278940468
0.03103205816647392
-0.018421492092043135
0.01277803484420409
-0.009017914497829516
-0.025015588049016158
0.047057003421464405
0.029144464668163395
0.02352648178986677
-0.040069593977935525
-0.09265147320769351
0.02944411383868384
0.06422443024235819
-0.03675376101748429
0.037803026335938794
-0.04229673708917525
0.09342194171248736
-0.02295932884253271
-0.04887508470935786
-0.07085072938800752
0.07313291491794077
0.03511289527478084
-0.059044687198185675
0.048573694882436014
-0.044905791516099414
0.010580341080522415
-0.08270382434755008
0.08099595209483162
0.037796080402549614
-0.0028538111534872623
-0.02407992859228769
0.010642453998226054
0.029997067996413274
-0.06966582966168866
0.021583306317657647
-0.042675598454333885
-0.0967362470054588
