0.32785090702692415
0.3142589758126953
0.30210217184532234
0.2830234428339552
0.2753029881597616
0.2731964660020052
0.2343037171044634
0.24494828042647332
0.22136904357443826
0.240247658251655
0.21946976797161755
0.21483091119423442
0.20322425551283113
0.17697782976994075
0.19769539758575094
0.1813866456140335
0.1684813604260138
0.13665137173712139
0.11853313593770964
0.1427039360209867
0.13496850634810859
0.16022726810910293
0.12189004130413034
0.11429792703574265
0.11749100641306476
0.09945291331317158
0.08507533012069235
0.08062046446152304
0.0998952119398786
0.10357154038435151
0.0638502670856626
0.08511795767976638
0.08112007597765408
0.07569833995146541
0.033471188366808846
0.01187007715941707
0.06800635881447148
0.038304540170106705
0.015531971222438823
0.02670809189738471
0.002297924253116701
0.0499067283180073
0.019568940251890654
0.051321143085969245
-0.023708518785974464
0.05713642624735271
0.03866770284426019
0.00527306623763979
-0.02609391060869859
-0.000326279071024671
-0.05801516726498457
-0.005620901530250522
0.013413358166694866
0.10447210351092656
0.015222445146424735
-0.03060941008018625
-0.0054547286774686565
0.08818595291467973
0.0012170949719693125
0.030287094929456915
0.0444855632067131
0.027919631669809264
-0.023983377371199932
0.004593085750490056
0.05579148179691801
0.04041429382735867
0.03321313403204884
0.026185829582848263
0.03533425387575506
-0.013286430457723819
0.034160073730910345
0.037889314971315646
-0.013915379795294891
-0.1686358898991529
0.06705601460636545
-0.035635098376115226
0.06196445851687393
-0.09059440933127383
0.017358606753808126
-0.027274062159953316
-0.03556271363860186
0.006972067562832085
0.04102385502388306
0.05340189179952176
0.0636325401770762
0.02273912206457085
-0.05219136263920532
0.059082841056108615
0.03549848771576647
-0.17465307562947896
0.02108096124685327
-0.004161967026903635
0.01963087435533506
0.04724669183278496
-0.006726871509414312
-0.01709665015891304
-0.0479518195718357
-0.02894112795525894
-0.027881333749588788
-0.016486744514564777
-0.06799319830403283
-0.025073406491784356
0.03767800648348696
-0.02973968702819485
0.07470969857505766
0.05394048996426931
-0.09537700795872939
0.05564728728416923
0.07132326655680887
0.04853551942021783
0.02563768408777023
-0.06982008762711478
0.09365890997430593
0.09315814674481993
0.0036752600496074983
-0.03632814249388017
0.10657874061859451
0.11654958824413786
0.06623774281005945
0.07748256549173876
-0.019531050282083684
0.013792259475042257
-0.057652817816301716
-0.019407937060403557
-0.08402628226451325
-0.09953414574188957
-0.030238710889592735
-0.013950530025764185
0.07018539710163879
-0.008429107500283028
0.054325285810228
-0.031046251287950688
0.07148448149432607
-0.018815177523326176
0.0170946128685861
-0.03100547822544164
-0.06479725424712568
-0.027819592280987515
-0.03433413188146561
-0.010898940306099725
0.0564326620732179
0.10421332907115655
-0.034916098335733614
0.044361163799671754
0.026507907942081688
-0.048528235525088226
0.10669796896308459
0.014150962994670002
-0.18703126321950514
0.052124961255059776
0.03841322077350262
0.0870604059787673
0.03026825526103688
0.07482624088846657
0.05605087328964847
0.033876895941047425
-0.10003409769955673
0.03309389184663847
-0.004662966166405491
0.008561404237553305
-0.0584212412955617
0.001980942142423281
-0.13119467977698385
0.08671291435105088
