0.3218954844489996
0.3048758139124147
0.2930238179422663
0.27965705919991674
0.2690199234561512
0.2526218541021865
0.24872882870333884
0.23439152329937246
0.2281567163782739
0.2158707836997968
0.20650249269227738
0.19811945557702781
0.19143507791412928
0.18294431832411667
0.169704948601746
0.1682483749231391
0.15626383151786022
0.14955446044287818
0.14358302753209695
0.1335845902129576
0.12338186740399054
0.1213053622821878
0.10693364553379614
0.10149963067573553
0.09853938336887919
0.09032017563064187
0.08514147501553948
0.07069876042657697
0.07052760364298899
0.05935628852308972
0.055049298217203446
0.04809408431102741
0.04122818596143152
0.04675597327301573
0.03116513530707543
0.030490602184868543
0.022959732377235087
0.025546871385135728
0.035319498316014775
0.03317760372162931
0.023810666078861287
0.030415984635100868
0.039567182758617925
0.035414472946744546
0.03444864015366483
0.028583111226735847
0.03795813610323773
0.02440108198428692
0.026379979957086575
0.02550903574635155
0.013383004017919642
0.013203747756771411
0.016117055660294366
0.02230203892211674
0.018954960650883257
0.011460329577645756
0.002963851983036947
0.013321223923685732
0.014786888016869837
0.012111074450284087
0.01660727664871886
0.01706915554235633
0.013630043672758552
0.008060180363368197
0.008795387346579808
0.005565543678904494
0.01025245978999606
0.009209149028680752
0.008106916783900298
0.01606859327388349
0.005884682258226803
0.00436994173788946
-0.0005746522039598023
0.006821295146848538
0.0076542030535533545
-0.002006256270955409
0.011208919002112017
0.005627117707720175
-0.004732019913144425
0.0028287134724480634
0.012569540237664878
0.002676930834652813
0.002975849635983019
0.016919534752974863
0.005506485226306923
0.001250630811108655
0.013886872168365538
0.0009752396582265455
0.006532132351503572
0.008656393173875843
0.007920320723282415
-0.0006608242952430565
-0.00948015289862214
0.0037515897845943336
