0.36708924785971664
0.3825134257119587
0.39748366337892976
0.4116552279070127
0.4253933591212918
0.43894201369193514
0.4526037585155943
0.4662336427001252
0.4798268828496823
0.493464797947651
0.5071857247672414
0.5211153236866793
0.5351778088529293
0.549463941200411
0.5638750615733044
0.578222195473911
0.5922781347569172
0.606206528337337
0.6201312345398514
0.6344176005930635
0.6490116710637106
0.6640871958329455
0.6797685438726028
0.6960746390741253
0.712910019372659
0.7297894745734781
0.746679756659588
0.7635953484340173
0.7799154820369083
0.7952584269434939
0.8096351244092899
0.8227531694711793
0.8344867028932632
0.8447531843903855
0.8535962428917538
0.861163970896317
0.8675116428101158
0.8729179032329546
0.8770647572611338
0.8802005097030321
0.882540116752534
0.8840400351816702
0.8853058067090428
0.8862256229942926
0.8874091159051388
0.8887894871327868
0.8903948355524218
0.8923318581143385
0.8943865257539452
0.8964736225354104
0.898639847415792
0.9011580610724811
0.9041516429711215
0.9076705997231214
0.9117391889123865
0.9165694826450619
0.9216671166362654
0.9267752549790311
0.9317073014590846
0.9363353333651333
0.9406021638039614
0.944562507023278
0.9481943981754368
0.9517490668607136
0.955094301486288
0.9582666270057578
0.9611201198575386
0.9638676514028768
0.9664843967279151
0.9687781367875727
0.9704802160310226
0.9717939957469786
0.9732403646028582
0.9744045382252303
0.97559745949513
0.9767310313904347
0.9777931923501204
0.9787132519626149
0.9798653110675732
0.9810462329712839
0.9820030667818771
0.9828498229801981
0.9837210324491283
0.9843996595197494
0.9850579465293057
0.9856699710224446
0.986368380390777
0.9871833483077486
0.9879386996111041
0.9886283529882736
0.9892628441540503
0.9898251576989208
0.9903550966307224
