0.32396519605505325
0.31270956533480754
0.2979587798114081
0.2844039761409992
0.2749620757712764
0.2612076690550075
0.25030512982667785
0.24151365029057398
0.2321290263756382
0.2229156882679017
0.2129439974119544
0.2046244575254908
0.19973324323663605
0.18609653874721865
0.18016161415919935
0.17035650259515245
0.1613419790169291
0.15286924774836042
0.14907906232638768
0.1420568005325049
0.13370264686072125
0.12758212598485796
0.11515963310843591
0.1133608582358927
0.11097785458052312
0.10077926190076003
0.08841727731127708
0.08299064106577247
0.07720926082398116
0.07027377122942752
0.05918568885499964
0.06426922307684702
0.04918360000907562
0.040273129731360546
0.04308279676434601
0.03573191569828632
0.029261470764035236
0.032687268589727037
0.025682745123331352
0.02004216897616079
0.028791033636357488
0.03034244859817742
0.029485688956108036
0.017405171064049874
0.022752863770055032
0.03243965191770032
0.02338679241094266
0.029215209937187958
0.022657803703753088
0.021222684313727425
0.023320804344361623
0.016802680831719097
0.01578815472554046
0.013577461952274439
0.022589969477810168
0.015191994767333905
0.00972399831904669
0.02062370587321294
0.020601956771556074
0.001159126209914263
0.011732211056998398
0.015073772520388773
0.005086226553515816
0.02246225035815519
0.021864363546707677
0.00549860183266887
0.012715914099865555
0.0037844244162493212
0.012689944994266511
0.013497579091120204
0.013416187321367068
0.0019039130022378004
0.013880890776253707
0.01211516662503942
0.0009255302959360612
0.0008255273870658719
0.0022628018728888533
-0.0055868145785389345
0.001740323345223116
0.0016085142540365749
-0.0035490055957174693
0.021456839211888623
-0.01572788893966548
-0.005832888941557535
0.006603228746492273
0.013217960902656756
0.01824807330778294
-0.0004986081685647292
0.0001589823527923806
-0.005515844884639631
0.0033771756529153985
