0.005355808484228547
-0.04348944995379359
0.2921551601560785
0.38443197811847224
0.01152111566351696
-0.04937929610889691
0.04369906447549153
0.3741045727559225
-0.06741347512598438
0.023713851751520073
0.026514642144907757
-0.058688863841639384
0.26979283548924193
0.36438312645917437
0.022751890198041025
0.3170639364035563
-0.006682373396638705
0.031750730762697216
0.08923747793171491
0.32008905388608366
0.08021229891843133
0.04838940044227277
0.2668515217319256
0.1087801705207199
0.3160154631518736
0.29648383378652043
0.7238948905105224
0.26669308532601343
