-0.00250718194304067
-0.03687019259513102
0.27610378721279905
0.35944182615471343
0.0009405415632494454
-0.04559664409166138
0.07052124333590284
0.37854018725501404
-0.06667301102775113
-0.012876641560174993
0.02218241339627282
-0.057316130247531495
0.2757024423336134
0.35988098696935317
0.05130704163486123
0.30319442341682196
-0.014344962650049274
0.02778795497469462
0.0930438876864733
0.31743356828786884
0.08190763046306995
0.047265459976898815
0.2637924237931873
0.1198309387250222
0.31167252817533597
0.3114056858884851
0.7103432359279428
0.30135357124701356
