-0.03316337458353239
-0.08062232390164317
0.27019268052439255
0.3711739465124747
-0.0001525061962255683
0.009422078852469234
0.056464070596892825
0.4033306645245557
-0.05735412467726271
-0.0005542397857476516
-0.001400353017812723
-0.049726883677897384
0.27760172584729675
0.3480911299429677
0.01977879968541562
0.30947053279321174
-0.0058077232271192235
0.03911511190837598
0.07833994479837059
0.3162916717411512
0.07633587657392069
0.04991384161630154
0.31240575173871254
0.07649866129715072
0.2943254451247757
0.3009167556741184
0.738875114669514
0.3133007511311858
