0.351355240070247
0.3662632555942007
0.38146839955792966
0.3958608806532949
0.4095887062191891
0.42326972368336513
0.43699009575680936
0.45079123911484165
0.46462925365340463
0.4785933196802889
0.49265269940618106
0.5068090661829506
0.521356988328849
0.5360093655365079
0.5507941623724859
0.5655186162345529
0.5801250907802409
0.5945799250806
0.6088005837999764
0.6227966801734202
0.6366839092035039
0.6509465873604321
0.6655772992965776
0.6810523137822434
0.697107527264865
0.7135564967316734
0.7300775885048589
0.7467476442580201
0.7632799572729108
0.7793360168820513
0.7946022190255262
0.8090260840459536
0.8223093610402021
0.8345442481844867
0.8455799550298156
0.8551228448280304
0.86329332937057
0.8701365104424805
0.8756256355644483
0.8798067237520226
0.8829817005758239
0.8852550110587394
0.8868012088921939
0.8879312955209222
0.888948580756603
0.8901840016038048
0.8914326854908328
0.8929338493011922
0.8945562669945436
0.8965371867877575
0.8986948534833932
0.9009775702754312
0.9035448880788023
0.9065253405500284
0.9098372857620598
0.9132005844792441
0.9168097299928446
0.9208810343676819
0.9249092885534315
0.9288149780498951
0.9328375708073631
0.9367420538515415
0.9405789547686028
0.9444140083177256
0.9479397741672486
0.9511098172069901
0.9542156129635573
0.9571308139818877
0.9599780760897261
0.9626710856305809
0.9650701904141653
0.967401209785462
0.9696844039700467
0.9717602181424811
0.9734831327296047
0.9750614085432483
0.9766485321071969
0.9781579864885457
0.9796162604448166
0.9809650306183624
0.9821376549318327
0.9832889950016926
0.9841609126218026
0.98522741665556
0.9863000573913625
0.98709050061623
0.9877132147178591
0.9881394760358853
0.9886943551618017
0.9893990792167593
0.9901479566732571
