-0.0012953329179089118
-0.04204741368318903
0.3129504562825389
0.40283288086261526
-0.014977853692595071
-0.042940833116122686
0.052494066834594164
0.3658911986762414
-0.05873334647205791
0.03941475742347815
0.031161052924811864
-0.06356197336993914
0.294616035137388
0.3561301843702437
0.024526486462844447
0.3096259335746838
-0.00016763580984337115
0.02881655136102349
0.0662879715153082
0.30677559067557547
0.09141987165675126
0.02262708271295489
0.259006694647296
0.08935295632295213
0.3049862901867988
0.30840219591997176
0.7370674436205955
0.26509217948995206
