0.3067017337851604
0.31250281665664237
0.2800673346669076
0.28144733059368277
0.2628502551522877
0.25649969839213227
0.2528191701471074
0.26281024499841454
0.23672074792604003
0.21807982711076385
0.19346307119857897
0.19366917342299061
0.21827552374542142
0.1948650018932841
0.19678166200692937
0.18806438792076186
0.18205877029387868
0.16317891348620472
0.15742449634972933
0.1701785835718988
0.15955643956008475
0.10481799309371226
0.14819950079829908
0.09902017423487197
0.11374874803481344
0.04054713415974387
0.07082556730132267
0.061047594548025164
0.07867844553946501
0.061824437738435156
0.07915123918073264
0.0763545319817363
0.07805698690150276
0.06818910842775272
0.03604813820773628
0.05967201963973201
-0.03134341936971996
0.05248984410151619
0.039030265797037056
0.03139477147132275
0.07290846068111517
0.04638289309127297
-0.022001499273073155
0.04910610321081604
0.03662960351299893
0.03507704360211272
0.07571949386946453
0.04097539758440716
0.06954855293169093
0.07867507290465192
0.018353508482230052
0.052789109431122194
0.052258117449592856
0.028357156141295525
-0.022101867177805046
0.04228043756214117
-0.018145976702066524
0.04255164917728349
0.021062116420798194
0.09330349024456741
-0.014202788986880543
0.03090307965278849
-0.02842685359162367
0.02470956075203501
0.003458585916172263
-0.022394915467228826
0.02520747997022288
-0.021790481429159847
0.06480886900678884
-0.07186100771896387
-0.0853771595872469
0.0347100123274931
-0.02908332038658723
0.01890253625197863
-0.07003001827919597
-0.08106764232375496
0.037012399504368854
0.04671368058732056
0.02842517711560566
0.05691462542832809
0.13488300177361284
0.00550016499103867
0.06715506398565829
0.06231319833928817
0.018127964943429165
-0.0299780075484698
-0.05512865716525184
0.0226626744071049
-0.05625373212434237
-0.06267167522648442
0.032595781959640135
0.01798467050951552
0.05500907007890399
0.030468085037208548
0.024142194098149883
-0.12323660926607904
0.025324776829349527
0.0023537933316020165
-0.05880587134263082
0.11558669661185506
0.04212948520353593
0.015667154249245085
-0.0016185261351059355
0.05636313344060628
0.03791467486451988
-0.018580162373396436
-0.029157064569912183
-0.022413089593458002
-0.02224547028018753
0.047207969839812125
-0.01874224567273186
0.05791788919894003
0.013455703414991249
-0.06159849994569999
0.02478709275746105
-0.01791609199161248
0.007001381144945196
-0.0008949421924336898
0.02433337228103788
-0.10373270855047356
0.005264450817260902
0.02665081501534944
-0.05608512493592788
-0.03381560205541234
-0.1033417902632271
-0.024314629539482935
0.01061194737058363
-0.0370193507411809
