0.2995241743648373
0.3094212299121344
0.28902810027425957
0.2723755903499775
0.2544182608675055
0.2534637894378916
0.24444978482926938
0.23418276006705974
0.21913657964035793
0.24378109702005446
0.23102882975259192
0.19821587469324348
0.17102379544338359
0.1671691723937586
0.17538699658807005
0.15685661690845626
0.170220557582747
0.17448601682819154
0.11249927126290671
0.11558057599682253
0.12065525903043406
0.13630960769182737
0.11066725502334895
0.06652410619724958
0.11620697340161301
0.06879582327114153
0.05312056618674721
0.10196382891320754
0.07629775210005668
0.0598108928934416
0.06906890291400375
0.04849695444687613
0.1123503879004692
0.10281375006428195
0.020804275458872923
0.06455531710618362
0.06124711584183046
0.08044971911098181
0.009909954766030127
0.00886994232998295
0.0692488746502602
0.049140331056643116
-0.014632521197417092
0.016562279690995607
-0.019108161642687582
-0.038438501929516034
-0.0316003434493779
0.021462665672294934
0.07273380569835763
-0.020114260545597284
-0.0008577887758639546
0.09569452667988687
0.08069795406885222
-0.016047122099650868
0.05103100576971359
-0.006151775994050146
-0.11517918601566923
0.016240884018655366
0.01816423923680449
-0.010179613951576405
0.04250655870009312
0.013261668890748424
0.049338867056889446
-0.050753826982511185
0.03778730432359689
0.017500032815664424
0.05033250228118763
0.0056651998847590535
0.02215996838851597
0.012233717840539282
-0.0024662708269446165
-0.005248832825677674
0.018342369944366
-0.008487118615752465
-0.06246764063554422
0.0006259309449196948
-0.028796853577565784
0.10037517474628077
0.018909266123513735
-0.09124014632893795
0.09267102334292132
0.0299437132419052
0.01751884777748114
-0.08688420863215118
0.04991811609435676
-0.02579708106164824
0.001063466910736166
-0.08955644967180498
0.03379437636527566
0.039892509462372105
0.08201818626704854
-0.004795714220707126
0.08412264437982736
-0.055367469812708014
0.029914417955673955
-0.03314080006526254
0.041838517101278616
-0.026784047973507197
0.06641940369855837
0.04183738136424797
-0.008691080655152672
0.0637211325057585
-0.03595617105869908
0.0428477970475018
0.0523778440440833
0.04247839125023295
-0.010109955778968338
0.005161678640952072
0.012492185873393902
0.03107084096996021
0.012231222338271286
-0.042372555098640685
-0.03552517915297704
-0.10970658710341386
0.03656129434119115
0.0668511301427297
0.06288652831542274
-0.06691490552338863
0.021022621074025027
-0.04557660586685075
0.08855432808979435
0.050164118894239995
0.0014071157781338495
0.03786655419303009
-0.04175879721555009
0.056614583133446694
-0.0025641892429428825
0.018735082976417572
0.08308198425009988
-0.04872592597201009
-0.0863373505482713
-0.003106452570325713
-0.08391282879116868
-0.0039170996903357125
-0.04126354070504912
0.05736718885116415
0.058143679752676425
0.05687044519704976
0.029202256890702327
-0.07201928233021715
0.0912688697924059
-0.05436241626089644
0.023581585768549185
-0.01800201456336803
-0.03734764895496623
0.025995660781058638
-0.025541343312563303
-0.00663038063286725
-0.03572830505259095
-0.01887877668242388
0.04048330317593585
0.11719943498831731
0.035227556292315665
-0.019535501807846134
0.08503856682625488
-0.12051532168823564
0.06833907448863574
0.0023295175958115144
0.03338656339502133
0.006518627837664659
0.017992469948147682
0.018334861392465873
0.08124620474779404
0.0047705850561730045
-0.038715612069233685
0.0334549317335342
0.06931795103794841
0.043284174673295095
-0.03553038377699114
0.009977827767928327
-0.15855773155992958
0.011579940651370746
0.011899667239704648
0.04647675035483484
0.010968989496538406
-0.061032766023321194
0.01922139431240849
0.04976464211804793
0.03216878095775655
0.12117442091922603
