0.013997564535566324
-0.02624392591970473
0.29943933420169033
0.37074467836452957
-0.004093672933580497
-0.04668692430901936
0.04853249983681333
0.38586415488677733
-0.06608203305005625
0.033804157556769465
0.028782579454843808
-0.052027459604473
0.2855475317406236
0.3723984757662822
0.034405591501702755
0.30378324365525883
-0.012549494776747655
0.015174718498430877
0.06369185923759903
0.3081587531094517
0.06684643752389806
0.0430076883476673
0.25924756038699165
0.11333121124160701
0.2988759004510771
0.29734154495327786
0.7403672842647889
0.2780598282714063
