0.2913334806230691
0.3063783583365818
0.2994394804262686
0.27977875474574665
0.2445560260843001
0.24636832425972005
0.2481275027037662
0.2293361653560405
0.21251529971489674
0.21890889090572763
0.19095310817279965
0.19747014176332078
0.19535854632969762
0.20543222681168272
0.16618166058037992
0.11662811300997433
0.14720985807294779
0.11051121886117271
0.12046909030218256
0.15333008416557403
0.14316165380368134
0.1220667475519252
0.14296019568240875
0.07362664675153507
0.07875396146005881
0.12975924888894813
0.09004506310791077
0.11453326426901783
0.09308551321777347
0.07300564786656705
0.09388287338267082
0.03021490394591042
0.03747447884214439
0.042543461617448486
0.047550757418718836
0.053472962088119746
-0.031188851313719956
0.020715371275548844
0.05523195844406242
0.03378331411935093
0.03678539575634726
0.025646291265927934
0.09282725631751398
0.04120006090657341
0.029772408212630663
0.022857450579446492
0.0033247063989781944
-0.009492156294487186
0.014186664880290356
0.10896143974778472
0.0913411994733685
-0.009343490744206706
0.030578855047995235
0.04266386919926474
0.04604886511975809
0.05499677381858464
-0.02979463432842744
0.005694758307939973
-0.008543606501167367
-0.027485366651895604
0.036109723336203214
0.05661020496820318
-0.10353077908982877
-0.061528107513412755
0.013044451996444661
0.00129181667428796
0.026800724256698827
-0.026667441789756552
0.010030552775119772
-0.025808369312650403
0.05994118205713406
0.03638344246694192
-0.07783456755241713
-0.014624467154459198
-0.05285193553598222
-0.0042657244035154696
0.007057590571992234
0.02947314752303587
-0.04740338630414298
0.06214182241677557
2.0986205035988803e-06
-0.06446132780512459
0.10400790313546587
0.011345219981020338
0.010613141044815921
0.0069180837193262845
-0.02284858651088917
0.053135364313751876
0.010699142226006042
-0.029849242007064847
0.02203907403632893
0.10754258000668648
-0.07190702022099338
-0.13852943441785082
-0.07135700683457291
-0.04372945895830116
0.08095030350379501
-0.043743368306176644
0.031229279992228798
0.12219388515925361
-0.011622902172664595
0.04228741731998842
-0.044480318908318384
0.009285513044427818
0.06626487544568199
-0.029490473519882432
0.1035792989668296
0.0851195582465859
0.049581845083207676
0.08098236032844452
-0.014111970903912363
0.09118677294303668
-0.014989729655399242
0.07591227813780138
0.06092665095700278
-0.02531372789097719
-0.0038344795612859084
0.12206339082990708
0.001520670144120051
-0.043292899935559404
-0.10255976873673756
-0.12574979264623987
-0.0010586896832334158
-0.03435682498419845
-0.005012217472216807
-0.002013122400070455
-0.08563046338151947
0.07185089657165683
-0.00978245798052757
0.0021799651235935302
0.05571822788131625
0.08930473281036283
-0.029309077978150522
0.012474757860833019
0.07784281007720273
-0.030986726299464085
0.08415776475190534
-0.03270100379706542
0.05022771056371167
-0.01996544539225331
0.07634784399473737
-0.011980388304100531
0.07472430632713678
0.04942756816272714
0.03965357393280089
0.07420250485636698
0.01117788265641284
-0.022682338344322095
-0.0055992693164140794
-0.02746063731022863
-0.01767852475377163
0.03652833056782784
0.0517229931633012
0.05237675300172262
0.09821782392367012
0.03575349610448697
0.019854698932299075
0.000809376663288508
0.008625623655623804
0.07320350291743466
-0.02427432563380416
-0.030863918056441175
0.10810941699945259
0.02284916703688744
-0.01935380929445485
0.06299886125114712
0.06326519016889642
-0.0841626533336447
-0.024321769816295413
0.040827814253985295
0.0834953211991305
0.054097941952471584
-0.06870373737871582
0.012923875772458404
0.07545507874199359
0.0070775620654825455
0.06065664239932694
0.0037985825979411914
0.08837725067398733
-0.002262687977330202
-0.013555916041123606
-0.02522369222246368
0.05214000403889024
0.0014390613838907718
0.0457882618471514
-0.038350069724648606
0.009435027773083582
-0.0012643220922158305
0.08316267394020793
0.02687158029599812
-0.0615135831557827
-0.05355679032317917
-0.04610261898950985
-0.006896281004669547
0.09572698098240784
0.0444299784810509
0.010732951864813212
0.014776792802766225
0.05685016236939522
-0.0019061874624400899
0.0006477760716552816
0.023512028114569372
-0.04931014686860791
0.030839160487665773
-0.05335712783973068
-0.03791806642905149
-0.06542044112588674
-0.015425995249959912
0.010370030459995905
0.10956450370689946
-0.0329232363471611
0.03428637853439881
-0.008178453997456314
-0.1172686362690244
0.007898852094976594
-0.002737955260701419
0.02248758284170521
