-0.001208829433170517
-0.05111729444768409
0.2734656120919124
0.3849735152528674
-0.005349928092961934
-0.03044375154495774
0.045837580234227335
0.36019664763880965
-0.08373595238647003
0.032092210865974254
0.0320503097347995
-0.04026419893284808
0.2812791792474323
0.3574983811544258
0.04728509693048817
0.3134857930547511
-0.00842716504108071
0.027085591475742528
0.08484060491292214
0.33221243475373863
0.08817586854566747
0.04244950448815411
0.25739317890458174
0.10588124223878043
0.29976129446533745
0.2975909236859758
0.7141041864074876
0.2899452090836999
