0.32538186655263723
0.3116191218070718
0.2998987033984042
0.28415967793133434
0.27661821604602854
0.2638648600118
0.25302591202284963
0.23995433874813465
0.22959042036837102
0.22146929018939204
0.21767090700919828
0.2058255276868789
0.19878671256380148
0.18526180470571496
0.18021121533508072
0.1729730173277889
0.16488837883734098
0.15852354814586234
0.15129140578229322
0.1400296297324305
0.13497052880189658
0.12483773691009897
0.11686096250167571
0.1099149891466521
0.1044185319204316
0.09611765066128425
0.08784146331224135
0.08741806338378316
0.07575684590544784
0.0713024083697209
0.0624188928150492
0.052447395231048466
0.05044634081918481
0.04629599479522001
0.039178296855520156
0.03651188767607011
0.030375504535611775
0.028818794256344038
0.02599518225488545
0.0286308684755473
0.026001218337627918
0.037105983474778115
0.03685412683716888
0.024736439873126514
0.028606746041783426
0.029842804624870267
0.025863386645603614
0.025756548654456757
0.028498243611058793
0.031161524382839645
0.02323852768951712
0.020498560207046712
0.017225735345674065
0.01958253086088052
0.007805359373085963
0.02587804785248421
0.01724484424558509
0.027660010297969884
0.01710898724311921
0.018452443261747387
0.01003328145024096
0.006901755545196009
0.005865230137303834
0.004377307939311514
0.001091534188133958
0.005199980901312795
0.010470728533805762
0.01989532685963674
0.008710565902387557
0.008019450899484193
0.004417200010772171
0.0035701014110888774
0.005966565034633553
-0.0005218566519091805
0.009133125117415042
0.004621998702141583
0.014045035847119192
0.017014878926499055
0.00797509169467392
0.008807504575961689
0.0035239241593647552
0.005290125180977712
0.00866317484601864
-0.005242785918938453
0.008786226913060857
0.012033736243010185
0.012552728370698762
0.020903825038653845
0.005752979435750372
-0.0037439898721550735
0.0030096748134282314
0.00714310589991729
0.011308218095462397
0.010359660783746394
-0.005604948895136075
0.016493336476104625
0.00014561474441876499
0.018579934841012058
