0.3191287483516775
0.3063983399343207
0.29170978705427786
0.2821814522333665
0.2690955945245026
0.2579000227465805
0.24506602863223576
0.23759928967292504
0.22571095666911195
0.21998169491130204
0.20279929324971113
0.19996298773698434
0.19358233588297452
0.1799679658496765
0.17806845966783597
0.167822993376323
0.1599055563269749
0.14927399246080303
0.1435074359982217
0.13480202154288934
0.12511693210214142
0.1199034647128796
0.11548628686774676
0.10413135852492766
0.0992751097675309
0.09182814929330674
0.0867476542772479
0.072705132785848
0.06723468862987747
0.06472061392606121
0.0601893472768652
0.052797122548283615
0.039763782074086484
0.03716042402403541
0.0320680664717134
0.03445992441842288
0.02962739661744873
0.028975145681303938
0.028019101856890494
0.034908503513845834
0.028577097049131917
0.03365032800993589
0.02858616790357571
0.02548544117115714
0.02275380296460916
0.017895471494855097
0.03442861966297306
0.029630865045572774
0.018939072666757317
0.020258689051268153
0.0293348990605638
0.011064335254100777
0.01971828680668314
0.016101411144601174
0.023116709634542265
0.016071556607156146
0.016143626632864005
0.013113108507615656
0.008828318815684688
0.008570464773243303
0.011869900498697239
0.015400302569260338
0.011467347654994686
0.023400809001639433
0.013218333639387847
0.005094282869352651
0.006750172979629876
0.009967434174428691
0.012355636601674436
0.007913207736134686
0.018641090679913708
0.006870908782509844
0.007367421985196576
0.003852922199680031
0.017050741621773335
-0.005960267483710924
0.01259979194183719
-0.0003735691398148999
0.005351459341230824
0.015053507779060116
0.007740377830817213
0.0005376991691124489
0.007487216718872869
0.0002348288610016791
0.014838617502049012
-0.0014418241003649745
0.00862408332570952
-0.0013504274174672704
0.00737402402382753
0.005493275609171788
0.010888726786420055
0.00617900704755292
-0.0035805028483885115
-0.002672239884662142
0.008817457093193204
0.003991365949672199
