0.37712853641992217
0.3922892802906
0.4075918193256889
0.42263049216281867
0.43732119608275005
0.45197343526558814
0.46646397375673204
0.4808619995844248
0.49518725738391134
0.509337914195547
0.5233711077017772
0.5373552502984056
0.5512432385081677
0.5649685281660681
0.5788092550587925
0.5924875396398093
0.6059274793869451
0.6189754933239001
0.6318375204075076
0.6446096659796262
0.6575381449800543
0.6709245946564115
0.6848300323032024
0.6993934197218814
0.7146972631757025
0.730453145219751
0.7463885087571208
0.7621075242355121
0.7775119386705587
0.7924446898862461
0.8065153999506927
0.819553486350437
0.8315219429768749
0.8422654499025031
0.8516469171261264
0.8596532057844184
0.8664038394918285
0.8719441437045633
0.8761485133658977
0.8793288814149287
0.8816814121401222
0.8836692336079758
0.8852696300201324
0.8866753880493905
0.888124955597664
0.8900094127667966
0.8920977075533378
0.8942103971966249
0.8963455058957108
0.8986878973555317
0.9011124962153703
0.9035601462186008
0.9065111722255523
0.9095579305230743
0.9129521402928049
0.9161725651902124
0.9195304621725444
0.9229546358973244
0.9265848392649089
0.9305034638804681
0.9346741128423786
0.9387525588830963
0.9427211087175202
0.946598617842634
0.9501654588397762
0.953537548175972
0.9567447450609321
0.9598363324143845
0.962805949814163
0.9654212482578208
0.9677374998564136
0.9696011034332932
0.9712130013238606
0.9726463099191743
0.9740869200599271
0.9753515397813579
0.9767631217784718
0.9779926163949575
0.9792783498363244
0.980498211468114
0.9815683346681348
0.9824274829643905
0.9833473889957929
0.9842271909641526
0.9851262056762522
0.9857927187154709
0.9865804697799734
0.987134308031815
0.9878008101232831
0.9883153502277113
0.9886854471309449
0.9889823613769788
0.989187131639172
0.9895188763072034
0.9899484148286131
0.9903163664163902
