0.311373591978361
0.29916537529131204
0.28848470809986504
0.2754218159284998
0.26571839678692566
0.2512576766356165
0.2386745145772432
0.2334518882231817
0.22126446606140815
0.21472207475363425
0.20434199604461756
0.20001295156435656
0.18968512931527204
0.17946490830323886
0.17186436638623853
0.1667223717816873
0.158757752882691
0.15052389103324337
0.14126629757824394
0.13577842976026144
0.13289790852611594
0.12042422705098754
0.11349974723206618
0.10259291935364523
0.10326979330166969
0.09576764514721153
0.07797349968667217
0.07655536525727136
0.07412668543178513
0.06358045222499531
0.05833061864999606
0.05082116845805873
0.042138731171527
0.04328595026216148
0.03017607539990491
0.022978597808877788
0.016392637727867865
0.03347836549807881
0.023331718815196134
0.03855321571989956
0.04059915726142699
0.04075319348133788
0.03300290000437983
0.020884859299761027
0.02683765274129607
0.02199597336928899
0.027624284897396434
0.0305009263590304
0.03059305370730586
0.02979766334257178
0.014697164290260634
0.013688419261291329
0.018488852804203093
0.004436568912948802
0.001816254477646606
0.007554091050184786
0.013285783652451033
0.014455254881043766
0.013156752554169204
0.0162927927239237
0.006035057607028438
0.016169273403539353
0.003824773648348434
0.009755923921230591
0.005089257013500159
0.01274311789737953
0.00380675049778334
0.004796174437667777
0.016982195623430008
0.027594485148173586
0.01619249596336292
-0.004078222304457868
0.014804960224719943
0.002047171899207556
0.00046436240380076654
0.017104380926081075
0.01599359380308163
-0.007802563774861659
-0.0008661098920722532
0.010635896464083638
0.010311452831349655
0.007558635890420884
0.01633988765448774
0.007253433932816078
0.010561707003557186
-4.419434673619271e-05
-0.0053793930333299045
0.011308423828409409
0.0027365039885394182
0.011169217391988007
0.005655396336649965
0.002762891053559424
0.006575077471812185
