0.3208824932048523
0.30580175435531826
0.3026114254556841
0.3060167105339747
0.286905324150029
0.25725149313305945
0.2810082376502084
0.2508776546463567
0.2084980421060882
0.19808730967606314
0.23820172369039638
0.16255141555243668
0.209310328626777
0.17280349071583034
0.1559579466640939
0.2160918787584467
0.1570370743987155
0.11253349053946698
0.13403250428676566
0.1372659853085269
0.114326715675718
0.1163576607247711
0.08280924988939214
0.08437028066096863
0.10150543412594032
0.11675897971581278
0.12305435596053177
0.08639576014430561
-0.009621161156233349
0.044781521524144274
0.06221262061422567
0.06438798937166396
0.05956042307188669
0.049218317237407216
0.008065332787299206
0.040513564667708724
0.03863612495878321
0.06513734405784133
0.07738615476895588
0.06959569648830666
0.010186685735898704
0.014620579662370514
0.06457897992656714
-0.0639940101291755
0.06613015015882295
0.04142369415057734
0.03126822471920193
0.0030425577545901694
0.003518757955603191
0.06452684181853963
-0.02570935751465453
0.006183413960586137
0.010048211737524071
-0.002056942391443606
0.01112179484729331
-0.007308770814881682
0.024705340621064498
0.03816856783039141
0.04225422590535288
-0.008671522975768342
0.023375168209228636
0.06248839700785458
0.020792296323291437
-0.014182766590477236
0.032215276496582124
0.05995408347868075
0.06201074786130434
0.04529752110763369
-0.021992008486789727
0.07176519412011811
-0.03317651844720204
0.049587894299367274
0.0679748451341593
-0.022993462165059153
0.11012174942458974
0.029063634214558043
0.01923113560256462
0.05977540136815812
0.02571081874258091
-0.003707424537694015
0.030500358125909455
-0.010930446655774806
-0.028195456605381586
0.032948740628725826
0.013092366971334923
0.04875681233739959
0.012363455949303048
0.05189393323084074
0.13448170413202376
0.02029089360817682
-0.03765319277177881
-0.03228137656542085
-0.10305936225499901
-0.020557447654401373
0.03958606930628755
0.05511397924472694
0.04479889579741614
0.09026991384629879
-0.017474033053259452
0.0009999763714329535
0.017939993671494847
0.011739454766558521
0.05754797691658331
0.09012376219849172
0.020564296931732673
0.009183209259882308
0.04381129104667447
0.041170800118163375
0.0628493828957894
-0.20863303945879652
-0.08970768896880166
0.07273196170030377
-0.013185663955883942
0.0658216292374012
0.049411822653097126
-0.1118698426278395
-0.009350988315584008
0.07063318611102176
-0.0649684027483477
0.010392093920488787
0.08453197817266572
0.06748421449033642
0.03137307724769284
0.010686469175749558
-0.06835508853756789
-0.023790726001181817
-0.0024508299389580657
0.026895571719653344
-0.01156972957107072
-0.0042632921050729244
-0.046198115641262194
