0.35852530247839004
0.37265475585394026
0.3872096399330421
0.40228865010471326
0.41703579318185147
0.43110389467703564
0.44462837086144313
0.4580076521459142
0.47142395046633806
0.4849900290231501
0.49872645320301195
0.5127154397936079
0.5270437472015187
0.5414830405987349
0.5561824418630124
0.5708079761530217
0.585146576269937
0.5993234632724329
0.6131443179186231
0.6267938914768032
0.6404785453042255
0.6543964144722736
0.668778356755459
0.6837655900327344
0.6994941404245962
0.7158337057678568
0.7324411114470928
0.7492429344225802
0.7655885966982602
0.781532304539351
0.7967452354145972
0.8110527570662398
0.824253557070427
0.8362249507572812
0.8468636966678784
0.8561052978229156
0.864001438847166
0.8704980808843226
0.8758809066141906
0.8801530801028387
0.8835639227864138
0.8860592505352429
0.8878688959660359
0.8891442404803127
0.8901852677120384
0.8910552719653997
0.8920815502779615
0.893465301604397
0.8952082994111871
0.897004268619308
0.8988846268676706
0.9007830872853217
0.9031136973911501
0.9057782498665884
0.9088080437512581
0.9123299666372249
0.9159640598616938
0.9198160236741892
0.9234745464524005
0.927250630891326
0.9310226689596708
0.934856134950677
0.9388150794254966
0.9427703271429045
0.9466415755564466
0.9504937017456739
0.9541419309964585
0.957381360660231
0.9601448987227627
0.9625631626319002
0.9647962249082176
0.9670114146334652
0.9691082931933428
0.971180322851584
0.973288808543697
0.975126349462552
0.9768677503606353
0.9783395857182005
0.979433618526963
0.9803795703476628
0.9811764463364627
0.9819299466150198
0.9827337878532953
0.9834367431870314
0.9842910021898681
0.9850642705793968
0.9857166909393325
0.9862454045584026
0.9865222281350826
0.9867622269479857
0.9871709957178512
0.9875943526330444
0.9879278882015442
0.9882896203106404
0.9887018376589267
0.9892640100599939
0.9896873536876258
0.9902771916640833
