0.3119517626424686
0.3035522121289238
0.3041836020621438
0.2893759253141902
0.2808655342890264
0.2697859612130037
0.27286959983660175
0.24963156012603926
0.2355112166790163
0.24581989661157272
0.19492826688892823
0.20700042001053442
0.19715860908908345
0.15896591467519716
0.1761143820875749
0.15016587755462218
0.17886542830879348
0.16837262847943613
0.1676101968197602
0.1478775442428253
0.1275392630962513
0.11196538988708704
0.11064031029982485
0.13355263033903564
0.09474893965783981
0.1132850505146723
0.07503982537164117
0.1175193157535469
0.07782283963428688
0.09749474305147315
0.08749815977914299
0.07048330944509801
0.016189503293837948
-0.007178292938357256
0.05079440379854766
0.027056208501303136
0.05438825075146314
0.10843945045655096
0.013943587395965185
0.02313682201103079
0.04151345883566654
0.06873106138536095
0.02399241756841841
-0.003327479626024865
0.04756792126620263
-0.08518600441330593
0.014303723384524791
0.06287756170113717
0.021747529117650655
0.02763653065308741
-0.0017869634714439142
0.0059706928118337665
0.0006406917432831283
0.06214635329009999
0.011663393469962535
-0.04862088095120609
-0.02177022070520318
0.09627597598986926
0.05055045623972615
0.031296707820633485
0.031867100180971886
0.020195277615781493
0.01106733692409334
0.05248207300187929
0.051543362466166365
0.023396544994459645
0.013823988576832258
0.05062291275675651
0.025476525506263725
0.03400731357687925
-0.06308274178099293
0.09044171125701178
0.007588459733646635
-0.11229190837174097
-0.02281230853694849
-0.024490629330222946
0.0547893697255315
0.01854595001745435
-0.05902799822101357
0.07278013359690066
-0.00041872614200999525
0.0011426015608360651
0.04458771676972989
0.025526825668949815
0.010011746809478916
-0.07788593622747586
-0.0015619134747190122
0.015019972141935733
0.01481342677076719
0.08422011612767677
0.018116849370990007
0.0035272664000220444
0.0007380120449200223
0.010082257318418109
-0.016824208289238696
0.013771047797992986
-0.03413833833391455
0.00088817533248714
0.09921449370202629
0.06556047063752013
-0.034371740116045046
0.06469207003227406
0.08335439408606532
0.0830315867367602
0.004588002867897345
0.035754151839212045
0.07735889822274178
0.0469411493767144
1.4592395893242571e-05
0.02177382009953649
0.07017781873737455
0.05329897185679655
0.05075782025030523
0.01212270599185683
0.06429227280657557
0.024122941170286183
0.03789477239308214
-0.002306988100639229
0.04544158596359282
-0.014191080018471802
-0.07004659797142831
0.016820636031749603
0.0849161999185179
-0.03953575818279986
0.02326724832645427
0.04796193720925562
0.025422025749464172
-0.014355163788334013
0.020467536601206537
0.0844714204299375
-0.029933903815331675
-0.029004465544146596
0.027676587420666865
0.0051876194411742405
-0.021538145662112096
0.009779977639392812
0.03692652206177388
-0.03766839624787788
-0.006945008699009048
-0.029782592407811004
0.0609791397463455
0.041053410394388035
0.07028736916803718
-0.0606803416088566
-0.03390560046529045
0.01779629527534682
0.0637346793814007
0.012285265983541516
-0.03996786944370512
-0.04246471479904257
-0.006706095417659208
-0.05189729535160481
0.051747263979257385
0.002303639001648594
-0.11015689383289695
-0.01723781071520525
-0.1638446152398243
-0.12865086730380282
0.10305127551212084
0.06899017425351056
