0.3746510541268721
0.3895933648756374
0.4048737884070953
0.41993914579508895
0.4338116791261451
0.44727126909589426
0.46083436116898097
0.47440287102389217
0.488230613070714
0.5022207749655367
0.5162482545316169
0.5304791742698727
0.5449611803146687
0.559418169221026
0.5739755834272277
0.5882461086488199
0.6022733920088214
0.6160468418489663
0.6296471456087378
0.6431705964632979
0.6568917972538197
0.6712019205909985
0.6860775274087739
0.7017631485863748
0.7181685843984805
0.7349744446978612
0.751834326833045
0.7684903499030384
0.7846205895613455
0.8000713434465985
0.8146251532449702
0.827889462985617
0.8397245990959502
0.850179303574816
0.8592592712530209
0.8669772013663983
0.8733413339484739
0.8786085583485057
0.8824181689620018
0.8852582584074693
0.8872149793716456
0.8884312678797444
0.8894044112688906
0.8902633014730512
0.891103674597933
0.8921465066434922
0.8932784394387309
0.8944640864645488
0.8956247760643219
0.8971953146860927
0.8993275114100603
0.9018540239545887
0.9049636382385374
0.9081246541716221
0.9111924842059267
0.9145137335929195
0.9179471777538474
0.9218485590076606
0.9259480945726406
0.9299797101046046
0.9341776878226038
0.9382205173914069
0.9422500409404669
0.9461724126762792
0.9498601995021216
0.9533088323911993
0.9562167032820164
0.9588392517790345
0.9612771113487463
0.9634699414591021
0.9654898544617277
0.9673292648713916
0.9688841919232407
0.9705548759166217
0.972294302427019
0.9740998819379361
0.9757194451101983
0.9773562926421422
0.9787559144051194
0.9798937603381764
0.9809244949436465
0.9817289385513167
0.9825539344320717
0.983457611976793
0.9841696830369895
0.9847383703246297
0.9854622174806869
0.986308981863462
0.9870112122572384
0.9876180681384363
0.9880911786209288
0.9885812848712583
0.989109091498749
0.9895710650665102
0.9899857172338395
0.9903960770385356
