0.317174780186381
0.30528634055287585
0.2927877525694257
0.28068853003821814
0.2709434023440433
0.25503656510968786
0.24323577300129762
0.23531800840342387
0.22741906199895606
0.2165513243539502
0.207460451942507
0.19539768847211786
0.1908554808095851
0.18081734772144314
0.17706875366656982
0.1644670402180734
0.15462776036626436
0.14818956499841812
0.13896547124607772
0.13355342979355106
0.12341482634450046
0.11694170781214264
0.11110772046466594
0.10150421481803001
0.09455806278687118
0.0913047306448041
0.08204444148777029
0.0771281408917216
0.0695634995908756
0.06323088255499754
0.05670872875420069
0.05206421090938523
0.04593341992021854
0.03787279545813205
0.02714476858636694
0.035180903541324526
0.020435398814450723
0.035376303909149476
0.03289935006857092
0.025863865131865726
0.04023590937202276
0.04031538087067871
0.0335272920400525
0.02895984465226542
0.028346026230421262
0.03394807711340464
0.02911926292220307
0.03465379687359155
0.020219868802403784
0.01805548643180943
0.02350474602060465
0.014199657276126154
0.0301116417201035
0.027818379336140342
0.020639785303948555
0.021929878248705015
0.007974346932154486
0.006098259536543249
0.021080018092607733
0.008689308436525822
0.014257291611577738
0.004723454663981441
0.005525315775007977
0.014725590109252118
0.014983675551979547
0.018939891980263357
0.015556935880406686
0.009373166093534613
0.00542520550642378
0.014812613605306502
0.016130181660721
0.01346626591798794
0.0008682359523621286
-0.005495250621072589
-0.0060784055305610485
0.008982419779461737
-0.0015747914074730751
0.008202023436701067
0.015985541366729694
-0.005351744091544042
0.021196597895971225
-0.007503330717084533
-0.0002211629332177223
0.0217906969260403
0.010723923773946653
0.01005960375571796
-0.0032513325737543175
0.009496149245323326
0.0007152485224602434
0.010297517367782394
0.0013782833938188466
-0.0034945424150595317
0.002842985269174203
0.00119409996997627
0.0008220538421884194
0.0019027538549172274
