0.3584017970985397
0.3746176386281803
0.39033631408991165
0.4054947386275166
0.41982881910500763
0.4336756651987046
0.4473263857564858
0.46097308308577806
0.47476261087556143
0.4886122843885748
0.5024348242575113
0.5162408082101524
0.5299823743507264
0.5438050209840175
0.5577396114245562
0.5716092355050826
0.5852760458894095
0.5987563240063787
0.612112309233759
0.6255321419402383
0.6393150700302122
0.6533650155804821
0.6679851642535479
0.6834893937593054
0.6997449320967886
0.7165548326109068
0.7335501317637348
0.7506713250484329
0.7675991256995875
0.7839624071659881
0.7995457106492481
0.814062115587852
0.8273536820178926
0.8393216901087157
0.8498423451139605
0.8590663208389964
0.8668091013126578
0.8731558456642268
0.8782816450033617
0.8824125886375558
0.8855250926111887
0.8878920509961228
0.8895449306328593
0.8907734159212457
0.891523739976961
0.8924479784777871
0.8935492226130688
0.8947946567400633
0.8962032541810532
0.8978722922899719
0.8999662443693891
0.9022720502335395
0.904861089755721
0.90773732042105
0.9111001319877776
0.9145055409260489
0.9181838471293102
0.9221748595887307
0.9259922162109306
0.9298123995693914
0.9334660646419581
0.9374146668444874
0.9412618959373221
0.9451193390724366
0.9486282946721234
0.9518130250777355
0.9550547785552563
0.9581532501220187
0.9610952595294608
0.9638530611386251
0.9663950873073761
0.9688931352518984
0.9710458857708378
0.9728779270829676
0.9744622954595203
0.9757376985391466
0.9770648861930931
0.9784961444707552
0.9798669268584254
0.9811618168234815
0.9823777214437048
0.9833574589593961
0.9842143163572319
0.9849516503844143
0.9855944818905507
0.986387758373722
0.9871672919682576
0.9879671910738854
0.9884714716317975
0.9891517953234233
0.9899255134782287
0.9906898192407134
