0.3211721048032533
0.30943837262524065
0.2971961875650792
0.28490802907865737
0.27341362270698805
0.2599349901804021
0.25421748708042124
0.24219017688106886
0.2334647482636436
0.22039935406983596
0.21389078453430843
0.2050908003216127
0.20026329426438472
0.18849864066480476
0.17933129537078202
0.17840594064861104
0.1642306486850637
0.15256298219769793
0.1471104899460503
0.13577029558139925
0.12845334049794027
0.1179347797079271
0.11736766573576768
0.10494403542158931
0.10210812228629423
0.09240948605767252
0.08504024139545852
0.07853687006658888
0.07234701532288168
0.06687044475555215
0.060078058872200246
0.050936025522780815
0.04255425765107984
0.03561463579998059
0.03254931874139749
0.035281392232019204
0.02595102487954848
0.033443162690690864
0.03566693314476499
0.03277048769804147
0.013982896004178458
0.030388393353879273
0.02973746348013584
0.03483643988133889
0.03637849810153293
0.0445147950664222
0.01559529963545131
0.03930760482858264
0.02550968925078878
0.029452708821476714
0.028529773078028564
0.02286803383213637
0.017303572048159632
0.017949472658886134
0.018620056805768337
0.02051348531910152
0.012438271439328852
0.007227789581186805
0.009215602674385481
0.019390981465662316
0.023556253817480055
0.01342480694265874
0.02072031679634273
0.012141830380899388
0.017735069239433465
0.0103484864894689
0.02467437592072369
0.00904957605212564
0.006430408194709469
0.005230024318363113
0.0017402363350551009
0.003643806898650348
0.007347559522594249
-0.00589666261760613
0.012053222472312664
0.022010585016293438
-0.0036052456610952133
0.013883062448682648
0.006758731311304167
0.009569098252874053
0.01656751215864105
0.009608359188120086
0.021460337758653247
0.025301039956213134
0.0063780934272461565
0.012949880829408511
0.017021053827097843
0.003044859095259367
-0.0025132317770932833
0.001028215328029658
0.0038052769670930964
0.002416810552777149
0.008688710909855513
-0.0002555234123323702
0.007988559448466881
0.010311499109015576
0.020379173484182223
0.016315612793746548
0.001433851440189371
0.00934128606516671
0.0018371475404367898
-0.004381675472772906
0.0175482672611893
-0.0074074174073635035
