0.32392751697660105
0.30309332470110484
0.2810879803115609
0.28733543541363843
0.26435850146682555
0.2570519314801517
0.24791081735231824
0.22387368481560216
0.24532893158879926
0.19963657765771464
0.18213178043183126
0.20774271392894728
0.1830838731959093
0.17985203364357505
0.1823437685484237
0.17673073719003318
0.16024273502470793
0.16577203668391516
0.15048252220945563
0.11364279420755513
0.12600592397746313
0.09894875590839236
0.1388952473182659
0.03934063700364093
0.12263625522764687
0.08572215446800024
0.08415310856437935
0.05644541559210481
0.08545700336044232
0.07452034344002739
0.06590964972962593
0.09910833303616334
0.10905938514811059
0.00034258116840707453
0.009742172783986813
0.07064267443964567
0.04571057987719729
0.00915677578176377
0.05336730423384317
0.09095080235197028
0.008833295043168876
-0.006218898224609082
0.0003469647729670844
-0.04716490589518263
-0.06638184215897303
-0.007601854434207245
0.11163836971038599
-0.004195295473629845
-0.04777745913859699
-0.08015276641554203
-0.008002462624034812
0.011667643392241245
-0.04613923018522692
0.05159711907593917
0.07128824058500721
0.023538124722523313
0.09502043906327978
0.019950996575711144
0.048556236063739044
-0.06474062577571238
0.014609305327093536
-0.03838624014246639
0.06490236379817182
-0.006549441658168953
0.04926490798290284
-0.011398209593329489
0.03923965915901351
0.07948286776365326
-0.0038056510982262814
0.044862440412847204
-0.044518178169641764
-0.0277627189746269
0.027519312734848256
-0.024285846971522584
-0.025453739172438428
0.013310351987941338
-0.12226296293001404
-0.048244780261364584
-0.021514685261214583
0.06512848184950493
0.018990900505307717
0.10233551557338849
0.0855421921379328
0.036801296069663925
-0.1288378056355557
-0.0007929296348122561
-0.044678978266281866
0.0294575622389035
-0.01809046869719899
0.00013875851542327622
-0.04273960209830674
-0.030940942971007246
0.018782022287767597
0.04192288348461648
-0.005146782635365832
0.065768014893553
0.04466298269408331
-0.04355754843299475
0.024562680949946014
-0.01576021621888224
0.09161983248924488
0.08362107537799957
-0.0048196242363228725
-0.056935560871209434
0.1084027348179068
0.06290478274686007
-0.07678440449968171
0.09243284795714546
-0.05570696519109264
0.021502599054261995
0.028433622090256683
0.04175414779203601
0.073933879230211
0.07661994396645411
0.03999874207490517
0.05866728714588487
0.01218779262754971
0.015518501337090984
0.0054860767888391115
-0.009389945399829847
-0.008545870625442875
0.08249304641730637
0.09743515206717429
0.007240582231396675
-0.0035528874702095425
-0.10515138114711786
-0.003213177307016646
-0.0032961541110816395
-0.027413787509885768
0.01355737777016952
0.028391963180801283
-0.13721572752310818
-0.009156172320021638
0.0077636382221685785
0.03032969166106564
0.0325690617435907
0.03986926569667676
0.018777369270422062
0.11361792179976665
0.040593505142612285
-0.04584973042830165
0.04979200360076197
-0.06589218404649022
-0.09045663996288344
-0.08310120610960037
0.06497317514107559
0.017053763664206578
