0.3217817617847698
0.3059821195331473
0.29404267901020587
0.28057657253318435
0.26934912943552847
0.25964001702253725
0.2472981716647913
0.23881366493840933
0.22993157435993522
0.21832951270586826
0.21446926731917543
0.20426303409704
0.19713332302471537
0.1855094446478876
0.1792297530377055
0.17006049217333152
0.16396043565582114
0.15518434604323156
0.14529100476244117
0.13438677560279289
0.13527688539823218
0.12731461490638496
0.11757455958335461
0.11089014124152985
0.10617151855038837
0.10058119097249685
0.09050053461641272
0.0790199900229196
0.07799560374237174
0.0705072878414939
0.06488633866827037
0.0579878573966886
0.04797886072403157
0.042227489642229776
0.03499800250588547
0.03753554759693689
0.031504776301470916
0.023896999894669202
0.026810225417349898
0.02297842051828697
0.021256568764733308
0.025021654579731545
0.030098715060822567
0.0405789413490425
0.02197919370574919
0.02221541461320381
0.028654735325955527
0.024508866694298526
0.029356566349646618
0.014808733730173884
0.019712320718000276
0.021679260882436047
0.011278205352457993
0.017882951299563188
0.02304584092342321
0.02055960400996737
0.012631467029388055
0.023898602250916
0.013581237376510236
0.017473560143901612
0.0028137594245939423
0.01695531662553529
0.009977795281607804
0.021579247744051844
0.018214806507016068
0.00846907129007235
0.0001336414928325147
0.00693805153753646
0.009143453073156671
0.007503259545341201
-0.003259829657493385
0.012535390118238121
0.0030144715441519088
0.011856123217821757
0.013820094767713342
0.0015784961786011187
-0.006953321581871563
0.009325956805394386
-0.0010478060338721118
0.006055265873426308
0.009547263817823393
0.015076126036122683
0.01103815699436328
0.017029638523917534
-0.004591247819882405
0.005236169595927431
-0.0010125238830237526
0.02969849724177298
-0.0023551966062973495
-0.0016002304543273338
-0.0032927388475569863
0.009141726981990173
