0.326288229032091
0.28593654290236903
0.3131544978100429
0.29375562262288046
0.27780748174095893
0.25478770365274617
0.24491711064855465
0.24348763156275827
0.2136534784448033
0.214771138048794
0.1769144401353489
0.23027426516698735
0.18612814716811388
0.17202089670948412
0.17263875004444496
0.1506979691355258
0.17266529402545605
0.13423711509737146
0.14929505510949576
0.15619448602216368
0.1515913899760265
0.12111663389891336
0.1316487041749928
0.08638282445239792
0.09071482978477097
0.10925691327868997
0.07190618563039719
0.09117506824217753
0.0629449473385627
0.06263062709542228
0.06202358540133179
0.012057671821424032
0.08131253775088942
0.0524436780864444
0.024842969963294048
0.052823488900624715
0.05736770727583601
-0.008615580452957627
0.024611302140731206
-0.004942954107215125
-0.043147698762183606
-0.014165976995010432
0.0035768620235744897
0.021359977387570728
-0.009574255853399216
-0.034854160558030145
0.0765808495148253
0.03308144724004647
0.013205237583584495
0.029648090276371386
-0.004294911661722578
0.05144220273966049
0.029602537358731973
-0.07578530256389349
-0.014356481459009252
0.10596994667861914
-0.013822812407972007
-0.014689286121877032
0.03206842698799639
-0.008677131095562562
0.05262360898519669
-0.0005745487987257603
0.04513305716859012
0.055288116065415116
0.07635804943855146
0.02437375984905865
0.035725412274845436
-0.08010658927330916
-0.021306849971837072
-0.0016200586878613032
-0.012571606297955285
-0.012498412515927648
0.05836410342480414
0.009647620190009809
0.0776981515540125
-0.017471163348997454
0.04171810880276622
0.10042849166681872
-0.033222306092507425
-0.1276509739558278
-0.009399469750351663
-0.006132691283521785
0.05746849058760234
0.04212602391470788
-0.024020484924068386
0.041190866406685234
0.05050687186786862
-0.01618100838064418
0.02451699645672961
-0.014724337834853718
0.02622037211282985
-0.007626989059001832
-0.10540162443889733
0.016653847064826865
0.08170239302849225
0.06476530946083692
-0.053223016792999345
-0.06010999064857525
0.022683983955664788
-0.039145639563957335
0.033864944738141056
0.013221926664403083
-0.0357342928369111
0.011699270832270736
0.025454293081028867
0.054180082652445116
0.03258681938283048
-0.1404155578437215
0.036596916809772395
0.011180492761298733
0.04958682271153697
0.024112844345193896
0.04458702746260135
0.030447938979288436
-0.02075086622169353
-0.06489138240960823
0.01704653159939168
0.027248540067804916
-0.016315913227788248
0.01754045027771922
-0.022102587297595733
-0.0862431242324515
-0.012674904432849132
-0.12313010272822134
-0.0037196850781880952
-0.011454043279654047
0.030111930378163954
