0.46864998977317934
0.4522017548646839
0.4495139420446855
0.4365566809511722
0.4355737087686936
0.4244893274897541
0.42158403511060993
0.40581413069911537
0.39546565367140396
0.3884333530965489
0.3763430012010266
0.3649144445430965
0.36546723396479286
0.34454059545386306
0.3522632566573414
0.3444438018403242
0.332385255522836
0.3185453557359328
0.3198588390426073
0.3058063262328232
0.2978611551803847
0.29510262057300607
0.3120835625820432
0.2879113297289212
0.2878966284122567
0.271797811234077
0.2757652550182665
0.2689027179080886
0.2713750225849254
0.26175602068272874
0.2597187819696192
0.2673720882489114
0.250374879149572
0.25796339551943037
0.2507826389282158
0.2430717680777031
0.24230981290440923
0.24380675949071512
0.2287052713971428
0.21024059259929867
0.22106295415598642
0.22820946350580784
0.22872740845644213
0.21748568886734226
0.22582594973392955
0.23236209263913876
0.2148637364940001
0.2193408826145189
0.2215355826278831
0.21890254468965598
0.21781606720603125
0.23159620272957127
0.21428125863233444
0.20769910900916572
0.20354361921029668
0.2127159764972098
0.20224509502948862
0.20519798535298445
0.2148024545647364
0.20541628119066824
0.22245196707283243
0.2048826320616789
0.201590122811329
0.20275981650915642
0.20708705021163587
0.201742838814219
0.2040829355586788
0.20414586716285532
0.202570416755378
0.20478754124493048
0.2046581669783606
0.1997619732701798
0.2044935627234154
0.19201351959003943
0.21443639877996484
0.20561125335624153
0.18419421282306153
0.19968667674514468
0.20390263062654485
0.20246750599853996
0.19160056349599885
0.21067638582981874
0.18206063194804462
0.19416300878808246
0.20472018787489255
0.19377783316016212
0.19562422199967783
0.17481112272314575
0.1926941410447891
0.17817063906582153
0.20098996203178637
0.19589645874222517
0.17299456377259376
0.18540616292055628
0.1836420774135712
0.1829466746786763
0.19472967388142176
0.19192836182591316
0.1832395643136316
0.17991210179985723
0.17026499084460528
0.18627359168403834
0.19318263344099817
0.16500808572042758
0.1811396293000913
0.1760182051914821
0.18733441693992203
0.16586843501581422
0.20610662105974298
0.16669382312579145
0.17818781658667848
0.17432901595618522
0.16043460573580354
0.14051077067450696
0.15623820897681862
0.18541654654631712
0.18836714880017458
0.1289187453506181
0.1654789481786222
0.14688110927844283
0.16339493969047159
0.1413598820982261
0.16826971214276115
0.1412241213511276
0.167137090929727
0.14317712860164633
0.15014050708878207
0.14028299759694968
0.12745436831070234
0.15721976159808582
0.16356483355745632
0.1294586944049157
0.14037776415216535
0.16332625817857743
0.14887097714445863
0.23085604085389666
0.1376543806272919
0.12900860055501506
0.2108184583579159
0.11243635711744221
0.07749780601070727
0.18583145295832498
0.0691041763955546
0.19024529935336487
0.1627916366928811
0.1215774015756762
0.16818422016786966
0.16730602100844677
0.1894193112915975
0.17790309309241192
0.11903363997076488
0.13359193628850563
0.05681783011796415
0.11431658899684816
0.0459610210343549
0.04771487715210149
-0.10885726453037037
0.15197160383992186
0.04508985561932666
0.22390884644792042
0.10278249720617566
-0.06666968474007195
-0.4022630418162034
0.003008408101791149
-0.0556275154895558
0.27950098027209
0.08535405133990415
0.1831635577191102
0.30137672924366105
0.30360593158597393
0.19977375995692093
0.11009354805190569
0.12436339038148314
-0.017685495620271552
0.1704596865351647
-0.008551332984898852
0.08290327585273682
0.17759906891549204
0.11142099785637494
0.0985316064892573
0.12498413539734682
-0.061368603572091285
0.2096194081171528
0.15164682555710035
0.014713900755597531
0.12373775975659923
0.17713828280132599
0.12009968843943858
0.11108608551418281
0.14660400474541857
0.17381902877065902
0.13891474455488945
-0.03279844015005684
-0.11960447350068593
0.12303951641740118
0.0398455690750571
-0.06324968535494602
-0.37180800211793263
-0.11881536121278691
-0.06688062775010906
-0.0033299375853116375
0.09510066354315477
0.14187918810111066
0.16203870741565413
0.1440458102032438
-0.09904949307026112
0.15627897953679287
0.09387825861712257
0.26002391804725355
-1.3594036902647284
0.3606162595275878
0.17485126243254884
0.15541035172124879
0.40630243570681224
0.02678501702549735
0.28757787711478655
0.23601967877353547
0.4424937625474499
0.20843648551460364
0.04145318169450307
0.17010756504663133
0.008595446883230828
0.289282201203678
-0.07147529580459311
-0.019410049329867007
0.33057896426032596
0.46413522797210577
0.2820032832911098
0.008097784793627882
-1.248145067763497
0.035877473844147856
0.22837736064293562
-0.9010964888153836
0.11641474595041484
-0.06529273200672792
-0.17815128983841577
0.05445567374882754
0.30051890421232985
0.1297803027163355
0.34202755962528636
-0.1349739499994883
0.22680946508800476
-0.1086519271556986
0.08355034513741422
0.37516035163736444
0.2877214431813443
0.2285104032155939
0.28364397108727674
-0.023242463533778124
0.09195248212686324
0.09321573624375878
0.3788591813286353
-0.08226696182280802
0.15838436101293973
0.10106009444589065
0.10460940955309767
-0.07726691783466255
-0.06607076080386953
0.16299764931789962
0.11253806508198139
0.11415420874064197
-0.032566942014190636
0.18714356222877077
0.13850923112167862
-0.036041754956257166
0.11671745565289776
0.16819112763970873
0.11859704431718604
0.12821038289111786
0.12234186881721665
0.21459348986406573
0.1768443483755272
0.06985695958717841
0.15342081161943527
-0.12374380225963066
0.11867673929378536
0.10961842821415052
0.16662901674870007
-0.09794313471403482
0.16070811532596158
-0.019947080074877777
-0.0494684943529452
-0.12162168047460398
0.09613918898588708
-0.06492620161122864
0.11894842439715775
-0.03276829445151186
0.260297504309552
0.061729484894599784
0.13239308764522884
0.020917195480507633
0.19912595977635783
0.2155984788258955
0.20289076663936778
0.03144570448528977
-0.07089552265024524
-0.07449505174282667
0.02989208555067724
0.0028074802378996733
0.07708212905326284
0.20879938391269515
0.10192948630752785
0.09334533187548422
-0.02148768082828778
-0.1898784619477677
-0.05007096099848296
0.1958890868083723
0.05983039736439094
-0.014671784124781873
-0.05577172626708149
0.08115337407766782
-0.11424680561647005
0.12498705562502549
0.1807832568324907
0.025533463360835007
-0.548647926726961
0.25499920850615687
-0.30164168631133237
-0.036670162786455296
0.2905452401406486
0.0731107244066489
0.3182950894749567
-1.745273798522939
0.19332772010238536
0.38947163844150845
0.3549112304902815
0.29957692414058124
0.15983792865840518
0.17696616057969355
0.3658082495535545
0.0011344102522514166
0.4693216286956005
0.12470873323205423
0.4073046998541969
0.23828950390652837
-0.06449795643654899
0.32150387091417565
0.22996446838525364
0.23728483201138134
0.023971124726769655
0.2552357746128634
0.12058353339215899
0.09440679758353065
-0.11558352950103845
0.18148963077520985
0.10250074826798672
-0.42630507352078073
0.22458586488596421
0.44871442907050485
-9.876486517043706
0.2392340572629984
0.18903646628449267
-4.285664352806052
0.1147182574848753
0.4200759740118787
0.469566331682298
0.4907454385337161
0.22118202249678082
0.4252537232144448
0.3519749904288684
-0.27825812559368246
0.4074409668337986
0.3430847615891947
0.4386413199933754
0.4476197787002665
0.4123889094747309
0.4963580412590518
0.3867265733444839
0.47423654410724475
0.45248858532239566
0.3877075440120853
0.3083985910780147
0.40504194578256864
0.34423964065790297
0.470885004234902
0.45990831642240954
0.4962650032586116
0.43486899449786426
0.4462248478170474
0.45937757054305817
0.38441239207620914
0.41045192061439995
0.452973410300033
0.4550492322139093
0.4273326650903335
0.4748112687628712
0.47877323837904767
0.45922120074286477
0.49985891020543505
0.4698550008333088
0.43376898120987245
0.481573127928034
0.4906738341662339
0.45969248260913853
0.36330088516026937
0.32892555300807913
0.3780621861999881
0.4300406806325123
0.4996599727702649
0.4696920064257088
0.45328076593044264
0.3988814452912164
0.4916206471630862
0.4895061444632202
0.48501113705630644
0.46014988123924894
0.36823888822594286
0.487030507667383
0.48465321480560636
0.49469838848780395
0.37713130928200006
0.44821550611865085
0.4617819821879184
0.4086908979629924
0.44025391179087925
0.3460127871348775
0.4792043935317531
0.4174052597247163
0.4821699126448991
0.345752360099726
0.49350364000065705
0.43680470904864016
0.4255182574591597
0.4509589515664208
0.4375239112946021
0.4564564025250678
0.4251312854379123
0.4821592199682088
0.46324856221741556
0.40130958032154196
0.45783800047249
0.48929399571009985
0.497595066505132
0.43163083864603274
0.49272078644667433
0.4892730531128647
0.48730384127600457
0.4068616353536679
0.3974810210818335
0.3798270979674242
0.28375642397946266
0.4800419325255576
0.3110728256175296
0.4922420092789259
0.4330408412345469
0.4601699200208346
0.4714236689959034
0.42121783940646984
0.4900620213772537
0.4321912994017703
0.4706344017119572
0.48604242369941547
0.37286877472384305
0.37477817387425194
0.4864891249196232
0.4783252556660106
0.4407414131300893
0.34184513079473056
0.47265194785899306
0.4481768684173536
0.475553646835358
0.2666622632843991
0.41027331538372247
0.4740599172782062
0.4899355936706769
0.46500448007484585
0.38852070622361673
0.41120034292269736
0.36639701715223677
0.4981151741940418
0.4621215523021496
0.4751856588339564
0.4924231502253561
0.46605965626635476
0.414008489347715
0.42742535025608686
0.49753806213911733
0.43354813746326504
0.3744942755947737
0.21940662771810127
0.4227112461040965
0.43708478026144215
0.45565246230253353
0.28093929351683883
0.4351602441238149
0.4556935538388409
0.3825081500283035
0.47728765951357116
0.48324564397066755
0.4396240246574236
0.27978692648872905
0.3726699006650836
0.39729577622691986
0.42067250309143256
0.352872460635146
0.4221269686520509
0.20475607416489122
0.23255623040763984
0.4793062180282188
0.4441366152302757
0.45620359453291426
0.40517680410443313
0.4985496246974096
0.4996153572467654
0.2793062566099941
0.4407230958907096
0.3176831197091793
0.29380559571508624
0.40796118261107284
0.44816566689268467
0.37351499295557267
0.4694915531248669
0.4667585044834851
0.4313888921607366
0.4483300358811181
0.20734711115365562
0.3281847270253795
0.46259022214466716
0.36134413185311887
0.4262855584413072
0.21562347915060387
0.4685402407082967
0.44596849179101833
0.4343058383112932
0.40718384305863486
0.36386953414083956
0.4537002795974458
0.45697211303707286
0.4232443209111268
0.47896447967331995
0.4781153589484539
0.28055870907847646
0.45932877627483276
0.4155414883271833
0.4502473484882232
0.42515279122711913
0.4137580802862201
0.4872137439821366
0.38055541067377335
0.45554595158048244
0.4982897507803248
0.38688470970989386
0.4894891164846904
0.3583780368836561
0.3500186566747354
0.33436007052947897
0.4455185470618457
0.45497199700562524
0.4510545558555124
0.47466560843578803
0.43680592828041975
0.46316311569212
0.47760271973151097
0.47615484074017633
0.2414412852866623
0.4924393380523519
0.3347533985103259
0.39092602117013003
-0.31683426049485164
0.4621039719407261
0.49686779545324444
0.31427666502946605
0.47616260426356677
0.37561244781941394
0.46668777423175
