0.018873320794940526
0.019520800881017764
0.019294734873865724
0.015954839046428745
0.015087846627351804
0.01333572835285362
0.011196491404910245
0.009224705114481063
0.006940789542478521
0.00758992989438475
0.010761566305532464
0.015285897439178835
0.020740765054728244
0.026180900210336474
0.03195146349273114
0.0380091923815446
0.041979763527462785
0.044989605827847876
0.04757480452836225
0.05157322124513851
0.05437352791004411
0.05652785774184226
0.05898095523943152
0.062068612183042424
0.06501569810261562
0.06826410423569516
0.07175978630874934
0.07573342569060561
0.07933969566802182
0.0829122508254025
0.08668863342734526
0.09093777501976846
0.09523372159552056
0.10017125320785242
0.10502500256443474
0.10996036648717951
0.11452434487259558
0.11950173577563175
0.12478795501791787
0.13000582267201366
0.13570316129676352
0.1412736214942309
0.14600966703723112
0.15049366651013307
0.1550679044200848
0.15889248155678143
0.1625907172280896
0.1658881468368828
0.17018439660973408
0.1735868216829409
0.17667072244155022
0.18001732737288367
0.18411568233002976
0.18824064498317158
0.19200484709611867
0.19512582769702702
0.19819910128212678
0.20095150861388508
0.2042559298288514
0.20753649023349263
0.2112730707772184
0.21408658708489195
0.21728903077201717
0.22023807271734588
0.22311880709661652
0.22630195752614773
0.22961509420582035
0.2333049656071472
0.23686682380508292
0.24031547332329575
0.24376303571554953
0.24709868232382887
0.2501372930181663
0.25277449672173474
0.25487382169091743
0.25707271625628514
0.2594775308576564
0.2619208771019866
0.2639182089176878
0.26579272061375625
0.26794149106440956
0.26974326553652833
0.27157608023353763
0.2732268739424013
0.27607523435289605
0.27893069383222646
0.28245378673289373
0.2847245461144695
0.28646425305754936
0.28815893533896336
0.28944802417479726
0.2900660637669076
0.29124799598823053
0.2925915941233287
0.2938511239662564
0.29517362457314855
0.2957369377069584
0.2964254635410978
0.2979467676390892
0.3004388082727218
0.30253075323196854
0.30569954010463096
0.3082761116649414
0.3117641344574053
0.314745541324207
0.3180026379210959
0.3220604505950739
0.3247868034432882
0.32682268991608476
0.3288531675562745
0.33077156217175646
0.3336603873049784
0.33616804317897137
0.33856985337238543
0.3409091219993898
0.34318079929781836
0.3443781542488618
0.34503507960335106
0.34552476448970626
0.3469711452455319
0.347632702308975
0.3479053425421373
0.3492396275945267
0.3508804874605149
0.3529170990283218
0.3541863410191129
0.3548863596084444
0.3564452830793355
0.35831689118723853
0.35973383698957073
0.36119690991771086
0.3618155031632661
0.3629512538703575
0.3640262588403658
0.3655780693383584
0.3669766096409501
0.36830245109488347
0.3699337628150878
0.3716450166830116
0.37347796043577497
0.37443539187581915
0.3760987317981597
0.37739398440134964
0.37938028226755527
0.3811586115902583
0.382951111301665
0.38422750101846004
0.38570265037320406
0.38614853296366963
0.3869072546467049
0.38775358739516413
0.3880950841452423
0.38853177642468384
0.38905755024567573
0.38992513176795024
0.3915084607928002
0.39309920255437447
0.3950101747691087
0.3966297339766169
0.39841673212055617
0.40125428876554087
0.40399478660189053
0.40673594420407705
0.40928469489869784
0.41175279248817603
0.41444485513078366
0.41698552300028363
0.4201836456562193
0.42310586365159475
0.4258958073566773
0.428504566336832
0.43063379787639894
0.43272388827621633
0.43443983753201304
0.4363663673301657
0.4385439624667639
0.44049004321474783
0.4420303328642294
0.4433661172722548
0.4445087030372688
0.44565643221834483
0.44850191120123734
0.4506130967999508
0.4526921618165697
0.4547194292513958
0.4569718315548546
0.4591801622056896
0.4600523849368324
0.4609164725382006
0.46208423219170663
0.46338078085724155
0.46465437360756234
0.4658694368465629
0.4667100571463149
0.4683036225736783
0.4700988324677548
0.47182505281553483
0.47351936409828715
0.4740540248741107
0.4763675632374435
0.4825863364517495
0.48805209963420015
0.4925021342219486
0.49605860474124197
0.49740876477784196
0.4982399417703599
0.498019270442545
0.4977280407198323
0.4972663424264769
0.49697478668400624
0.49691694134377545
0.4958739649020006
0.4956818299870377
0.49538670451229605
0.4947143265203404
0.4940610652463587
0.49385701588912023
0.49360337675494637
0.4933961856820608
0.49237762887155145
0.4907158817328688
0.48915401452767254
0.48708146434860705
0.4853838453553159
0.48356965124722207
0.48135459565488303
0.47960545874600824
0.4785245985333944
0.4777935197007642
0.4766416153920121
0.4753986111672859
0.47498458833094087
0.4744111419829002
0.47374721817311305
0.4726764443803167
0.47141235234565626
0.470234156970322
0.4687175139615492
0.46705762720586735
0.46686055699773005
0.4670585481859229
0.4670208133545784
0.46690907314112184
0.46666999026741346
0.46632730406074185
0.46591908011076066
0.46612067676498686
0.46638318191785477
0.46636830600631607
0.46613591493640993
0.46488644912559646
0.4646382446545407
0.4641578529195649
0.4635127860244356
0.4628913358641689
0.4623405357963668
0.46229772908660693
0.4623696895690912
0.4619355393586268
0.4615131235633551
0.46267639169851277
0.4636437696702301
0.4648696360420352
0.4665429824482704
0.4680369101911814
0.4691584426945982
0.47012740329577885
0.4707127984522723
0.47085429052430033
0.4711369760709256
0.4718999673676683
0.47217218679563905
0.4715650236185065
0.4720701422985901
0.4725401080619697
0.4736844294468941
0.4747114601328649
0.47525333103892164
0.475090371730325
0.47584457971775934
0.47647422541560086
0.4769349452065066
0.47716794754078107
0.47803267020600143
0.4785357209275622
0.4788644846937542
0.47971407404721805
0.4811231162844091
0.48212844296023866
0.48335882485104165
0.48438686148592797
0.48534156500364795
0.4855464302799082
0.4846125736881792
0.4839453941009895
0.4834158983318658
0.48280323149797866
0.4824676718590212
0.4820889445775392
0.4814761921656761
0.4817855470402955
0.4818232423713965
0.48125757144765363
0.4811440072078324
0.48054346258826397
0.48044464070796217
0.48028132182529004
0.480510311734938
0.4807453710700338
0.48087635544755786
0.48081140316164817
0.48063726814972824
0.47923339050722674
0.47812069108070104
0.47730417714210943
0.476662095939967
0.4759161451012438
0.4758513681673326
0.4755339652842515
0.4755687796009723
0.4754807835362385
0.47623561484233157
0.4768418511649098
0.4777947793334111
0.4781574647663924
0.47783939649394036
0.4770663418956228
0.4761652919303614
0.4755316706359274
0.4752032398530229
0.47548630524407587
0.4756915437522225
0.4756041002958754
0.4762744952235139
0.47672962803956015
0.477167902649269
0.47757723162426535
0.4780269159407619
0.4782406105640077
0.4781253560351526
0.4780159718344488
0.47796031632839114
0.4782140659489362
0.4782550925393039
0.4783192792333097
0.478711253695891
0.4791162416534099
0.47933537188226544
0.4802462529005094
0.4802129477254793
0.48003599390111684
0.4799145250786955
0.4803188816441041
0.48125103524478613
0.48246786140298004
0.4852200015569879
0.4875941588367462
0.4897495762459707
0.49180247196658394
0.4922659203036922
0.4923253478559254
0.4922211492202642
0.49299392461494423
0.493614106987526
0.49413676735274514
0.49431346497912687
0.4958149461634353
0.4983524594024742
0.500490293439195
0.5024098185531248
0.5045335712109469
0.5066914276587947
0.5082528556670113
0.5098800372592593
0.5108461750173674
0.512270969821479
0.5135235175417612
0.515412055737596
0.5171787458032743
0.5187380321302879
0.51994429561897
0.5224531441170258
0.5244508460920854
0.5263275756794719
0.5280821581702898
0.5292075704349081
0.5303491862952618
0.5313096584892474
0.5320292971203328
0.5323050397038321
0.5323557395001576
0.5323644575198127
0.5323423438922629
0.5321077812899104
0.5319933702360623
0.5317623379401519
0.5314490329699418
0.5311233835046524
0.5306236047554291
0.5302005799658485
0.5298720593195306
0.5293014405036078
0.5291159389829555
0.530066914909445
0.5307975307750299
0.531471551901905
0.5317128245193432
0.5318885425116832
0.53220804562394
0.5333552702789407
0.5342802425236082
0.5359176179628357
0.5374379671502699
0.5385961975133999
0.5398641806043459
0.5407721860646694
0.5410735672701272
0.5411510541889762
0.5412677359158494
0.5413710273578617
0.5412290978726432
0.5404679636500347
0.5404279332786636
0.5406086241234431
0.5408097991806777
0.5410404646472323
0.5408282958261382
0.5408981489262812
0.5408495503132603
0.5408791975644399
0.540494253087221
0.5405835504234653
0.5406802591794819
0.5415349202088453
0.5419077267552326
0.5432132104207891
0.5441824472098687
0.5442346845737724
0.5446254475728373
0.5448367969751988
0.5455410356830347
0.5468686611664761
0.5470777442441024
0.5471003937097265
0.5469611618491947
0.5459178147292274
0.5449349519359343
0.5439681419193116
0.5430869127281444
0.5416713171031643
0.5383998876017746
0.5363346725704599
0.534336883009647
0.5323004103603413
0.5303558174150506
0.5285037734532206
0.526784964335384
0.5252848799325449
0.5239706335033988
0.5228972006591475
0.5219109503137883
0.5210728542275618
0.5201902441970516
0.5192492035704047
0.5185994020610405
0.5179423233143862
0.51734565324379
0.5176613794489994
0.5177832923867361
0.5175818422901246
0.5172367313017754
0.5167101337858558
0.5159843582321548
0.5152799243804164
0.5147266595072784
0.5141871518793153
0.5118990413299628
0.5097687676206072
0.5080308926600235
0.5067859512379601
0.5054961770653896
0.5041763397908348
0.502848067546342
0.5014822759641633
0.5002931541980721
0.4991870497397852
0.49818166292915633
0.4973324383106465
0.4964346269477806
0.49569417524443266
0.4950798495491156
0.49488344637660076
0.49470396496581065
0.494507696951701
0.49416108885269006
0.4939254816082054
0.493699130909779
0.4932536811168033
0.4926637019811732
0.49206434299651547
0.49162023339185407
0.49124867381940185
0.49103066279449537
0.490837427524409
0.4907811956316439
0.4905886365880662
0.4902142594953165
0.49056145898167436
0.4908386021943093
0.49124228746428905
0.49200902532664276
0.49282673334488675
0.4936723063867326
0.49455233725373227
0.49538120234353483
0.49610771994661124
0.49677554857900563
0.4976526420475112
0.4985108825813661
0.49981529855977513
0.5010344464468871
0.5022071019346076
0.5032042463671206
0.5041807217059542
0.5050692076068106
0.5057802263898376
0.5062904311159292
0.5066044161933155
0.5068113443138846
0.5071722878641999
0.507527720115523
0.507841606582455
0.5083102130944787
0.5088976480277292
0.5094337468504684
0.5103085529385293
0.5112380011539847
0.512194235918041
0.5132986098551768
0.5144658529867929
0.5155391175081939
0.5164251203931818
0.5171177915341775
0.5176900065189358
0.5179887291308347
0.5181397162614338
0.5181282337133812
0.5184930521671325
0.5187692034341825
0.5189089674943269
0.5189968279325364
0.5190923326945449
0.518997889863335
0.5189950360775417
0.5190625651105006
0.519070828919714
0.5192499982556029
0.519393252115849
0.5193037603680489
0.5241098780611557
0.5281885955611604
0.5315785919916161
0.5345038325873972
0.5371630847488283
0.5393732618461268
0.5412009438238512
0.54272878393253
0.5442058147439899
0.5452746727381906
0.5461362740580128
0.5468772854596915
0.5476044793319312
0.5483471122101462
0.5491927186466585
0.5499624956466592
0.5508305679317818
0.5517874854107709
0.5525968970035633
0.5533474944625291
0.5542497365224763
0.5550089172913075
0.5557388090082782
0.5563262912995548
0.5568583566144302
0.5574386744387624
0.557630233334552
0.5577907761467249
0.5579677886730807
0.5582021423593087
0.5584665700785271
0.5587522711521633
0.5590715401126674
0.5593462921736131
0.5596180042381602
0.559894563116023
0.5601989299141819
0.5605179616407331
0.5608202005610737
0.5610559427275651
0.5612949139566686
0.56130422287327
0.5612817631174661
0.5617535722487815
0.5620948573674943
0.5622639112282355
0.5625459066495471
0.5629739169934742
0.5634569643032142
0.5636351185332955
0.563597707984451
0.5636873652326475
0.563679843866185
0.5636940078033356
0.5636784078417908
0.5637177104178713
0.5640880872139159
0.5645016681247584
0.5648265115325539
0.5613275327139756
0.5576300159930848
0.5539012568896485
0.5502455444297122
0.5467749360479245
0.5436053922493953
0.5405520078559405
0.5376759466077325
0.5349875905821175
0.5325096284290058
0.5302688284338751
0.5281949001860516
0.5262712899586798
0.5245963952938327
0.5230372734187146
0.5216205594243163
0.520313867770027
0.5191792678512149
0.5181427821823247
0.5171975976610873
0.5163404586445838
0.5155730566768465
0.514903975344325
0.514314433888003
0.5138188896436658
0.5134291931764442
0.5130528692032579
0.5127185558615123
0.5124474320387874
0.5122339168865214
0.5120626054393231
0.5119007338352207
0.5118442153324161
0.5117689318173325
0.5117256959370144
0.5116930422204532
0.5116500715048158
0.5115988495625527
0.511613621526355
0.5116118060310153
0.511644454225112
0.511716034998406
0.5118263094105974
0.5119563849026098
0.5121217020166554
0.5122990766786055
0.5126520337391831
0.5129581631783733
0.5132204937911002
0.5134568329360787
0.5137202148939702
0.5139650593192985
0.5142068220318881
0.5145455327760033
0.5148451472920237
0.5151286341182041
0.5153898857570878
0.5156891393668952
0.5160195260349912
0.5162826942569089
0.516512356217462
0.5167097060595052
0.5169256940475975
0.5171282739864156
0.5173377251798932
0.5174756463036128
0.517578027006938
0.5177192005816761
0.5178365962552466
0.5179291729129553
0.5180755856162614
0.5182231588668335
0.5184077985114721
0.5186018117651547
0.5187865250418252
0.5189522657512876
0.5191336874621639
0.5193035822292349
0.519497714212118
0.519634940190018
0.5197961034209692
0.5199307030091593
0.52006296682134
0.520189847215763
0.5202761817496139
0.5203982856509095
0.520504087868424
0.5205976375815037
0.5206667468173852
0.5208278327257726
0.5209832654252055
0.5210942717612087
0.5212230870582214
0.5213253491062704
0.521638455382936
0.5218836232751343
0.5221038561325422
0.5222777688889905
0.5224233315762848
0.5225820662961087
0.5227589478540532
0.5229919759866142
0.5231816054762423
0.5233335215613389
0.5235144462980741
0.5237332053406181
0.5239709173847533
0.5241563354403687
0.5244759616017648
0.5248324048050398
0.5251045590809776
0.5253856330568316
0.52565386023259
0.5258876971263118
0.5261540182162744
0.5264069299715614
0.5265989284435734
0.5267775336942185
0.526941171850712
0.5271131282122785
0.5272461821936649
0.527314218610859
0.5273325364050955
0.5273704133996692
0.5273832498373556
0.5273582335616518
0.5273587356018961
0.5273148985014792
0.52722552642618
0.5270950418917981
0.527147607693461
0.5273517317845327
0.5276225097623003
0.5279764019537014
0.5283382752405056
0.5286975948061002
0.5289961175667565
0.5292521298381191
0.5294409824935583
0.5295452838631912
0.5296331067504791
0.5296698298910374
0.5297615199309386
0.5298164064822755
0.5299671240958737
0.530073212916081
0.5301486271672483
0.530221505245774
0.5303234286093718
0.5303860722028296
0.5303670016640287
0.5303287484637383
0.5303075683444053
0.530447742286115
0.5305815589248242
0.5307377426294511
0.530844677606671
0.5309178290208406
0.5310140743212807
0.5310502798859377
0.5311205310020743
0.5311764902938985
0.5312854692222517
0.5313711506055806
0.5314905209054989
0.5315892518738393
0.5316606364889612
0.5317943875851227
0.5319366425025982
0.532022306129702
0.5321065683381798
0.5321534702771116
0.5322582859918812
0.5322941366485968
0.5322977497635775
0.5322208176437497
0.5322559576392066
0.532261115493279
0.5323656990240696
0.5324981130305552
0.5326946126567546
0.5328591119394943
0.5329420880620045
0.5329540279654809
0.5329578690039701
0.533056767606344
0.5331363055328631
0.5332365304687686
0.5333137634368278
0.5338586062086876
0.5344502137461465
0.535053571738589
0.5355882065020727
0.5361615418155233
0.5367009293375775
0.5371550545595192
0.5375676916180394
0.5379862581204778
0.5383619342820309
0.538653660560772
0.5388564497962909
0.5389941670677887
0.5391982225222335
0.5394516647087719
0.5396602581296156
0.5397928817687475
0.5400405018866143
0.5402851086758494
0.5405208212365453
0.5408074646753225
0.5410412977326345
0.5413992178623203
0.541719457449634
0.5420404670117106
0.5423023824894991
0.5424445370055738
0.542659578713042
0.5427839620294771
0.5428248453222435
0.5430859076058383
0.5433903934214878
0.5436901208282222
0.5440275269787048
0.5443657968912049
0.5447032333594133
0.5450256581088512
0.5456303403556587
0.546257067007263
0.5467989299248076
0.5472683432692667
0.54752828099664
0.547732370943042
0.5479514913493598
0.5481792859266013
0.5483249728055871
0.5483864164435108
0.5484590386554034
0.5485263397942836
0.548599668493195
0.548665915873364
0.5487074885642454
0.5488197036863438
0.5488844038447136
0.549087244362979
0.5492562465522717
0.5494667017236814
0.5497449108087902
0.5501032556226554
0.5505238270589735
0.5508185529283856
0.5513158996938511
0.5519112451209998
0.5523430976208136
0.552814884581183
0.5532563573080884
0.5536035380946189
0.5541490942897696
0.554747296781399
0.5553883539218792
0.555963652899637
0.556588429513196
0.5572996087677913
0.5578643188670364
0.5584515175375953
0.5588988617908291
0.5594774959076226
0.5600403693570399
0.5605907897921419
0.5610532254481774
0.5619825727197911
0.562669855931415
0.5633088725772528
0.563890600162511
0.5644446322452916
0.5649618655170178
0.5655124033463205
0.5660910321608986
0.5666378997971024
0.5669748900143284
0.5673800252929088
0.5679640927965606
0.568852598382138
0.5696511966414082
0.5703819200730103
0.5709964974947134
0.5715080304278274
0.5720085879963156
0.572448345500524
0.5728418259630105
0.5733369569995783
0.5736870181971196
0.5738450148241637
0.573788194560177
0.5738001402970089
0.5738098318762854
0.5737882987035029
0.5737966640227848
0.5738517033122396
0.5738924123798901
0.5739216455201311
0.573897987347242
0.5737720670583721
0.573609695261712
0.5733899475577089
0.5731782995064836
0.5728668401060555
0.5724522759524711
0.5720570858176566
0.5716359770129285
0.5710627013237256
0.5706569342896902
0.5702055731104043
0.5697024159887942
0.5692666879768341
0.568859373210721
0.5683672954854334
0.56775139133512
0.5672009688303409
0.5667468245294327
0.5662742230211902
0.5656973141939331
0.5654074758834051
0.5651274122431942
0.5648135403441163
0.564226549293404
0.5636436204352272
0.5635260168088375
0.5634928482514231
0.5632765841035267
0.5631744019120388
0.5628503221695693
0.5625182724024689
0.562338538178431
0.5621310353124157
0.5611496143675834
0.5603767070883987
0.5595145476645639
0.558730746907367
0.558260620511448
0.557781593101704
0.5576774994705843
0.5577229661710529
0.5580233010897827
0.5584875468195131
0.5588798815958097
0.5593384779331046
0.5596758338769529
0.5599225686366398
0.5600251995553543
0.5601629322866982
0.560301217586026
0.560441917466861
0.5604428421524683
0.5605189770988057
0.560636597444077
0.5606860852085975
0.5608390989192672
0.5612430079026247
0.561712494155347
0.5622034856838913
0.5626225482800055
0.5636161589728419
0.5647733603170798
0.5657626550904888
0.566476076224406
0.567094639716856
0.5680740921224116
0.5691526708423426
0.57005412449163
0.5706573431056616
0.5717242285045491
0.5728854946659179
0.5740663776188906
0.5751376375566877
0.5758005053130362
0.5761027871413591
0.5763008843214391
0.5765824443948029
0.5764528659539279
0.5769627208149282
0.5773424350941183
0.5776493708370973
0.5778988055009675
0.5778454031816411
0.5779628205372135
0.5779630703647786
0.5782280658835104
0.5784231482427366
0.5785608399657091
0.5787064526999864
0.57888066725097
0.5789388381575488
0.5789799643673837
0.5788076767409955
0.5786711481607661
0.578889712108701
0.579097297404314
0.5790192556695632
0.5787920774367576
0.5785265873341487
0.5787023965322262
0.5783974537555137
0.5779380369299524
0.5774597692513764
0.577002092359175
0.5765947674941856
0.5761998085379827
0.5758860846896287
0.5758455938082573
0.5757040059842583
0.5754828749594793
0.575140635471696
0.5750496885759142
0.574804390163217
0.5746187114853577
0.5723135684969254
0.5704192973285452
0.5690323999869087
0.56829835290021
0.5675418745559675
0.5669170286889373
0.5662899413855305
0.5656166260740034
0.5649282598782757
0.5644822394371061
0.5641674410719594
0.563907683690222
0.5643085312341098
0.5647398586687526
0.5654351165351298
0.5662065804789026
0.5677977806065789
0.5690829375562285
0.5703050433717232
0.5721784616402796
0.5740216914509481
0.5758742132944397
0.5776101113119844
0.5796666180759705
0.5813823203736413
0.5828555656949436
0.5844168141908179
0.5858478344592851
0.5870745380901404
0.5882613654937758
0.5895234567896698
0.5908394577620416
0.5920756105802961
0.5930034558653737
0.5937854196506946
0.5984167681823176
0.6023588305876453
0.6058758843710179
0.6089129118365059
0.6114231611572349
0.6136533218107474
0.6156097512282727
0.6172645172226098
0.618638120105544
0.6199805382835993
0.6211342065187462
0.6219523345907387
0.6224361682518285
0.6230428508879197
0.6234038247979418
0.6253260114775462
0.6269042943157656
0.6283501915739312
0.6297357262795692
0.6309960665205826
0.6320948027843741
0.6331517952014541
0.634275192617178
0.6353694295383889
0.6362730913536777
0.6372468587063603
0.6378629547414199
0.6384368705362412
0.6389205841478157
0.639336783137806
0.6398022357492108
0.6401967623031779
0.6402333443485585
0.6403438481393177
0.6404534783289236
0.6406433832599331
0.640777652252877
0.6407694873565105
0.644511914251248
0.6478071472208714
0.6506571510320674
0.6531599764389977
0.6552843499597809
0.6569738766975526
0.6584100978741205
0.6596698971459023
0.660620749352404
0.6613319590958636
0.6619130812523185
0.6623567276502843
0.6627810852648144
0.6630738412231637
0.6633289199551164
0.6636450570703604
0.6639302876724711
0.664085735178597
0.6644465334465174
0.6646841473547868
0.6648651495752511
0.6651289398364914
0.6653835873579844
0.6656042077179454
0.6657793365489407
0.6658375037860252
0.6657476743030368
0.665614250177369
0.665632596025968
0.6649514485602758
0.6622032119722645
0.6587418307225289
0.6555126316914469
0.6525701978453587
0.6496891486914961
0.647075940738916
0.644641959410599
0.6425437839822413
0.6406038230110748
0.6387460886331947
0.6371192083078208
0.6357137625705899
0.6347657468609237
0.6338750472210225
0.63298408115328
0.6308528117192451
0.6292197088633035
0.6276678848209389
0.6261581677782512
0.6246829183465885
0.6232671954719402
0.62197621274947
0.6205802981950016
0.6192448254070594
0.6186322936332381
0.6181352530502789
0.6177935376276941
0.6174566169467672
0.6165025325041179
0.6157098161880112
0.6149710489840468
0.6143316593296827
0.613853847029128
0.6133848419844464
0.6137144202264573
0.6140451145288237
0.6143191480097875
0.6145880230645161
0.6147857135690987
0.6147373800773822
0.6147064852648404
0.6148905671430259
0.6150205493935608
0.6151463788172299
0.6158588415322146
0.6163420473900183
0.616641103817446
0.6168413087144424
0.6164906777748183
0.6160273569918175
0.6156863067817533
0.6154023659165548
0.6150744301896056
0.6146761125972925
0.6143027449120985
0.6138861265060542
0.6134527311075876
0.6132153999508358
0.6134220624339216
0.6133700735988119
0.6135728218875781
0.6138956579980669
0.6142732898939269
0.6144820814172032
0.6145637903528862
0.6147100996514268
0.6150395732806611
0.6151435084552617
0.6149777181461877
0.6147796886116716
0.6146629042840492
0.6146347447598519
0.6146473279236592
0.6147320742083918
0.6149051957479037
0.615034376340802
0.615185177604787
0.6152792313810689
0.6154120466674219
0.6155892513790645
0.6169320591221187
0.6180745697166706
0.6188888339322063
0.6193499001843576
0.6197587022356162
0.6201547703865602
0.6206306739779
0.6208605633585444
0.6210760056323668
0.6212984528566026
0.6215847406446537
0.6218397704439798
0.6220117658768897
0.6220115005734631
0.6221795362622875
0.622394768286539
0.6223986184781168
0.6211823523822446
0.619809330142692
0.6184451930204826
0.6170648656114921
0.6157260750925936
0.6168828356373026
0.6180585528938612
0.6191706978526874
0.6203512650558475
0.6213797246245457
0.6222641103880943
0.6232147127467647
0.6239244127898568
0.6246013497192187
0.6252037734129882
0.6259096816547285
0.6263537595762387
0.6268563602905125
0.6274042024609232
0.6279486693090595
0.628438656842819
0.6295718455023691
0.6306033053860425
0.6315481473039322
0.6323401222232844
0.6353348411205705
0.63795298557237
0.6399515116831817
0.6417133703885773
0.6432949369570332
0.6447610244896658
0.6460628076680742
0.6472905912872698
0.6484886106244049
0.649597281431193
0.6506707727741625
0.6516548126932142
0.6526585252099721
0.6535550900395279
0.6543624264063498
0.6551540669826739
0.6558838997284356
0.6564565012586747
0.6570224778663925
0.6577656494525403
0.6579873069283714
0.6582041774720081
0.6581142894025985
0.6577082447230599
0.6570886504076519
0.6570067722021384
0.6566306949316318
0.6558608044380267
0.654901118032393
0.6539672435411571
0.6532006713872616
0.652327188679017
0.6515931813277589
0.6507890865655137
0.6500255916404873
0.6494114137979949
0.6487402182970209
0.6479573073990633
0.6472047850277732
0.6465306853456771
0.6459655536396748
0.6454640168968251
0.6450101603377347
0.6446118619676062
0.6442325171067163
0.6438810784611583
0.6433715882604397
0.6428832306396576
0.6425396576443939
0.6422391016804646
0.6419273699486147
0.6416809504663109
0.6414288151166375
0.6411372071270705
0.640869319773051
0.6405828307300308
0.6404760360955508
0.640420784632933
0.6403835413086987
0.640382512956616
0.6405042797912551
0.6406379035917726
0.6434451725937338
0.6456246093705911
0.6472882155448657
0.6486268794570731
0.6497063540641463
0.6507690870621953
0.6516179345603754
0.6522844104579482
0.6528335097694704
0.6532421344680088
0.653574595746194
0.6538311653613772
0.6540260119291144
0.6541443508805045
0.6542472504921797
0.6543065677017601
0.6543810351719089
0.6544504038037066
0.6546016026747218
0.6546516763011331
0.6547113761598049
0.6548172770258989
0.6549261941583288
0.6550266383207493
0.6551074397835869
0.655149293596578
0.6551863455525164
0.6552123549921174
0.6552234293289321
0.6552092647132663
0.6551962896976974
0.6552069081793621
0.6552320402234952
0.6554224587126997
0.6556389322851583
0.6558134307311367
0.655962656270185
0.6560922438017635
0.6562483127561218
0.6563138062879112
0.6557775482528942
0.6552846580295191
0.6547880983015736
0.6543441332811398
0.6539903992261836
0.6536569927784458
0.6533378049954068
0.6530870860840665
0.6528764940009275
0.6526256651863199
0.6524054557277948
0.652117388804826
0.6517930728660412
0.6514997519053753
0.6512345962226327
0.6509615769996661
0.6508027160627147
0.6506245262082481
0.6504743654401056
0.6504115407952265
0.6504024720212573
0.650391171805599
0.6503354079965692
0.6502737306768843
0.6502318129919492
0.6501673133993882
0.6501259625829979
0.650071932459657
0.6499945987767862
0.6500053858487864
0.6500530935808099
0.6501204623489937
0.6501875871637944
0.6502537786711193
0.650320933216759
0.6504084629348743
0.650517850689192
0.6506182737257764
0.6509645287344651
0.6512679156289493
0.6516426162781006
0.6519459079243175
0.652227894727713
0.6523578144208143
0.6524561390628683
0.652596636524249
0.6527112656416321
0.652804623857446
0.6528507627253564
0.6529075233909765
0.6529398529948427
0.6527763860724269
0.6526126947330159
0.6525209051691457
0.6526431793766154
0.6528235126280136
0.652992966803696
0.6530419415545502
0.6531176146611538
0.6531746063097048
0.6532075163612061
0.6532734072965669
0.6533437394716411
0.6534265267153101
0.653555971792538
0.6536732117705076
0.6537878038208763
0.6538710133071257
0.6539484336964301
0.6540242301824536
0.6541953003023943
0.6540223564650416
0.6538010469293994
0.6536019884304731
0.6533376275294351
0.6531055951678886
0.6527845310129724
0.6525284469983834
0.6523227208261612
0.6521081104822826
0.6517870922711304
0.6514853982868426
0.6511671897779597
0.6507873791212486
0.6504921201265952
0.6502074732999131
0.6499480015468214
0.6499316756662823
0.6500439201292243
0.6500276821452206
0.6499944927356095
0.6499607145086366
0.6499474711379141
0.649944262367428
0.6499985649690363
0.6500339160751528
0.650051937556968
0.6500255149158308
0.6499584294310028
0.6505859637259239
0.6512476115569867
0.6517978088143697
0.6522950427433862
0.6527277980884776
0.6532069587691747
0.6536125502103645
0.6540234282267879
0.6545860784607355
0.6550410166149031
0.6552190010140497
0.6553912228531769
0.6555036799782175
0.6558472188368645
0.6561016059978276
0.6571569498408073
0.657975431667929
0.6586804381198474
0.660615440966618
0.662311964411709
0.6637821753519619
0.66503166938823
0.6660826845630307
0.6669758916584663
0.6675744427982363
0.6681910039088573
0.6687138283154539
0.6691702937599184
0.6696132877258137
0.6700290154132859
0.6704074323511269
0.6708414907587539
0.6713043190281396
0.6717217200527362
0.672141138758749
0.6725177845926107
0.6728101749466452
0.6730599870023067
0.673319549803872
0.6732269093571984
0.673170019474384
0.6742575858635972
0.6752744533769257
0.6761720155258767
0.6768269405988535
0.6775843454035808
0.6783250067776326
0.6788853286204676
0.6791618853264613
0.6793659101839576
0.679524341082059
0.6795082003502285
0.6795219740548764
0.6794932190112216
0.6794399391847388
0.6793806269097125
0.6793553407973548
0.6793066586894022
0.679217857127337
0.6797209155419701
0.6801397487602254
0.6805016658247937
0.681105595040875
0.6816776061388339
0.6821714542929235
0.6827315164545668
0.6831853378474696
0.6835881030345811
0.6839886984927492
0.6843799564360336
0.6847082686893808
0.685040979960801
0.6852458018259843
0.6854238926985968
0.6856260668205125
0.6856767129233048
0.6856332843664226
0.6856167895617863
0.6856962996803776
0.6858324190420074
0.6856984302012498
0.6857973240980526
0.6859958623906556
0.6862106215743989
0.6864374333372608
0.6868332476139885
0.6872002822012708
0.6873793319410437
0.6877044384585798
0.6880064228420685
0.6883335044297647
0.6886397084594819
0.689037470724689
0.6894739105065669
0.6902059870946984
0.6908581147574079
0.6914355010687514
0.6919301400295951
0.6923288154071526
0.6925504594718487
0.6927768224330084
0.6930172244242047
0.6930818832424355
0.6931384357971266
0.6932370524131397
0.693279182872536
0.6933388522095438
0.6934282848700795
0.6935704319008719
0.693707163649556
0.693786916957446
0.6938381245379338
0.6938415322239595
0.6938845544734817
0.6938100599221203
0.6948639355030075
0.6957846101005329
0.6966422828872256
0.6974095009898673
0.698064691696643
0.6986585510065735
0.6992136561197552
0.6997105729996133
0.7001301428927325
0.7007498455530418
0.7011475098689193
0.7014837924176894
0.7017813816480616
0.7020795783425607
0.7023311527804067
0.7025357010878841
0.7029097641279775
0.7031694549866572
0.7033612300688434
0.703541727834917
0.7037017315177625
0.7037908454960566
0.7040102069603009
0.7039404132303312
0.7038116698065728
0.7035695298750773
0.7030014652022217
0.702605518353344
0.70230124009083
0.702377835316972
0.7024495718354702
0.702453798519697
0.70250708837567
0.7025610526585728
0.7026423829213898
0.7027336472301403
0.7028736634296444
0.7030204480288418
0.7034914622635324
0.7039626915254636
0.7044363231639503
0.7011632810788796
0.696090142070621
0.6909878328583396
0.6861661343849954
0.6815553550183732
0.6772553147996653
0.6731911165554664
0.6693895204651181
0.6658609911800331
0.6627082076253579
0.6598735530015618
0.6573027611825191
0.6549669418995565
0.6528620982339791
0.6509292038271828
0.6491737886082676
0.6514256445353138
0.6533633101302381
0.6551249749211261
0.6568115984705892
0.658268515981728
0.6595161819839095
0.6605625532559841
0.6614645564792677
0.6622432615870991
0.6629157568079718
0.6634765576070631
0.6639261803529213
0.6643064672841885
0.6646476839345653
0.664925574511004
0.6651985282071504
0.6654445658521098
0.6657526686000722
0.6659972933010729
0.6662135709102294
0.6664148115656217
0.6666871610338052
0.6669784179733905
0.6672581193942764
0.6674869084321424
0.6677327271463975
0.667909862884842
0.6680943284304041
0.6682467057406245
0.6683229321822733
0.6683832477636894
0.668534700987394
0.6688047919815812
0.6690674468853004
0.6693655418857317
0.669721497771562
0.670399583122874
0.6710140114301555
0.6715154702857142
0.6719524085404542
0.6723366353482592
0.6726896041947121
0.6729873605841282
0.673264560033181
0.6734857015585141
0.6736521824831494
0.6737512457426666
0.6739632125837578
0.6742014705097329
0.6744130932537903
0.6780575903756811
0.6812368028306317
0.6839924075631753
0.6861622811372831
0.6880326907169991
0.6896569650315906
0.6911579531069002
0.6925409628470449
0.6937493696296209
0.6948191691290928
0.6957725014693502
0.6966453332281032
0.6966224960922146
0.6965494197539688
0.6964565362131268
0.6963421158221248
0.6962634289078132
0.6961810903278937
0.6961272082608541
0.6960979316855922
0.696081445002841
0.6960593475385117
0.6960319671835706
0.6959805643851533
0.6959636144202035
0.6959626741826129
0.6959957370323591
0.6960220377196444
0.6961039962135318
0.6962033527001026
0.6963170899962027
0.6964455052016505
0.6965778071788906
0.6967621538895866
0.69697644857555
0.6971178999847925
0.6972624683071273
0.6974277369258913
0.6976223142587942
0.6978154979850048
0.6982498652922224
0.6986682086824858
0.6991225907340579
0.6995051211022191
0.699870864470402
0.7001896540865891
0.7004747088727874
0.7007226097625546
0.7009974226447934
0.7012360899671503
0.7014888408474966
0.7017733157576218
0.7020509960289208
0.7022936496153616
0.7025470438575522
0.7029022242037694
0.7032157522406739
0.7035153349439158
0.7038184884254949
0.7040572180375906
0.7042709694971756
0.7044322660853296
0.7045720221562781
0.7046937153835584
0.7048252566046846
0.7049142897500189
0.7047997208672888
0.7047569501096055
0.7045982619776252
0.704475008256815
0.7043518237397112
0.7042178647572662
0.7041238157814002
0.7046630098213742
0.7051092716923906
0.7054943701940247
0.7058306045536448
0.706127990207504
0.7063334895368352
0.7064947665927437
0.7065608545987377
0.7066546743207692
0.7066560629638463
0.7066728582313511
0.7067044091599529
0.7066986201455892
0.7066882324009857
0.7070208540709046
0.7072832125437257
0.7078704270847652
0.7084585065658621
0.7089875252423014
0.7090689799168391
0.7091409108117099
0.7092510196816311
0.7093381873980563
0.7094135844011354
0.7093300217098542
0.709227706209763
0.7091321333356043
0.7092404410808324
0.7092867797614689
0.709479439522035
0.7097006703933448
0.7099264133627546
0.7101607209628319
0.7104317553724232
0.7106354973003871
0.7108540198682675
0.7109000095383757
0.7087350159266756
0.7066843938637475
0.7046287128213065
0.7026879637992801
0.7009346417750345
0.699321413668662
0.697827416585841
0.6964062729482067
0.6952452970547893
0.694116861978295
0.6931826722286485
0.6923165787074993
0.6915276482390125
0.6907292878085035
0.6900041953045931
