0.47064980127053113
0.45424823598743613
0.455493797319755
0.44176191937950976
0.4419658485318443
0.4325080430423997
0.42466532462282847
0.414136954818235
0.4078847903060894
0.39792784998420444
0.3929666674589463
0.38562381882489283
0.3893346529150907
0.3686860016264403
0.36393049012330997
0.3508681689336207
0.33980728293021634
0.33393144384357243
0.33542716187186
0.31631559835425915
0.3181584313145661
0.3076653365202029
0.3218961273893601
0.2949194428553156
0.3017947990512798
0.28414510823514694
0.2842779032509316
0.28510894005575504
0.2882584930666058
0.27173323981136066
0.2642449053440889
0.2706126915972655
0.2558513749247585
0.2668019691428153
0.257874987688402
0.2478447597749024
0.2509676277844242
0.24120733498741348
0.23237216941442795
0.21947103336843177
0.23060628363769864
0.22937569882979358
0.23094635722023443
0.22459527001509255
0.22367120830019305
0.2247919054806981
0.22060498578025795
0.218508752353472
0.21440630464315386
0.21571292442467882
0.21531274837552578
0.23165116978320094
0.20376678948312682
0.20706624157898262
0.19578335505652994
0.2111674202606415
0.19944085630304742
0.2010067603432869
0.20782568218397096
0.20213604685625108
0.2150463175395952
0.2039245348677569
0.2021047899433282
0.19419296513672907
0.203620146528668
0.19782753090240518
0.2010280316537305
0.20120279646765205
0.19613316175919426
0.2006593715339539
0.20040645953098396
0.20149662649466105
0.20796708907169692
0.1862389126126487
0.21201039708575103
0.2111642256656911
0.17912344720580897
0.19675981547231697
0.20356075931945772
0.19549499595006226
0.19286688870982632
0.2040004402803517
0.1815390478222102
0.1922129942753869
0.20167227692790168
0.2044970096253076
0.18273180337675643
0.17054372458825223
0.1912778551578942
0.18410334849656856
0.20035393127424278
0.19861925755318732
0.1758054341162935
0.18485117394559591
0.17537275728523738
0.17792906469812192
0.18772024951984695
0.18746474784283135
0.16652146181983568
0.1702840551707122
0.16259942140621392
0.19623401962694287
0.19042953864739087
0.14898940924585974
0.16993750967590698
0.17123569953422774
0.18126463860334224
0.15189685584305695
0.2176839736442519
0.1649004905647684
0.19106547269685914
0.1629196055599138
0.1493675287718807
0.1257758574191779
0.16533608294030427
0.18473377238459465
0.1834714506243284
0.1030526708130467
0.15603627052478553
0.09564427713200008
0.138103715810326
0.1418640309708808
0.15282661846742335
0.11385143911764645
0.1508726278571395
0.1549617038990101
0.11846870612320248
0.1307853777538327
0.11733189899066904
0.18709671064357974
0.10361544959873592
0.12338154765799464
0.15142673596312406
0.1725013252831425
0.13966394381676256
0.2530511805359469
0.13254673381759807
0.12798044525787816
0.24123250602136836
0.08539354609977257
0.06407179249569295
0.17526420555037053
0.04061203809954317
0.22273351914682177
0.17557626636445106
0.1381982974342459
0.14792971867224958
0.15230911450927687
0.13308626728357537
0.16570831177554018
0.1298976442037414
0.17482020668108084
0.09358338917970166
0.060048072494640115
0.08908118940156001
0.0354042185347036
-0.014501491143489198
0.14209676661561632
0.024992531013734776
0.16274575525240054
0.1161066779469665
-0.10967279402845409
-0.10794779296402646
0.08819342296504701
0.07833181542475487
0.23580086771274628
0.044114208130259014
0.22117056365807702
0.22112129297862299
0.2387268334487228
0.15332529252254196
0.10659622579290368
0.12055860990973272
0.15929050468822087
0.12103013571339438
0.06918389938930991
0.11010487985963935
0.19574178840628514
0.12266180514069086
0.12028308491391065
0.11902006090261563
0.07066075304837305
0.23229102281695785
0.18642603179725298
0.061985702524803676
0.12987049937350065
0.17278683650678528
0.1453861118660547
0.08060042887937557
0.11571672716637355
0.19074443377888117
0.17265391872746216
0.05236809151718813
0.009682514483615512
0.1653147831732114
0.08465412914145698
0.055967452253472605
-0.09071054606611795
-0.017041201676456175
-0.014198180091164025
0.028454789118562085
0.1303023035969652
0.15552889726814106
0.16026280004733368
0.1946906405790404
-0.10157200405923328
0.1067492389207147
0.05293210760363737
0.18851167945458808
-0.4985885391858258
0.2606802682490921
0.1073396101509056
0.14164169395684972
0.38726997176119904
-0.025904107241059404
0.1772039327815682
0.13563137953280918
0.14700308698117182
0.1288759002898457
-0.15119832076323336
0.11281270584346376
-0.09268938586471998
0.20631108002865156
-0.1301659248226924
-0.2442615477841329
0.35523414134435083
0.30439373783032486
0.18915565695533532
0.1584502793740855
-0.5655760126332205
-0.013939654533618673
0.228530486369647
-0.6161225534789649
-0.03865216751406242
-0.26994618090055267
-0.024221273868417992
0.2126228797696849
0.26944862688823346
0.27621196866160136
0.43141663386967527
0.01674122148662921
0.31385842535764996
0.10247256684556921
0.23033566034653424
0.2618630196393094
0.1975384074522456
0.14592158625015383
0.16712965760776777
0.1302184504460167
0.20291771472285725
0.1718521293001376
0.27226061259446405
0.11108705341160857
0.14715454267457434
0.04160228635658597
0.21248115798442924
-0.06097872176063435
0.00664413337501929
0.10252478012730964
0.07255287108964065
0.07191813287245097
-0.008877293843533529
0.16083013025601106
0.06169624907967092
0.12092780678217968
0.0006738068014804366
0.11154006031140018
0.09077481903490625
0.1507428547442929
0.14224950775374529
0.18638002195781123
0.1119994286380685
0.05692310286056973
0.19272522124373892
-0.09256260222715762
0.12440053991868433
0.07663924608503969
0.1778550661573835
0.08920233812970435
0.11485501569031109
-0.012859402314094326
0.06293153222406789
0.19149876210947547
0.11553061520311225
0.13914250805750578
0.12265657129708524
0.066562139398601
0.24631143963687885
0.1491196980478664
0.08782692547785742
0.0324996614315638
0.1678192382253627
0.13245721645696784
0.12843639930740958
0.11980587095058359
0.0516511099508134
-0.06869341083952452
0.0060781277052808225
-0.027756636612298546
0.12740283438601835
0.21519301609546998
0.06645761514062537
0.14214489882051912
0.06599279574516209
-0.0876842314869043
-0.048566049824243174
0.12875499807990504
0.1684230789264226
0.015018129712008554
0.1394972018999806
0.06822199793568817
-0.04589814854461216
0.17221772391445522
0.2186729687909843
0.10412028693342812
-0.07842307256987036
0.2456290924498183
0.06936162367138926
0.0535703273050841
0.22455291903219088
-0.018388370403911614
0.20310922248121266
0.02710000876670643
0.12472283816412166
0.0916356669381923
0.043510667487831
0.22607736115121901
0.04228028377337745
-0.11794023621065419
0.18418535470714975
0.1808198738655732
0.16006156471853467
0.09771181119247863
0.1435437786308908
0.03390232699891005
-0.009855518787843964
0.12531784092451848
0.15704712117578656
0.1559413267911161
-0.01788234232946695
0.08699962037685904
-0.03648951468549211
0.06836541182875783
0.0027144453384960188
0.07358230660476123
-0.05856575175151357
-0.15192926755249092
0.09707966258456258
0.26607941512219435
-0.03595707764076694
0.14089801932038787
0.15715536205580732
-0.15991295287646234
-0.03715235725881716
0.046026400198287576
0.15498239384728268
0.18846602052881434
-0.07336851981138603
0.20359534446719985
0.26742489516596035
-0.7897110619154202
0.00609933182046718
0.07864119173696521
0.07661627030198875
0.25001617982205615
0.15621386630347384
0.24919467218360492
0.021341299838143202
0.17051437133514946
0.0464600092779085
0.07728434063809403
-0.7713173289901689
0.19625430323388965
0.13835479283449315
0.05356797760817378
0.05562481083023563
0.3008574716892011
0.0961609913647371
0.12839111070353426
0.12873085138651624
0.2766589876198743
0.13874582910742916
0.16452702451759393
0.01817463741705666
-0.046090816505601984
0.11682793772255301
0.01850834226799597
0.17377524972146335
0.027933196753915424
0.0374541742515625
0.00461488871054111
0.111507082548575
0.17125111646523794
0.14848289047745478
0.022688657513458443
-0.11654730138868785
0.039718107754138254
0.12332977463312667
0.19904172887806837
-0.03115380386017308
0.11119064850434174
-0.4246830846239179
0.23711672072270706
-0.01891196767650949
0.24001583129007825
0.1459123043358611
-0.012729599486708487
0.12481764510665311
0.05785548215940134
0.0665682106130363
-0.008161731167902198
0.02747354964644466
0.1464967560349812
0.17934262242056714
0.03000276981808009
-0.10736780956320213
0.15603420426032188
0.18500570011098372
0.22987442446323342
-0.08423203337738239
0.22676401600898827
-0.07321451163865522
-0.049553425949850016
-0.09062182644051331
0.11216772689277099
0.1210350139526355
0.048550951002769516
0.07398276729095227
0.19072435858015024
-0.017082564415309975
-0.09527951180633343
0.28534590074383115
0.0747382580670844
0.17194131360328463
0.1646944787182319
-0.23432316985940416
0.11874001653943755
0.023502111318708108
-0.20896000117520253
0.0665217063357737
-0.7061938073465484
0.2060306065880807
-0.35471607700757246
0.19027965270549468
0.16925995099034769
0.13299870342998577
0.2997608500062591
0.17111901413932468
-0.20823585153802315
0.2568115951686938
-0.4704051300538583
0.24801924307812945
0.10687205111627152
-0.06482677387106295
0.18823072950961106
0.06420625558793147
0.15756754247588184
0.18222497281084654
0.26519735543474354
-0.05509479852540844
0.135464860325899
-0.18550997497352006
0.0716534349931986
0.12589912933183378
-0.1064432570199707
0.1885208761847863
0.08191537264905013
0.2335854734504147
0.014723047550667001
0.13501404649325094
-0.10251407150417546
0.12271567885706514
0.25886276046063783
-0.1102688738126889
-0.49600768714338483
-0.15062094356160305
-0.07722085221269248
-0.0030564265111759914
-0.013953323719763877
-1.4426279268805737
0.09215317044447646
0.2038559124150922
0.3892111908423892
-0.026704864943467133
0.11040170177139602
0.2729515120597106
0.15616259679832178
-0.008205342697742979
0.3065045440232723
0.27221361994374405
0.06651895259365881
0.3499669606195338
0.19921590264535288
0.07453910852552803
0.24992582789089623
0.2323072930431801
0.05260965314248722
-0.07473999669480647
0.3520185054896958
0.12189037931234697
0.09516220563232108
0.13873684678227305
0.18525379136578968
0.09329753066802743
0.24781114423052436
0.2225748230309979
-0.16721497767915083
0.25796964722471716
0.0871900355247891
0.06804367156573166
0.040132813715366644
0.004293919668884982
0.23796935783362777
0.2518000908530125
0.2892088617017682
-0.3229798378131561
-0.12820249576432086
0.10061159730682073
0.10613835865488519
-0.01454183532661979
-0.08936016380803036
0.1257346351486026
0.09859920894589003
0.15703578744150715
-0.017243722476676604
0.01896540365452304
0.036750093457463606
0.17253401669077817
-0.009094620916859864
0.1399083790677535
0.09261466317438183
0.10248822682360792
-0.2565674303779164
0.060879055629428025
0.14588139497937058
0.07408192077879827
0.2295322410584038
0.2309661530897973
-0.044573574758736356
-0.0049253472303741885
0.18702486890502984
0.05627287445444784
0.20943728799240408
0.21506258072506523
-0.15040045433385008
0.11107134070642155
0.0682805889159972
0.04925963022689883
0.22856841761971025
0.006066222829136714
0.12074652108167833
0.14870099965649608
-0.131070131033041
0.06960939124232896
0.020407430828595474
0.0015265429383905516
0.09888884389178937
0.1934622833685033
-1.030222987438507
0.0926523250367648
0.09252359401899496
-0.01086488499017113
0.2787101249091345
0.16634623652893954
0.2783262429939761
0.09537644690846597
-1.0396921910998762
0.15909380465012174
-0.09010133570350631
0.08639315078385684
0.17867451076642937
-4.298665447998484
0.47965246755325935
-0.5964631255805268
0.25596137429661636
0.2877656368602562
0.14986567828268688
0.3292042726769023
0.48492040683688065
0.46612263654427916
0.4401691352530684
0.45086246259806445
0.4883627323811493
0.4518432424137965
0.4497517722929191
0.457514316960703
0.4818535333539513
0.4996909812096812
0.4322430209835808
0.49130076159998926
0.4072501725798622
0.46140164390911576
0.4615772170726514
0.42218813605207905
0.43674888019768054
0.48144363559782666
0.4914878570033229
0.4847832423469228
0.46292663547912777
0.48321712902187397
0.4806822245484571
0.4948185538899248
0.4859942223468153
0.49704258605183055
0.43259600206228804
0.4979099117473867
0.4953534574961146
0.4246768644883516
0.47217073587142183
0.47880487670708616
0.457676653585541
0.4752251065319522
0.40733510914958726
0.47693622453294
0.4541198875548601
0.49022319337496995
0.49320451925474945
0.437649151247375
0.49283921098489647
0.4745872955810162
0.48826833915492895
0.4680944045322616
0.4384382940340834
0.43074139896795205
0.4610285870265061
0.4690453788659186
0.42912848640400786
0.47766324740268773
0.4457606222271543
0.478697310948038
0.4614568062664712
0.47779525907398057
0.467223254409671
0.4500551711253738
0.44571327830477225
0.3921379963508269
0.4257810703832375
0.4801040280600636
0.4729798961302304
0.469782435186773
0.4927930594136038
0.4229882617036951
0.42046016105132544
0.45309269156739557
0.4166706121969571
0.43325183858698124
0.41666116950598786
0.4466063021225784
0.48857343722003166
0.4773236524895694
0.4169476871979538
0.4399861249212603
0.4205637218724062
0.4246350556246044
0.41959332089308365
0.42269183707152524
0.43716711893042437
0.41573948910838254
0.41953463447364747
0.42810236137176044
0.3827198256123753
0.434850381306137
0.4774512521709588
0.4686762672513197
0.34407950199893067
0.4242809716924607
0.35890377417686814
0.39317894593375324
0.4078263991313198
0.4031568053536909
0.3567943613618909
0.41356323959170094
0.34867289827831327
0.2822332166494772
0.42968013401359234
0.37884815949332823
0.3479386273822693
0.3297331329397961
0.38867196017249417
0.3353044048199594
0.37113931468139905
0.31561874847803406
0.24569351628731445
0.3638999600617734
0.36841497779267285
0.2454720030132871
0.3248295461547607
0.35999229916948894
0.32109942003299186
0.28992449555869065
0.3588774513763159
0.33482230291831305
0.3460227589224243
0.31969286130509134
0.3071076633781227
0.3322235541016699
0.2928196819474403
0.2917435890477681
0.22319371161658763
0.3291732643814392
0.31160759225896023
0.26961757896403366
0.25308371834779386
0.18070818481363227
0.2549609926463672
0.2980383673721406
0.23429443378216347
0.2958511315386809
0.2453827221634719
0.2971444752150352
0.24376124520866715
0.20762902093444807
0.18440338717865007
0.29921026786290805
0.256376002365734
0.15774134857234334
0.22478344495237795
0.21589049048725617
0.26931953010804793
0.18643254099692635
0.20768354663568805
0.17296419301418337
0.2513865832450866
0.20464897358906653
0.2561987523122248
0.28924418586700296
0.2491749819582933
0.25737293993813737
0.2094316063788918
0.23083663793460707
0.19560296439441793
0.18472782442308489
0.19571103980771498
0.2804454521706917
0.24474277975969633
0.19706823072127
0.2375756497076844
0.19304124625732022
0.12733525016572889
0.27795964630454023
0.16488521587434424
0.20608277807173586
0.2490310612808983
0.18801252003834928
0.19372306150243163
0.19682089629637206
0.23160696149720544
0.18949711891929766
0.24160525403579636
0.18784434557749857
0.14178067217161594
0.20888787230234884
0.2629076097697748
0.12325584786086219
0.1967691144486819
0.20714806286845655
0.19704037233455224
0.2399021358105195
0.1999654323732909
0.1583665358489374
0.18786599396098413
0.1741379539068596
0.18790341626108575
0.2628704718980342
0.15569799571257642
0.18249559153633788
0.12833906774508413
0.19581452085788148
0.1496042912097465
0.12927052087865998
0.127135726702245
0.19266627548405652
0.1289937548056005
0.290795386778753
0.18705343839562333
0.15702045415537963
0.19223899792005228
0.18703436507136378
0.22267133251031423
0.18055367260687732
0.2070092485847519
0.16033240901666174
0.20168150695343728
0.20649906003198532
0.19816836892245526
0.13329746268120973
0.17341173882753513
0.21079207537417788
0.15402909301437223
0.1575438253664092
0.17092003962944385
0.21792638837386424
0.1884810701447468
0.14591271773618447
0.16408622355963476
0.16164630461822438
0.17124600895425762
0.273913227367949
0.16978801781279051
0.12467836440143232
0.17849806894614317
0.07955804083059181
0.09340955434703724
0.23276624890765418
0.20363208385834447
0.24003835448941818
0.11587332753173674
0.1411908923616479
0.22292528432039682
0.17078826392364665
0.13997953297127297
0.11543952157802279
0.2895353342940893
0.18761214593937237
0.1260700982894727
0.08934559767096706
0.11005401693946454
0.16179751195423164
0.17322939292304357
0.17491899584017379
0.1268421945604286
0.061837916705208884
0.12618588048246415
0.21385994306709655
0.15623289407192875
0.26022120128861836
0.049534857542796906
0.08071534803343505
0.21159714921559036
0.10826629905075058
0.06192932929559197
-0.012825147623173438
0.046683564578793135
0.1708028781140723
0.12451932049676595
0.0909071864816095
0.2553253012249107
0.15998911477994043
0.24252942710307096
0.17280797807449744
0.17909519413795044
0.08598624755103373
0.153309917962339
0.11747537817650655
0.20175767776580905
0.2505210473049032
-0.007232471144452801
0.17009168353960658
0.15070623141071282
-0.02925159247691722
0.23322610682432116
0.16546473952675517
-0.06401208171526229
0.17690481737001035
0.1668706486265671
0.20937267766390183
