0.014494636460696642
0.015730968516047578
0.01661701823913153
0.015727694331127254
0.013990784500339807
0.01191072312387291
0.010402100113304906
0.009780369082120216
0.009572539671081452
0.009653178012884152
0.01091526477426229
0.013108824621092217
0.01645251477667384
0.019716332825798724
0.02334447669444375
0.02714664039089295
0.031131367355732485
0.03477885164114927
0.038336898096944835
0.04244118823752785
0.046492484290574426
0.05089246953261905
0.05565351835012691
0.06089912797683789
0.0664233083830262
0.07218949770372735
0.07772222408871444
0.08341432048594448
0.08928491967632092
0.09566985980916494
0.10218609603131769
0.10907193750236782
0.11611220753259732
0.12306297376638148
0.1300025541576319
0.13685870309176512
0.143832533520356
0.15080742747424244
0.15782754951561087
0.1647420361141402
0.17120069327068171
0.1771358650453514
0.18353192520204326
0.19044654706664788
0.19751469941885488
0.2045493381953941
0.21116000746443644
0.21785223609857557
0.22447495441183038
0.23111520497293744
0.23804521053195804
0.24464176438306334
0.2511276977906323
0.2582115128616663
0.2650498759054234
0.27202691149262265
0.27901669128631945
0.28598921701556473
0.2925760846714576
0.2989493550763701
0.305429618786813
0.3118941955318941
0.31769820854100483
0.32327939025017405
0.32919293645991926
0.3350569213889412
0.340874257337731
0.34648975015719846
0.35210010731121955
0.3574140547312914
0.36293034073593816
0.3687275074075898
0.3741603618756265
0.3793179894565203
0.38457143059035676
0.38974507478223014
0.39470785667894387
0.39952453611384936
0.40443039454591323
0.40971792879609314
0.4155548474086595
0.4206329001208241
0.425626867125007
0.4299074304969891
0.4337976327685758
0.4383261240468217
0.4430741083541696
0.44789606083325495
0.45318042985156515
0.4583295787003701
0.46415445585351645
0.4701463610521772
0.47696547225834196
0.48376470239851666
0.49085809224111504
0.49794108385089186
0.504880477042869
0.5121100901588878
0.5188324637289864
0.5256649812321817
0.5329769954167858
0.5403819315803301
0.547308501832871
0.5525636595449499
0.557638506017508
0.5622580479867546
0.5683994858811529
0.5741836221411135
0.579652819039502
0.5829759005527088
0.5869570815995325
0.5918678448679399
0.5949577501083303
0.5980698438680085
0.6017505481755328
0.6049330319136961
0.6064990895397634
0.6083463468778448
0.6113468075829696
0.6137791124939496
0.616089507075535
0.6185721915917348
0.6211580993612227
0.6228292964370548
0.6243796464513621
0.6271128094525523
0.6269741278780994
0.6270063428998448
0.6276139532802049
0.63228432727734
0.6351718868000867
0.6379431270844222
0.6383166228556102
0.6373922657081295
0.6348446084414593
0.6333099808285851
0.6310309607925426
0.6289930029153938
0.6280269354429511
0.6268899817090517
0.6269175567613947
0.6279746525468907
0.6295788487390446
0.6323145357759027
0.6348961437003123
0.637756940863133
0.6410138527543463
0.6444084726956103
0.6480722006995114
0.65176693591034
0.6556599182101659
0.6591066261662969
0.6622041040381264
0.6655337046520117
0.6687232382462289
0.6723782342324263
0.6761248885427374
0.679947526276047
0.6835000883650583
0.6874705523049093
0.6914515449384678
0.6952540515257051
0.6994603155687031
0.7028622713623868
0.7056729870823101
0.7089099027904454
0.7120380372259631
0.715404771388919
0.7179307480683816
0.7212585555930027
0.724975982341369
0.7280306324607914
0.7317827699617571
0.7350139126084642
0.7374603257693269
0.740135726849804
0.7441582947971566
0.7483440270723395
0.7520646904407847
0.7556834892990063
0.7593964629852036
0.7628704878705549
0.7661084728521743
0.7692576825669885
0.7716811376754272
0.773714701525493
0.7753647068349194
0.7769067140164398
0.7778388136104417
0.7786275618828877
0.7795350138022995
0.7799692705638216
0.7807255833531563
0.7816372586059896
0.7837700495173098
0.7862202354834285
0.7890116789766298
0.7924485949617508
0.7946481571456901
0.797500165020347
0.8004185001365254
0.8033751773899892
0.8061524448079329
0.8084689517048927
0.8109091662700715
0.8137955625270481
0.8155891018013441
0.8171880373810521
0.8186964663278532
0.8204037175348355
0.8221232909398842
0.8232848235582703
0.8247066776654917
0.8256805137440796
0.8267741326469311
0.8287343755574279
0.8297412839418815
0.8300526091464574
0.8301602085167146
0.8305778623297341
0.8328908203596257
0.8348317534352944
0.8385812129673894
0.8406838111157251
0.8424773144471231
0.8438524454406174
0.8452125292940644
0.8462291583102904
0.8470707936592365
0.8479719463418326
0.8518823148326696
0.8544270671123937
0.8556610089265366
0.8570664408899407
0.8582480709249757
0.8595825395917321
0.8609860429786297
0.8624726577565788
0.8638548345385996
0.8651490836573614
0.8665345633822854
0.8677763360094942
0.8688308184500504
0.869522622057967
0.8706086624103921
0.871523192156118
0.8723609743600658
0.87318346697101
0.8739311679846252
0.8745808018170197
0.8752217293553143
0.8760687018568085
0.876774675523936
0.8775052193567112
0.8780331798967054
0.8783681202432257
0.8788098633338672
0.8792030489551675
0.879798219210389
0.8803960009937727
0.8809758698835439
0.8814178232891313
0.8817241173855773
0.8819323425528028
0.8820430996797187
0.882250679821601
0.8824054391525484
0.8824926421640608
0.8828039490941154
0.882881675545177
0.8830010856582632
0.8831912563384144
0.8832858200350961
0.8833454476183397
0.883485457329075
0.8841181413756011
0.8846198453590324
0.885092896280723
0.885560888775828
0.8859403794337847
0.8862716822237634
0.8866837695896574
0.887096869661857
0.8877082998337756
0.888205222682005
0.888536769217372
0.8888668820753601
0.8894269594497503
0.890004118491361
0.890652096152959
0.8910967377416283
0.8916313732581721
0.8921105643098233
0.8924467184781094
0.8926090576606416
0.8927288908513517
0.8928400497797914
0.893312946203684
0.894041065331213
0.8947363395405418
0.8955432426671485
0.8963945553234502
0.8971487855074658
0.897852115706839
0.8986287287894439
0.8991468055850715
0.8994973684459879
0.8998647570568025
0.9005975063184627
