0.010470621531588202
0.012498305732975747
0.015302818177636644
0.015301270743236303
0.01430049624893432
0.012160808631686322
0.009792383539081798
0.007824095486932702
0.005651141260443064
0.004124461004119173
0.004272113956505599
0.005548659772082229
0.008258450350207698
0.011169028179754296
0.01418972356507097
0.01774316612055816
0.021745751105129843
0.0258339322611048
0.029932970792508874
0.034731859779971605
0.03986916804563646
0.04557836887528233
0.05192581442454531
0.05879974245224096
0.06581880136892003
0.07299251198650421
0.07984283212338608
0.08695707356610552
0.09418184864116551
0.10178938137764972
0.10933684647932591
0.11723469843358011
0.12533680834999747
0.13330654584160553
0.14117369875255428
0.14891739233955836
0.15661571235138894
0.16430627011778123
0.17210840622620902
0.17981505425872246
0.18734477243274633
0.19445459852284722
0.20121612454014454
0.2076846483453956
0.2137444797418967
0.2199359125629844
0.22591501672662456
0.23204538969871033
0.23774884186349382
0.24328539576169003
0.24890818481979726
0.2543248648007161
0.25966978707143173
0.2649394152653295
0.26965759173943726
0.274837485669743
0.2801941328466105
0.2855434920125046
0.29091288972615864
0.2960869984658283
0.30134824288383316
0.3063116285904779
0.31111818813503783
0.31608816298759057
0.3211916351797494
0.32607063668735664
0.3308965935547116
0.3355208802975287
0.3401256712194197
0.34460830460438535
0.3487266613973762
0.35308522317769925
0.357387611519664
0.36152311721920627
0.36559174462742877
0.3693177235766619
0.37291429614745547
0.3761842506841919
0.3794819034813139
0.38294310128834036
0.38656822017493364
0.3900050648540247
0.39335988644215686
0.3964699989471102
0.39974953799104984
0.4032478016350241
0.4069807925209771
0.41061836859971845
0.4146387363194917
0.4184669104016568
0.42281701367417734
0.4271820247458624
0.4317899700803579
0.4366613181899937
0.44173123399032405
0.4462304425076709
0.4503892648963679
0.4546111751387687
0.45939219625050953
0.46452836323498314
0.46984133914603754
0.4754463306216226
0.4806350880862264
0.48578997072412006
0.49072836733758246
0.4957044470333882
0.5008895281353993
0.5059707058685363
0.5110214703371071
0.5153112663082826
0.5197165464486733
0.5238507499377203
0.5282442694320287
0.5320138225842143
0.5355677419826992
0.5386881414078882
0.5419584460661563
0.5453994437224489
0.5487583915052445
0.5521206814741675
0.5556552539771625
0.5589252531582308
0.5626685339727997
0.5666168029992978
0.5701182453860429
0.5738160314559564
0.5774311135685595
0.5814732734087376
0.5853594258676598
0.5892605789680344
0.593390889867081
0.596875023599115
0.6004798619540764
0.604518854563931
0.6083063967294504
0.6131213509773953
0.6194019155945328
0.625861420322273
0.6327771496900688
0.6390131834714677
0.6454830114084614
0.6519983006366055
0.6577807408089198
0.6638085223315298
0.669942248062613
0.67593436882452
0.6819470071977733
0.6877570157945971
0.6931993522610937
0.6981087526686287
0.7024982563415028
0.7066579961170778
0.7112316559337292
0.7160420515531186
0.72019819456731
0.7247446506794999
0.7289971681341609
0.7315158349162943
0.7343188893306021
0.737190048002669
0.7401857633871964
0.743180141468153
0.7457289654641488
0.7484290299838641
0.7518649265055563
0.7549587224650889
0.7578903060729686
0.7605567243065263
0.7632014775794805
0.7659692701425292
0.7679299447421941
0.7700997330701784
0.7723732328409486
0.774461985571657
0.776449594551682
0.7784463107240382
0.780754466737902
0.7837843715844836
0.7870290196165599
0.7899132092105312
0.792835322790054
0.7956570820991922
0.7976639292840347
0.799551737240075
0.8015003514372605
0.8032642486121389
0.8052391170466845
0.8072151229139897
0.8092722920204432
0.811341283323785
0.8136190584018268
0.8153449178992166
0.8174518833334399
0.8194176156287598
0.8210156509890321
0.8228263543948283
0.8247414516970081
0.8266682803427611
0.8270856658663155
0.826986802579362
0.8273722359888955
0.8276268939284855
0.8281882082211676
0.8293319034971878
0.8312216466379658
0.8335036704145188
0.8358455540522464
0.8378735950134568
0.8395905654135138
0.840855130717592
0.8411324885886632
0.8416856895943704
0.8426298537819134
0.8439803926983661
0.8454991110828002
0.8476096590276374
0.8500260163536372
0.8527658004970934
0.8552658204368294
0.857779031216442
0.860320992414619
0.8624827684241768
0.864300273461287
0.8658243647478587
0.8668724600963194
0.8672323544643701
0.8678048769709731
0.8685354851706916
0.869199115463829
0.8705150040226054
0.8713583682334718
0.8718163243569005
0.872464793747099
0.8734949254951495
0.8737123900106238
0.8734341158723051
0.8728649514158119
0.8727158881299422
0.872760648605459
0.8727998518586337
0.872879883826476
0.8731963750933406
0.8734854493674651
0.8739788119858806
0.8748228827259558
0.8757783785522927
0.8767698898719648
0.8777514491267583
0.87860852793442
0.8794779111344949
0.8801678971654573
0.8808760698156586
0.8815294576652413
0.8821385312581796
0.8826243894161896
0.883143834147317
0.883521583886017
0.883815643006287
0.8841701007430665
0.884580137868797
0.8853354040990125
0.8860056466344249
0.8865892735941276
0.8871348091838672
0.8879311853383259
0.8888104697983029
0.8897034699541634
0.8904627194206237
0.8911105269361037
0.8916784738522608
0.8921636322837551
0.8926735074634932
0.8932949472557288
0.8938358217975748
0.894337840758795
0.8949102252447917
0.8954748263538697
0.8961051282268947
0.8965820844910349
0.8971577717560356
0.89783501415649
0.8983615554943016
0.898901605978813
0.8992583152580149
0.8996169313189329
0.8999476538506103
0.9003158280573265
