0.4679965113983561
0.4518227365903795
0.44997385447262556
0.44087419992728316
0.4377235580186794
0.42919335756473154
0.42455987835436476
0.4166548465641683
0.4108561441254813
0.4001184028191847
0.3907679496464422
0.38661691021434186
0.3809279029371632
0.36752284524250106
0.36074485704876025
0.35780888649702536
0.34525084652609184
0.3454131612000522
0.33863534755823677
0.31494169855199916
0.3213362466191566
0.30232922394612827
0.3091609249410145
0.29251807155692217
0.3030756300470998
0.28086180632634544
0.28498763553574025
0.28329316043398795
0.2840111366342818
0.2690284258027014
0.2690044734853043
0.2622785080924319
0.24720636164896254
0.25360831250393157
0.24867913009786363
0.2371480727261448
0.24057499557579465
0.23113928694156194
0.2351919504195647
0.21797638200296277
0.22494042550930626
0.22889834899016964
0.22272235766953657
0.2219240787425788
0.22186656367471613
0.22200152950371965
0.21604096616710994
0.22044261184015485
0.21999386104520952
0.214810973608572
0.21240359602735215
0.22619902276399811
0.21237274249503957
0.2122721252559715
0.2000501606537411
0.21022636696252445
0.20424652832184875
0.2049246712113303
0.2185805129747156
0.20532452584279665
0.22366721628372038
0.21962155493582625
0.2110758812355098
0.20420023277926252
0.2143319688793084
0.20720020620824875
0.1991850205674574
0.21441976341648628
0.21341158219054934
0.2101783927327815
0.20978980584442636
0.21274820418787788
0.21293752080531175
0.20332561871258908
0.2078817989027435
0.19816047356597344
0.1919203927573505
0.19785209128583064
0.20582462403879193
0.20754429100075705
0.19802665170220202
0.2029137370989057
0.20217665599773949
0.21351390483467741
0.1965275894720352
0.20635051586330844
0.1845136687352777
0.19927188920711453
0.19419978920448566
0.20017891750514222
0.20544447697825585
0.18864875412873033
0.19571503512674138
0.19667637676540894
0.1993581037383031
0.19460063351462142
0.20484397398535997
0.20741017183941257
0.20099489643875423
0.1911251282893322
0.1963161638053822
0.19324371594869533
0.19496763510604243
0.19761116665222161
0.20889765808079552
0.19547594095245574
0.19337151460007174
0.198383105959199
0.19778068531858523
0.19572322956953286
0.18560025727261403
0.19001154557414135
0.17662802290184415
0.18671531651125373
0.18633501662327107
0.20798158704126946
0.1843552578099495
0.18459821195341003
0.1781191753773596
0.18487480532657868
0.17126002874055085
0.1764753258049
0.16516445272749086
0.15320671275887687
0.18613508767655074
0.18145050810679098
0.1829226277173946
0.1563326278692092
0.16305311320068028
0.17700214548468612
0.18306130673126858
0.12418204018059154
0.1491580575027293
0.1434804220458996
0.17048286361774334
0.1949916566888646
0.15772819248549425
0.16666811370696583
0.1618723049641389
0.12961636175199515
0.053418753771837246
0.1769672135694081
0.006804207589130862
0.18023114814104957
0.1614135993482576
0.19722429304011174
0.032700251209161146
0.15048949746415008
0.19281107910840978
0.12512597249340124
0.18585627178854658
0.11496004149666178
0.07687529815114424
0.16201002332487408
0.02502370189083547
0.09482010146093173
-0.09858789384678157
0.1892787067306318
0.12930666873322733
0.14007098288331193
0.2117019011749211
-0.10647502568545886
-0.6717268949832169
-0.09744481186298204
