0.43840198307187395
0.47769623669374217
0.4889343985091512
0.44980864090872724
0.46151305985125485
0.4549635976768595
0.45324283676104615
0.4152445104624882
0.4094603210364776
0.396162855632538
0.42456001248297376
0.4091768934294258
0.4184997801350959
0.32091343471542233
0.38955444649784243
0.38366844777107145
0.3182624867574461
0.37807201277282704
0.3458301863630555
0.39120636150189103
0.37787315199699867
0.1773413233020278
0.34889350879477
0.348280997951143
0.3285046566450719
0.3739487771223993
0.3605456114737299
0.3147724492678998
0.2908011798600915
0.27941731646966506
0.30518286175238574
0.30903945312283165
0.2530318620791415
0.2796753130125712
0.30722649701547544
0.26155915852740297
0.27551595989836186
0.31568415197592703
0.29076481751466193
0.2929541681641009
0.28320197556079296
0.24630023708310278
0.23957938665959871
0.2722817774509624
0.2973615498651324
0.21137794022978945
0.27077202059471145
0.27452662784889703
0.23910314143174072
0.20893473130684986
0.2459452187671219
0.25347266104205257
0.3010624706828289
0.24343765046204763
0.2280495663130116
0.2587473697861352
0.189514248810697
0.15048942197401105
0.2391889722144725
0.27485933298827214
0.22381325660138152
0.17067707541132837
0.24835722324329368
0.2211544771972787
0.23382846134684565
0.2172050243143629
0.25718316556930565
0.21140465389232138
0.29569872666092323
0.2271459419005093
0.22480307758999502
0.2697074136542472
0.12014725707221297
0.2532994790546186
0.17700022684215688
0.23173167502362912
0.247274824104679
0.2720727209059226
0.18291192938398876
0.2813884027366362
0.21078111589802057
0.21515686322138877
0.22518891884445846
0.2260454494677414
0.21222322832630375
0.2766522659903082
0.0919772116848816
0.1974815668412424
0.22089002871614938
0.17303779415401177
0.1315866286527707
0.25781203160067556
0.19892324590062183
0.1821255934967116
0.2734952388477556
0.21026110981681573
0.232453601388799
-0.13320002124323338
0.053148445327133975
0.2736669319004916
0.24587127166058614
0.24464536277813803
0.10815731588232091
-0.009267279284140506
0.216718000897557
0.3023458209286567
0.1774979359715379
0.31330649460190074
0.290609917746095
0.2715764372894187
0.16272760974367545
0.2853821288211429
0.1819035219379832
0.13812610623080057
0.1154994076487898
0.12892422951263538
0.2534871686902429
0.12138844833017298
0.33697707916621966
0.2823422299007101
0.22065260572135476
0.20373549458187312
0.054862835215228
0.08470309677333537
0.09017951919470346
0.15690863466115929
0.28655036764194164
0.2914221986572579
0.3279668329278589
0.26976885981574594
0.1086380567361469
0.27853871275760567
0.22619314951689867
0.10502313398920077
0.09006876931786079
0.29099759787328705
0.03466301625620166
0.22238602605672525
0.10832483055186948
0.0753148400534927
0.1250172801115938
0.18122058743612535
0.14449305764916742
0.22917000089738288
0.0438042514617209
-0.17179571416331918
0.23094109226021547
0.4096021138795359
0.21205444890147362
0.18076125618975775
0.09381048646793427
0.2332564825983029
0.16224130322638836
-0.10360920349043512
0.06349918131344656
0.20075364602464157
0.30111557041185577
0.17127634670277586
-0.40388398082383037
0.2042245829010053
0.1321591054195994
0.1901658279646532
-0.01768892944492928
0.3142487194200272
0.4714894449469232
-0.09910829447568348
0.3634433941630092
0.06825357176279878
0.2053982785477776
-0.3009640814059631
0.13421371489306244
0.15418340642066386
0.4108893328157697
-0.0008267558290881993
0.16305113434288304
-0.32485099621902236
0.34312062639049923
0.2222665719863125
0.3986092927390127
0.3254728371095683
0.48131248093054174
-0.018487707221345184
0.04721965163210107
0.08053726122820498
0.31466888511078395
0.2642256267141503
0.11616092532176903
0.1686796395637819
0.24823054399958577
0.1024721107042787
0.27960829347373717
0.08841290375794636
0.19242262852283448
0.3044226212276393
0.3042191875150013
0.1323020635770939
0.31744748205151796
0.1706776726954713
0.2031363347254389
0.22129154645795285
0.2586293057898275
-0.16845102731905548
0.17273505620144097
0.199471067438367
0.20127930819295775
0.4475544520765051
0.30289292751311264
-0.5101570092139196
0.07858132973260884
0.26579247072753026
0.41254532347613926
-0.10258205554617994
0.025489597950961895
-0.5338687378725213
0.07717763032090164
0.07706385771256191
0.36807805931598814
0.34873855654786756
0.26604677553055134
0.2998354181838323
0.33489600962112637
0.346226981533436
0.4580642233728111
0.34800144439632574
-0.14391030447341702
0.3076265115140919
0.05670502688137713
0.1835030630370223
0.019915871321803114
0.4327534195676951
0.06810443205471062
0.13447545022108764
0.2315075415632718
0.48125204641366015
0.03719243465444244
0.12837730548171722
0.2993263004885678
0.15944682889210648
0.40742535946695324
0.07320709051553709
0.22598915053910174
0.1170783749520502
0.4078397102972703
0.3192778622926405
0.14761480328837967
0.18311381566966772
-0.18555277612615484
0.20444829558263405
-0.048302105010728735
0.38173338477187235
0.26787418438916344
0.288598194619079
0.24716493236106374
0.21141240815817774
0.18671000256957443
0.20241071243880626
0.023186593564493596
0.21333194579106302
0.3026211193130868
0.06553008571634095
0.2817914349661367
0.18502255384444938
0.3179956163823314
0.3290362782092914
-0.4143190727003525
0.33344831279125825
0.28186327289321167
0.14424737927277415
0.3102592461574469
0.3010722837938605
0.17372898920397495
0.26957894829250006
-0.3898069937854516
0.45853651088734737
0.3599141947577604
0.42987965334099265
0.2786386175777775
0.405847994614112
0.29757545578493216
0.17724987209283866
0.2571573476152668
0.2376717281633346
0.26065133113619543
0.1027888139669565
0.36806375767253596
0.27346035321707135
-0.9759800234326017
0.3931219429730256
0.0408911665496855
0.15346484459658133
0.23746695398770135
0.3799719715079299
0.0619985553413121
0.2748915669998415
0.3295346540997033
-0.012829569425048315
0.2990454768169728
0.24154114994317
0.02643960961272973
0.367009910144857
0.4454058693263508
0.3571759376753959
0.3451436663561727
-0.06270264421395
-0.09069779360378649
0.1280640165700705
0.3936341459055761
0.1810867257433572
0.26477315323708384
0.15647917857801957
0.0454284096309161
0.3250186243249946
0.15762015185076877
0.4314673626659798
0.43840592463439815
-0.06593167070491923
0.08183572657726779
0.37311135852972255
-0.24337883189806409
0.123641146165126
0.09417161793409645
0.30847593102721105
0.43694916269971856
0.3043729251159609
0.3072015899754681
0.27582796056726633
0.27786779267635525
0.18235131791600567
0.08887515871530494
0.337305869184686
0.4647604816182094
-0.3616445101674186
0.3211775851605667
0.1702488758187678
0.08632164513301344
0.0005163556454487739
-0.059876147036029725
0.28025743033987927
0.4387891402743306
-0.0805144085968339
0.26454414679113014
0.2153877154087298
0.2683356990120006
0.43266662652993637
0.17023855673949695
0.152634239245234
0.16544851255411147
0.20835778063802735
0.3408765187829404
0.1490868087629426
0.033527045713608206
0.04854640223551043
0.21389802778935402
0.233392934265075
0.4306545930574478
0.31838147982030296
0.09860985539865613
0.22527073665670938
0.14178425230467523
-0.00048149642530814774
0.2839080426072761
-0.05154707405027725
0.18564810393749098
0.029238580600727093
0.35443336110649004
0.19187461425416935
0.02605765985499936
0.1846956790825468
0.13099629100294585
0.4331929554066947
0.11887761754496301
-0.31995764218240996
-0.11455148897024836
0.17480240023619137
0.06695003819412915
0.12516029032994452
0.34495955176341564
0.46945857984689043
0.3441861663806599
0.03125143894693444
0.2079636458080315
-4.517727143903187
0.30481538873022374
0.3038334085807294
0.2391260418453458
0.23750951572944673
0.27583456970275433
0.2781054716770802
0.2652097683633644
0.23344156347590111
0.09478366129860244
0.12679123932948838
0.18519488070786638
0.10800439938932349
0.2397687251837607
0.1338859094785258
0.056186428037620084
0.2556676034043777
0.2822664219456487
0.35630909548823936
0.20879400182121483
0.11052811069842994
0.1547409304633025
0.2685225327552917
0.11727159196905129
0.3058528131535514
0.2833555944727384
0.22409187282701604
0.2102552491498218
-0.1509139284927663
0.3152891551778878
0.20316507992710242
0.1554995858763188
0.20768575567667402
0.25262719615152607
0.31740309985716875
0.1822979105743363
0.12898022859172092
0.09229980367291635
0.13663328752428244
0.2545518816040251
0.14785449712751147
0.14940586736299605
0.2793410579412551
0.24566501552719028
0.08801976973524661
0.20172543073151095
0.2765465739874911
0.27488565865338865
0.18715268291534304
0.2597315902760958
0.16954028560251377
0.25109260572853054
0.2630820806513775
0.23720823398223317
0.18048895545314392
0.10326482450613844
0.2550185472063546
0.2221390683292398
0.1726173392044718
0.108171996387881
0.20099334186019097
0.30822622036579783
0.31551632354127823
0.2442712238080652
0.24296475633936299
0.17645051977015302
0.2626908935875307
0.2752342663158072
0.20947191771477175
0.25054235192436963
0.26284568121685126
0.2737146529625812
0.12973811440992833
0.01570045277933574
0.24077923045969557
0.18345126948206159
0.20444419169881622
0.14169342157874354
0.002521642909717736
0.2640850766191918
0.28753529332115446
0.13997261464747435
0.2098737946132721
0.10981225862885052
0.193345986954012
0.24402986669899274
0.15599963098010172
0.1677253488300166
0.13331993469119585
0.14237088555122462
0.23786321518492948
0.1892391056976977
0.18254422823810978
0.1694472329796678
0.1889504073393502
0.17323675888802076
0.06983188720595429
0.2582039726297536
0.1616017862503198
0.13333857505637686
0.2782274614906862
0.20223857092624542
0.21457061163826036
0.25284384560803064
0.1508849959329927
0.3032571998489666
0.2762109552628936
0.13766654119982547
0.2428699583811494
0.18339233041814762
0.22766055368942245
0.1412125056281342
0.3734927045094856
0.21949962577050924
0.1847475565176085
0.19560025036231377
0.23175811582651945
0.22332025997204658
0.013835440495825635
0.07687009671579426
0.23478424336186138
0.2215263068544534
-0.00754147539495964
0.3280878288188
0.10217269340639695
0.16955344400982608
0.24919769076768145
0.29276536377223095
0.1875381461768394
0.2503532822744726
0.18716785207071407
0.2034954520535559
0.14788219339380398
0.1514321909960692
0.12962150452073162
0.2593393507073436
0.24936242716889961
0.1955818167988181
0.17528445424177852
0.20162432763291138
0.27368581831098926
0.16760433536278607
0.06755691421794457
0.3220049881250953
0.11216313576351183
0.2261765640130235
0.20069881902094505
-0.08864640851509376
0.09832361570482478
0.19635794032526094
0.09385161624946514
0.288394596223271
0.262242773027362
0.2541212728756446
0.2481483605994626
0.12418408132939646
0.06722558679555662
0.20448412310139125
0.1028649072811636
0.15662617426090236
0.15977861222398732
0.20537655919042713
0.28959516080219067
0.20634358378613954
-0.23609351172791182
0.17968578337808305
0.35163691757231197
0.2282926066822497
0.15377947409213716
0.2654753797317951
0.3276832205263926
0.195047589309079
0.1710144950904926
0.31809168961477907
0.21268569255954928
0.23901844479964163
0.17901935247747452
0.1012529814170558
0.2246156199380031
0.2684920779177797
0.24045503667985557
0.23954793267737168
0.2500764562134772
0.2736220897741886
0.16289957409742656
0.13166619366399412
0.15468568022686285
0.29624504243194283
0.22091947198933193
0.049875247915653564
0.19160004256004115
0.23840260731822605
0.19193750408240712
0.0427385526422559
0.14898713689614046
0.21679880037368088
0.26242085314875424
0.16711608463531025
0.25990452890479454
0.17546438865479674
0.14424838192109823
0.16026672347220794
0.2737202730209421
0.30999393486427484
0.07464789557146967
0.2829872393638373
0.2472241292424998
0.2255230324702045
0.19631933340422253
0.20692197061066092
0.19920111753925096
0.24691943415164957
0.18781020282484095
0.09735588702683984
0.2698389825973576
0.16985196450590573
0.20492864917051518
0.2112534654146414
0.32356483879123443
-0.009445173917214778
0.25803925917594583
0.22727497130686708
0.3258608042850055
0.15785212741107751
0.1894384650218795
-0.02493651612757486
0.21360312191803144
0.2500563838930934
0.17142069255134496
0.27585878476975995
0.1967480000733226
0.11603959842093287
0.21979270925630573
0.09490208553515478
0.10891155584750817
0.2681428061683492
0.1583887076761215
0.19419692345809836
0.09751000821343886
0.19756032643138965
0.14950324709898705
0.051772861304432094
0.26674182296694293
0.2947938285706273
0.25998623649282904
0.24954356304155428
0.23449678269959223
0.1583241011434165
0.17869097712906307
0.12818485766220944
0.2931408977636492
0.005145462216887109
0.16390580827791584
0.30742989984962243
0.14285053580433082
0.32634430149826116
-0.17694011722980252
0.1983448525020216
0.26337410400407235
0.25490842011586345
-0.01429418314473474
0.19864841462782667
0.17449266970030508
0.08142638288417997
0.09611335638795843
0.14713250832422242
0.1884345991048153
0.2912925669946101
-0.168127931955237
0.20575723821327485
0.1960515371965148
0.2130541279213528
0.14441220952672407
0.17495911208299736
0.27738151203422284
0.2352703163656284
0.21659446032086638
0.1929479225593082
0.03428622196286896
0.046911763591494016
0.035640286802934074
0.12234160336782174
0.2007048546313353
0.18342120200261608
0.3210181140891189
0.2063434687381287
-0.14433654688996378
0.15204001574721232
0.22477383649039867
-0.1345468104097799
0.18263943993933573
0.19609292833572317
0.1841878006353645
0.09232692946605148
0.20017328203413914
0.18840052688902154
0.10823109043221069
0.16548521113775044
0.1664214954901893
-0.03034640631527097
0.2151053771605168
0.1442441443639969
-0.056862997266039494
0.2587723039237385
0.217428680986189
0.14508294722969578
0.16806973932237412
0.24151778909588872
0.20812753612765467
0.12333702437195404
0.06890913044007324
0.1434966180191367
0.1559714372169736
0.28409239517049
0.0606171465876737
0.2981849048600262
-0.049178513183653294
0.21503615620914351
0.09901722643979716
0.18084643452809324
0.17824184038087648
0.10069063481010859
0.12155926029708797
0.008935033627160915
0.0213570529871408
0.17940819420987103
0.25145913379474094
0.28434781141996723
-0.011516907470103255
0.15685263205827138
-0.005837869776766147
0.06640025830313812
0.03840438185336098
-0.0014523274085908033
0.052140418337671746
0.23439907637145163
0.17604692245920578
0.08559712564613503
0.023771200309509355
0.24955779038434178
0.33529944271632406
0.1861284540180818
0.25795915406074715
0.23898800183393742
0.2148589354926989
0.3438435945205232
0.257790145914197
0.07134785928879389
0.28693170239051957
0.14805674086366893
0.16290092552426416
0.13786166567052865
0.20769243338509946
0.04679983410868188
0.10553737830032972
0.18744188101697362
0.3114171919236822
0.13820478777813888
0.15990834852901747
0.12860954659631518
0.2148431021723145
-0.03951387680424123
0.15467070208136202
0.07214126711977281
0.17567405559847582
0.25053719573657784
0.02781969037317994
-0.011208932805143679
0.21925029618758163
0.17276777027171653
0.04993382241921923
-0.024313751748942236
0.208394051129973
0.15470700499144346
0.056019186573961044
0.2653171145543545
0.3303178784879897
0.2524229432921242
0.01899698914786585
0.18826959102319824
0.13222960646684845
0.29159403719092925
0.37920092677837114
0.1403150405598219
0.08400277872937978
0.24561708568518997
0.22204462783629003
-0.15929037127613355
0.2888781703716169
-0.036858596497613805
0.3016972385903217
0.10844039127792632
-0.034300508137044106
0.15272165290859407
0.17932760406093962
0.01682339704809166
0.18088155303659054
0.09616144154069489
0.007330746935896804
0.12166829253384526
-0.10342003312711212
0.19497924609788858
0.15133031574444994
0.05828881723787588
0.18170259176936232
-0.47001517820572136
0.23196415691315664
0.07854607901463428
0.07377583681066596
-0.0012026075641276002
0.30825655545796216
0.2238640073818698
-0.23233682139715073
0.31738136051992855
0.12774282244592688
0.2261353567155432
0.15509292727079965
0.15041876631041884
0.12555755009044134
0.21303590971900854
0.2281440030737354
0.23436984667708005
0.2821200045398653
0.30760971314841057
0.21140031721625163
-1.286444633338415
0.009153088665891818
0.26877946090233196
-0.09071165174684004
0.2620650149951656
0.2983990262023462
0.26175119343324793
-0.1003616998290402
0.20407835841743538
0.24359437809277396
0.012233453480708145
0.2111433774560429
0.12459846272175917
0.2085833100776065
0.2730077356441095
0.29341561375900205
0.3319327218238237
0.24485201635325915
0.23313032921532645
0.29040356382105154
0.23648823320059625
0.23468133345226572
0.18770770676544485
-0.17749494100023533
0.3216939698570807
0.21923186479532453
0.1663697476068477
0.0883714379079697
0.23995336349069818
0.21663008029168446
0.3118661426934648
0.18280055143819418
0.169565679176847
0.22569359959669205
0.06652809034019258
0.20816542048721975
-0.39650844833912
0.23399135834535395
0.3132633167784187
-0.15630190248404696
-0.05082807924886967
0.1931437772979248
0.4006001735005976
0.2764392033887728
0.28743396366649054
0.1408703997842255
0.30578626437326517
0.15489228879253247
0.23059302430650186
0.1914530739790855
-0.011351353928147456
0.21644864126425567
-0.1610603644014279
0.4057911242923308
-0.07293298548704585
0.1539533506424604
0.3276840787414912
0.17794130472428443
0.10486494943749863
0.3866767746117729
0.31705177176151805
0.05359517775110961
0.40555695553312887
0.3672013901141107
0.19190433079375407
0.10071804227250775
0.2543930011821639
0.04346542062693237
0.11381994514565907
0.09665822174036526
0.2550527742824429
0.402350488468013
0.2505663472675143
0.019407136821551096
0.28402990127833994
-0.17277255924576196
0.10644598261754795
0.057531111018714554
0.13899613689469803
0.2088942139429592
0.031683499748521304
-0.03638880358324148
0.178707201680744
-0.04691423167180375
0.17675883376895402
0.1343955196759748
0.34633052918373974
0.17295486591827758
0.12676303413343964
0.31426326345119693
-0.5132716382078351
0.06973273180195028
0.09419270483286052
0.26846412507956013
0.32938219739409275
0.19474684783949636
0.015388391866064222
0.0903604589502669
0.3434837554881932
0.34868904206929524
0.1272968265835615
0.10232285542286673
0.1092449352118312
0.37800681125844743
0.2705745148896053
0.34226354329437514
0.25069140835430404
0.1655885783470179
-0.04852247747049021
0.3709090396423004
0.3762085174599782
-0.3406330603634934
0.19114348684786509
0.08932138785064653
0.3593893057866304
0.06351180876786328
0.018110089744394153
0.2854400078989836
0.1231432571068048
-0.45789796815894446
0.471177632001269
0.3749291865143217
0.27568922465142487
-0.12556409383137035
0.3506727901330897
0.2851872052247535
0.22760428349497153
0.23008351460354753
0.3247008922765714
0.11045108737312437
0.17238726007130917
0.04167166524165261
-0.056340457673494604
0.22323504777609854
0.09496417720497896
0.006001170175188142
0.33998404639165425
0.24246421226429277
0.09390985379715017
0.18913262125029184
0.02235252676950167
0.343754250019163
0.21909273709160354
0.3953369222086807
0.3284550164438901
0.017308286900818315
0.031371844518585046
0.1325536140975011
0.14505887945935125
-0.014555979216320902
0.22943896516972362
0.11741950013728603
0.10482886302798589
0.200309181482011
-0.04174646664958115
0.2811611758756647
0.37566854061632665
0.37587635626105564
0.16119204292501405
0.21736207674841124
0.3166949512599068
0.30679335951480247
-0.15839155066471344
0.3547507036510294
0.18245675300035935
0.2323556022748668
0.3633850431584348
0.21398808202118075
0.2431449921533943
0.18205077856475038
0.12235450401261938
0.16510915964145711
0.01908719010681048
0.18792228111082943
0.22885983998001747
0.3532839733677555
0.29157250854948924
0.26111848172259033
0.12140866216192497
-0.30909205576233956
-0.11179841781079336
-0.1868811930346025
0.3128687576729585
0.3253079207107643
-0.20835724921130439
0.2130109408875041
0.20876311312778645
0.13446467432182824
0.018270427265312583
0.39147548195118503
0.0223379460311805
-0.15651568296599905
0.14230039089947705
0.07782545739590019
0.408771929182221
0.2122614512160284
0.38296664648182066
0.299595358561947
0.058200916470277864
0.33651202503861566
0.15332604428274493
0.022191052146771584
0.4433964482197571
0.09196774450646916
0.1482736676015895
0.2980363673651424
0.1023643105564766
-0.20807294075859784
0.30058591628192943
0.40477373240643855
0.008355251495700766
0.07466449756870647
-0.9794356876682875
0.3652443454163449
0.26465784521310065
0.27649415991159076
0.10693860479256201
0.23540376480687708
-0.01436877953691118
0.13827154712768625
0.3410133661445782
0.25229026866164606
-0.31803718348696763
0.41121058203225336
0.20738224989328147
0.3456991642381056
-0.08521627128314846
0.20750663229365213
0.3533719334408746
0.21171371252502585
0.21964350308975145
0.21841652255362498
-0.34472897538326674
0.25613568896558275
0.22648160658765443
0.19978779618156595
0.29063266554740896
0.39672651351674326
0.3308401184049839
0.37361685254415855
0.19673758147447312
0.07658853610845279
-0.02124268696173548
0.26898000107224385
0.314038422962571
-0.03631278613493194
0.3074646295324346
0.09362368394746834
0.20697093578692
-0.02141690826977749
0.2439925304095913
-0.114238962065902
0.2518104802501497
0.14266077630834345
0.2161923898313441
0.15322672682588417
0.41639217648981036
0.11375967981653967
0.2718897112668335
-0.019341097257621565
-0.07721553610832432
-0.09889988476990041
-0.11025845169243653
0.20308268421651948
0.26511662602051433
-0.2255100697748108
0.06535401824313897
0.03658874109380056
0.19490510859847293
-0.01372548216920777
0.023578073284889756
0.2493626966924879
0.16933164786475013
0.16846449958222953
0.03726316249646883
0.2803219932839929
0.09431932958986522
-0.26497993681415943
-1.3792183238055444
0.19663241784349694
-0.30868781464265194
0.2947136925114337
0.1301408971664616
0.38494249944840264
-0.06869023285744058
-0.35457136833220837
-0.19426378075037654
0.4316561326828145
0.44728560346742785
0.45699776591210134
0.29794787232362785
0.38519269414933643
0.2447540313538189
0.462023543124322
0.24693403143027337
-5.938145788940299
0.20577756351755877
0.18704800101984065
-0.0667387821405544
0.35884069550794917
0.24047126172963734
0.3636332663609404
0.12016654047902559
0.1427220280792026
0.3684785044955279
0.2529022279094437
0.40227133171882357
-0.09355276031476545
0.32775634280410565
0.31074305239851596
0.324183368138913
0.33246316289142563
0.0750356386840918
0.14700206702275193
0.29789051464476335
0.41861569210109434
0.3476217929489541
0.4176855809129477
0.2785129120041546
0.3406557932217126
0.39980586760977255
0.14901194567212195
0.3370184100848339
0.30871887724564756
0.2066348130369538
-0.192984420485117
0.18546065963444663
0.34083534728728027
0.34691860302381416
0.3569582538460187
0.3426279790891016
0.3308317427525006
0.16673114312134674
0.36051623002492555
0.16818452751260116
-0.36491568014971176
0.13691121428884706
0.29617503156129515
0.41255727713360557
0.20255540959522123
0.34645694056666915
0.3027897228480445
0.14123877499413523
0.37021722639374427
0.031016689847982115
-0.0347474961022366
0.3578336651946046
0.08889999871585302
0.2956476176222596
0.1585819747278323
0.1353305776753898
0.05102194399093779
-0.024670679349698243
0.2647061164382918
-0.1072900408550348
0.45543933044090323
0.40315264254340427
0.3180182786060778
0.1749160028405669
0.03960842224586325
0.005009952033457277
-0.08963190459313597
0.3331103263989668
0.1638756918992762
0.25957733012242984
0.3634716725066095
0.39834428408779265
0.30933393222574956
0.4500341208021127
-0.5737954114659152
0.22320762606086447
0.09356738783189905
0.4549669921137761
0.06994273023032782
-0.019259152548996572
-0.04636237333438664
0.3640750143435276
0.2603075211400282
0.10545221688129996
0.3507905141756602
0.4253789885551396
0.247370277840879
-0.3557857798893993
0.3634690694540903
-0.41891003212272904
0.15931285786597205
0.27326472716089806
0.19877864053616306
0.17237045154267794
0.3838832520159985
0.18508546536578485
-0.061471709200915825
0.001514891714177291
0.04366078855723171
0.24092615331637163
0.21694371528470224
0.09629353431368987
0.10210452608685727
0.32669574277459634
0.22253683378292105
0.05626362006121555
0.3532576909056936
0.30384922257109037
0.24688187589053406
0.18083554679850578
0.364303453646711
0.20840568261878156
0.31240858602993876
-1.103390640174451
0.22701481013746838
0.1887736446914436
0.28228831706368274
0.11293884945387411
0.14165802049908094
0.22616881554816015
0.2862594992083703
0.06999101663344365
0.2234947678621681
0.1638595451753716
0.23649782524939217
0.028307005130240925
0.2679802082698157
0.26353562062931557
0.1448409561993202
0.11701499362926193
0.2840013566934152
0.04892931827907432
0.21351295855748764
0.39345027970044394
-0.16916938728950837
0.3305385872919009
0.12422683088421754
0.026179867450439265
0.009846228026369919
0.11226228723920928
0.30369033303891424
0.29402532325316605
-0.05603333396840504
0.07366957482319164
0.27016356538015757
0.25601976693569434
0.40833142049593635
0.16094804440673793
0.2538492148672244
-0.2299169682886183
0.1097296230598046
0.21455122516393776
-0.024840072361945964
0.2003270390763071
0.17111281036000103
-0.07155386801018693
0.21809913335272257
0.4299743660361584
0.17058641379796213
0.3230108132389585
0.1951892315582729
0.009563021868009336
0.2843907444573375
0.26242219701223235
0.2841853780130368
0.0393559772500528
0.33080646392406754
0.15519237767413624
-0.00500411123521427
-0.119290466775677
-0.13448417618302688
-0.06651352856438497
0.4193286906666446
0.20787548016371832
0.3196912821973449
0.2533710079838048
0.24094194450056605
0.05218617242018081
0.027059880632301525
0.3650131530826073
0.20829760622656712
0.11370909851631844
0.12498568991178316
0.27898929979890774
0.2601743323799288
0.29931212398339496
-0.21432779665428847
0.30321938361553147
0.4220539095985634
0.17263314072118208
0.1490786637165789
-0.07266901926279823
-0.1141901487023409
0.25160475752862954
0.19831399855078835
0.23939114850891652
0.20576448930657376
0.20741119540754427
0.15981363002893845
0.04632164048238652
0.1725499131439136
0.15871227765804674
0.3948459499677169
-0.019053393440141453
0.36857555024506217
-0.1663836923622526
-0.8198670214800303
0.01940678218847075
0.30418306110174487
0.10615543614674033
-0.054204716544967724
0.31264008958698974
0.2927816505773033
0.23309336963990301
0.25019454151917986
0.12021125860213172
0.2689586993786287
0.09073997680688828
-0.02088825779815051
-0.1311974788318373
0.2896568213827423
0.1308667988401352
0.27305639781780405
0.238312597227528
-0.4832720921647127
0.11404858627491943
0.2447752450931816
-0.04737830991202219
0.4825050289033183
0.34606186679801054
0.06542845380223522
0.2613856834298234
0.3225088558997898
0.38289181652075416
0.14878253281160458
0.37701267139113803
0.09817585995022066
-0.03826691704394358
0.31962538458080675
0.13690667292984798
0.0446957028220768
-0.043695467964416146
0.18923394905419827
0.34143817611361826
0.1593553407020349
0.20753565567255355
-0.2562951972908556
0.2814923210749092
0.26277057529747705
0.3382309706992681
0.17937446304319982
0.11690146122924983
0.10080356692873199
0.2417368207157743
0.2976849747119032
0.4248864785226149
0.11323986502657496
0.466390897080965
0.20954524080721837
-0.20881277614854354
-0.1420107194554182
0.3373307056955325
-0.07000665131400086
0.2890786015479458
0.04322636711938865
0.2804076631640079
0.09378334741373578
0.23634460141030778
-0.5489211238994716
0.3342886276247986
0.2130695151666897
0.3384249002594042
0.2210116801430636
0.04878853025602237
0.05696050851668638
0.1860065599394714
0.31338101399616236
0.3473759720366333
-0.3707150436747295
-0.04422133104733883
-0.46200835475827196
0.38791131134544815
0.3558328572257534
0.14769626974167888
0.2139746589892214
-0.009048329596330396
0.40309190231525904
0.25755766468117547
0.32443535528984335
-0.07907468546372909
0.3518265469370675
0.20653559911354014
0.306565632918598
0.383060291893464
0.030415582156146148
0.12907025397643657
0.08254383560524275
-0.12479752713528247
0.11100061283077212
0.23641645000959882
0.413855378924456
0.33823998824672097
0.031558773386811456
0.05197657963150226
0.33641416180457334
0.26876426965242917
0.2919854420927609
0.4494543331935265
0.21001171403166746
-0.654200035569388
0.3457168166174459
0.277902345292801
0.19249297364121565
-0.08227011244689986
0.16629473987950188
0.22035112021660608
-0.0023532624449730255
0.185854738366029
0.20412919705890137
-0.029644317284909794
0.3701878654858954
-0.04994352678261904
-0.05342402271865987
0.19360126019062157
0.23187175880152244
0.21014139847767843
0.19409355739007234
-0.44618400931860824
0.0029246473802282957
-0.5630604945492017
0.33866274265906976
-0.3129628807162652
0.2623999772102258
0.1657274462924928
-0.042741124207473224
0.10909822194555185
-1.1866386928139656
0.16393189985765433
0.15791115762805463
0.31931605182675055
0.2892998506880034
0.10388334144313421
0.18997723817522194
0.1742805638425592
0.09093339304201975
0.29122310872180135
-0.23725249291005146
0.12483745052727835
0.18853691353195046
0.11922584885483684
0.09365512973852497
0.24014145988099828
0.0805014231670576
-0.40138176074805343
0.2527007288656973
0.3963389387906446
0.33396921355856635
0.27382938847430427
0.261815967727288
0.11232229531348381
0.2573740869846214
0.13295833986594086
0.1308605652329085
0.28950803801834657
0.20597139082544896
-1.0070702627676011
0.3204933969047601
0.3603179962969282
-0.01777322216460464
0.1130248249065367
0.24308329522764727
0.06360097112190594
0.19248203082163035
0.23075746377134043
0.40836274044545007
0.49025497711216637
0.30335215046849984
0.15742120516809377
0.3779689041188765
0.4526503030566642
0.2409575565194389
-0.09684727060359943
0.3260162885713164
0.12018608488128979
0.10973905802233547
0.1968871595953715
0.18291865504689353
0.28377726526198976
0.2983333595854414
0.30146170328380234
0.27497547823355806
-0.018666233088352358
0.17940286918062104
0.4247909326182301
-0.1116517898882714
0.11776791902765221
0.35133272712059405
-0.45505950713883037
0.14305377227789273
0.2135186826979451
0.08623272492791395
-1.5044733573401041
-0.19576847342754378
0.3270276002395158
0.2819421727649549
0.1824011393812805
0.20755905690963916
0.25019136070751585
-0.32954890482449406
0.30950098546714067
-0.06496334682110894
0.3110077194200446
0.26996979141904354
0.21863812163929391
0.11517583966875988
0.12768130227474156
0.06335581451245115
0.09674659512577899
-0.06193236465635388
0.11748241882254462
0.21224060735737027
-0.05181184177044551
0.2292744211245621
-0.05196737534742546
0.19149710854670832
0.11096421684123131
0.018423874921002448
-0.4438440571156147
0.08816770887562186
0.058684489540225426
0.2834413964466905
0.27382308049838877
0.31754882561183373
-0.3155257163373686
-0.08246368630314471
0.11296995218710482
-1.604647432631371
0.3624480760656476
0.05350284332860733
0.29961769926743326
0.26195242963667276
-0.6329287221942954
0.08485213303437683
0.34210709736076894
0.46429442340067817
0.34433829944125255
0.05090108211173244
0.2890077328289273
0.1935518587552671
0.1770257077894209
-0.4723915624203382
0.167934601428526
0.2355828489048385
0.297616225052856
0.1302228445178626
-0.2300650214202704
0.24642855939103053
-0.18059736815108152
-0.22864902271652376
-0.15573609947610967
0.4642400502586135
0.0694653223093461
0.34797972267897803
0.18339210003977346
0.3879065314010331
0.06620446735315183
-0.130515981591666
0.32395558155772364
-0.2816592483671655
-0.3541297388387329
-0.6036266077637769
-0.02587582205936101
-0.5561426631628221
0.44717469622073086
0.35237966601091364
0.30738975440650107
0.04120345009144477
0.42315175563123425
-0.13979706119071722
-0.09999749294817417
0.16068718489803896
0.14556075839722143
-0.3605425090571551
0.35774087590690506
-0.058304404031997215
0.24036481435073037
0.46334661105063435
0.38384470893167694
0.37615289367807114
0.3872856481802354
0.3781737852153752
0.2574965314628178
0.36563334506813294
-1.759847851089047
0.4585485230797716
0.3206835112647446
0.3127412882969318
0.00977983221812545
0.3848656671278444
-0.13480225838341364
0.2959705958974338
-5.0559982190811485
0.36884918587157245
0.33500867924831773
0.44046689787559823
0.09095322632233904
0.25096721184011817
0.19884006695311157
0.28781653350125314
0.3732211851789559
0.170099462929576
0.20075274745577149
0.1390631682653829
0.28094066923375327
-0.17659206087283297
0.3237588064969785
0.364858475689547
0.30083224638050976
0.1954421405094962
0.3540791115341828
0.32919161154011845
0.33307194495993253
0.195892888012066
0.10355956163622948
0.08854279946214072
0.15807933803655855
-0.010931386399855803
0.3739981055044481
0.2183460541382607
0.27045025449693866
0.30107516758204933
0.2676449151714873
0.10905780728827952
0.3787317871030001
0.29773124053360067
0.327333317169598
0.16511963795994433
0.26892308240823404
0.2033389768508661
-0.1361439596831926
0.21094705684957676
0.1425564900471299
0.03700819310478959
0.2170925782818393
0.10385902366080396
0.04779349585971182
0.15630873895269348
0.3251386446546213
0.22607243240995678
0.09221197933287967
0.11169931486678641
0.16336602812364098
0.3215688645609288
0.3387280821065919
0.31500659416664434
0.40869605640153506
-0.08676264033082692
-0.048108559951987706
0.2537116581612786
0.37470616584747163
0.2718556745397026
0.2990105099035118
-0.5850997240024416
0.2624184531911127
0.24750053282667878
0.11272233840966805
0.1307711244597632
0.3044562358642684
-0.27233880966315305
0.18896486962003606
0.24498416532672318
-0.11959511440114245
0.1489252339655172
0.34150319487697267
0.2634661721576135
0.29750770796531323
0.264313058146626
0.3296668159342857
0.19196328136865892
0.3149391524685774
0.3118435494994903
0.1446972845923053
0.35204002093744385
0.17549748153862937
-0.3091689789768214
0.3473612449736352
-0.024982049757046543
0.29699581349662674
0.15938564221879098
-0.280507819332373
-0.36770031395017044
0.3357854924610571
0.09752788962098818
0.13917765531846105
-0.08941554320158573
-0.14598868607094806
0.28973829738361834
0.20392434070915116
-0.2563932819816166
0.23679228202883407
-0.199391101594935
0.1399320634958406
0.2533609633137328
-0.613053605175145
0.2816816393693182
-0.6262417204819666
0.1480766772282025
0.30689207409326025
-0.010803279661097842
0.051779681631905605
0.22728294160128815
-2.0520989925284523
0.3100451189799508
0.07937767525808015
0.2206815343552398
0.41296524873350127
0.32444545686971593
0.23997043755538627
-0.0030036443778392874
-2.8115727826225454
0.40779347688958134
-0.09212399672743077
-0.05493220590173764
0.25707246186523325
0.30289036552850546
-0.02778747241310231
-0.45832349415537355
-0.006902188668917897
0.0679693823545694
0.11297350913551463
0.4034729722073119
-0.18889924059480234
0.22762583933580505
0.29705434202160236
0.3889177909052685
0.4298230534880136
0.3652911878006119
0.26798217820379744
0.35615722609606093
0.3223476604446885
0.38343181140091703
0.18962022702952824
-0.2056312817226248
-0.5174510185724737
0.48301489617798876
0.2924289539973366
0.2500599489319222
0.2816706377733935
0.010482251819616484
0.13489000384011013
0.17950446011777738
-0.13571163904532013
0.44353694173753355
0.13035735910522156
0.38583993880618456
-0.13854912019463272
0.14897511470757302
-0.4197565417465412
0.27251763153746833
-0.18791070491609807
0.08386282885913943
0.014695412624870008
-0.047277720996510064
0.25758657260495776
0.3681158972597184
0.2731003218278998
0.336424385352987
0.38154261367500436
0.4301543243350596
0.34777964371622067
0.015340394359516452
0.04163225777501478
-0.021188826121809168
0.2861579528343878
-0.26315689467861925
0.10351961116888575
0.22789321606389235
-0.6054856957673551
0.34409692672602377
0.3195088271023505
0.32368220750612464
0.3390316282272928
0.11658753638659342
-1.3911456234071975
0.23450965553130226
0.29585844949692985
0.4352262976543423
0.32612733332847293
0.45088416770318035
0.20097118436617545
0.40564804072639155
0.32770656721122643
0.38922006832394856
0.4035398641205837
0.2874802806506068
0.21881837324953746
0.37142339565697596
0.24927417576445038
0.28413368706424724
0.3099042092484505
0.15135601652388891
0.39613117250849855
-0.2462487013657132
-3.6718448561461354
0.21414777144459918
0.2597296532589878
0.00799475670143135
-0.6271306420363478
-0.5953271144944838
0.4227295193867316
0.36813441649922013
0.04488880487409452
-0.25130338883878145
0.33293855609712125
0.010554803250236111
0.3411538938365458
-0.9271794541573222
0.046572473597579156
0.3796821110405154
0.39661212337095075
0.15476886107966725
0.18277862142641965
0.3469427557123409
-0.2567381516280647
-0.5627849882216371
0.4359596405664397
0.2827909695913585
0.25819667095889365
-0.7251098443705974
0.15997307537877226
0.12178423294347995
0.2511342614950327
-0.04093501278351808
0.30065513651202064
0.016510945667381594
-0.6475679523749975
0.20322667724388926
0.191137522924127
-0.5637962045351761
0.23882598717114195
0.2750044162970804
0.428626904897707
0.29971094625748945
0.38314243967828715
0.44231014592485196
-0.35705366884456036
0.408100721460207
0.34664088600986925
0.113499022701266
-0.396511827063488
0.06195623431426617
0.4751658217817521
0.39459340903241463
0.27096164242775206
0.3121039263165137
-0.13342466241251194
0.2361588726322577
0.2414878227220944
0.32832444904352265
0.39800885478270076
0.2904022750393743
-2.9668779956720646
0.3712811577646725
0.43863720462365674
0.08911936178212732
0.4336718669395959
-0.4271788726495943
0.13309810741842937
-0.1903992691535903
0.1695268216192528
0.3344099155316059
0.15195075723534934
0.37249678555207266
0.08125286980466578
0.14218521105630194
-0.5083562323905761
0.3835952763645218
-0.09693779351162213
0.21834932318510158
0.3502759737755693
0.41935804175914804
0.47247138791496024
0.457305614608608
0.24526317896398214
0.2844963848822293
0.2629236252469459
-0.16587577618614224
0.22817390435642299
0.333122351561143
-0.09445878588821388
0.24866870156469623
0.23014636916767395
0.3961437812773849
0.2487404122431746
0.46562430669334576
0.3259207810378226
0.46089162596141625
0.3535319566126315
0.2490720374477205
-0.0502727374439933
0.41338290491757146
0.39661577226374173
0.29156026311089833
0.3387639958572144
0.27312233939463876
0.451719800890681
0.005556139363679546
0.07850268889199852
0.0019503477853983764
0.29741099007327243
0.4277908846978575
0.17633605388645673
0.263617190549596
0.36858481621578243
-0.5132549364029302
