0.4742974653634279
0.4523056290229155
0.4224361181113044
0.4350388034115343
0.4438421663954696
0.41069160221577933
0.4442252950512253
0.4065344347591116
0.43630133102690283
0.4165850603084266
0.3930552166866133
0.3741291205653495
0.39340595433160236
0.3582786558978303
0.345975179790443
0.3692701452685596
0.33426611898458447
0.3378542953524011
0.3735379937693498
0.29599778866929327
0.3073991705894763
0.37074420884359216
0.2993851355561914
0.3457050992547086
0.2978044448172942
0.3353700932178276
0.28855443609035764
0.2937335493024994
0.3153742031590489
0.3064460818797693
0.2923398296878593
0.32692186817128516
0.3552575398933682
0.25455380741876377
0.3275095431889952
0.2845467025215255
0.3173226153051239
0.2624181163124526
0.28399519653305144
0.2769445263238197
0.2697986957555891
0.2654998080348313
0.279754870035142
0.2736781745338906
0.2654803206572587
0.2348201420200678
0.2912721856259719
0.21958724421414594
0.2692792147547737
0.22440752560132332
0.3064739198660351
0.2757225553104281
0.237822144950685
0.3224190555434274
0.21645748011468452
0.22833026422169994
0.21619607770896754
0.27334526669482484
0.16172514127906906
0.21036437087367715
0.2723475198345807
0.24945078677403848
0.18522129460488046
0.20190846024332204
0.24780204950670642
0.21128565420336065
0.25425788924934234
0.252112171423014
0.24632001923362035
0.24188644872583726
0.15099937852517742
0.20247942820764586
0.19441589861075448
0.20699431308705635
0.1700789930354446
0.24065377738474386
0.19545119262355243
0.22421937830188698
0.1687572119099891
0.15149414219828022
0.17001413689753314
0.2539120498417944
0.2026581039166802
0.20552862193518723
0.20853664989701398
0.2348468605363324
0.18604889599842045
0.19772677526793753
0.1052521491650395
0.20434069426178125
0.227588025382995
0.18609774762987552
0.1903947979225894
0.27597838420723286
0.2475908463745244
0.15028781674836117
0.1250414666559464
0.18725893776787012
0.21146011352268385
0.3140241452778293
0.10684379813000416
0.13089121744999865
0.2347360688682415
0.20984202403136581
0.18344168971504538
0.2292326204449116
0.23735586858001545
0.20155282498089228
0.14322594189780563
0.20804461547325398
0.14843272798984108
0.3220205690912702
0.22837773127120264
0.18265611622443423
0.33705495532942453
0.2273454104096564
0.17100003396969754
0.14285107882354847
0.019125961020976245
0.22869439193186802
0.20364402281861954
0.1873611079150932
0.1610416521041534
0.2197459221754119
0.05957692872316067
0.1332404028018936
0.20978998168581198
0.18584468842775664
-0.06537854818259603
0.20423163526166638
0.19488816968880884
0.30601679951975735
0.26577015440975515
0.21213381254767244
0.3282579467110384
0.20412178339962778
0.043587193537168445
0.2234315106885446
0.1711607574061168
0.19890594811728673
0.13811068640571406
0.128895918789246
0.1392259927425028
0.23745352560571936
0.15690968256523458
0.19251474410574654
0.30540103547001674
0.059258849117993284
0.20462489951768176
0.15936841781236
0.14982813728003114
0.31546897188087997
0.036716604675222864
0.1552234798233788
0.20997390036908498
0.2300992998747884
0.2792219705421054
0.2260691972859657
0.21948049628978467
0.23081734618456967
0.05528086007058225
0.18759788104687708
0.21203618282149822
0.1681991074806537
-0.04331517291053344
-0.11510586497356412
-0.1305686763343129
0.19885643939996978
0.15286792875870392
0.22112709382494888
-0.009290583035963307
0.26194292209755343
0.2529511882577158
0.15632031229656196
0.0708926506559136
0.2801886727918854
0.05357828140190973
0.14209281129243845
0.27203358850932213
0.007436647504029004
0.3295451708628079
0.10157275768736229
0.2730937982712488
0.09112664812885413
0.14939474050727775
0.12704524390683897
0.08332368083905922
0.22903793496137465
0.09483811485098165
0.2439009083473862
-0.2528253564409153
0.3719456504860206
-0.1547138677418456
0.07350407496700057
0.2839350298768696
0.021938441746825244
0.30077564832573916
0.2579867376096653
-0.5764460867663201
0.1421246627267143
0.3522627376741039
0.11970271019821571
-0.18130440531677128
0.008821475862206496
0.4430204708918135
-0.12354464804305676
0.23487870535461275
0.21875173908010398
0.3157433774243873
0.3363994657106024
0.3304403885256281
0.05499371163132
-0.7106209899413387
0.20413612752785454
-4.131308793188263
-0.2325529564843588
0.40920846715014736
0.3289031805618411
0.21188847079109213
0.3367164070496893
0.17960228597379851
-0.017005458781702676
0.01459110158024135
0.2677412345108317
0.12535151717478227
0.2942811599104961
0.19187207926495664
0.36717273151056296
0.16128794180094946
0.3106658842765957
0.3203807515255865
0.40220109313318
0.2612923605905777
0.23575639374621404
0.3301618781117498
0.3157497164421583
0.28453443790754607
0.24213830973571454
0.2182721938711173
0.3205711897293849
0.397383640897192
0.2669501026050385
0.30032433524089963
0.24634750129052513
0.28178306954227994
0.36293785603809664
0.27402028867228373
0.34809245651092424
0.2949390094116922
0.14950400898754296
0.3066457396731612
0.24665083069315263
0.18180720688144986
0.17038251350126438
0.22868586656880896
0.33116875399408474
0.322542438714317
0.27392879073915943
0.31716319368754464
0.2368181452991907
0.1522013662612624
0.2813486693982995
0.3640096302415163
0.10727999174725
0.3290427851064637
0.3777896120520623
0.34792708375148074
0.3200522363780808
0.3415514470719655
0.33911220040596923
0.3168299137915221
0.18555815578495022
0.30707616253986847
0.15351285205187376
0.24108833253514655
0.28578861205814443
0.4256103118901972
0.16500651530554106
0.13133227911417583
0.23535606573835216
0.23497655370934195
0.3463308949332464
0.39316571778484094
0.26763325204190697
0.3191355710657749
0.3504467472316448
0.10838569527104225
0.29028275719532004
0.3739865390827929
0.20311063645511473
0.15744948469118641
0.27412705852587194
0.03646307291866557
0.307511420857238
0.1933831755879143
0.2918685060827467
0.26176386366532967
0.30344483490080576
0.026648528749507905
0.13795209692569643
0.24324085780418175
0.19312065449945504
0.25478136024415754
0.14720980269015083
0.3214057883882139
0.10459054105602805
0.29506784857572543
-0.0020905277507120568
0.15113523560266556
0.3454417758268118
0.20335716392959158
0.1957598192735267
0.12149306219972428
0.21386669636021638
0.08893716343618557
0.1551664414943693
0.25057804798128497
0.1556590453756217
0.3459097716553632
0.19727774191676134
0.1497634091302727
0.1679107568460973
0.24871053215290395
0.3135047895868993
0.08779705921879044
0.28074028614605995
0.2486801438909284
0.2687509580169728
0.19745053582685274
0.1540667689209621
0.22030561801133824
0.28380324668454776
0.20864488570779488
0.25616896937742906
0.29643736439564417
0.10165132782481906
0.12401098166263713
0.11481367887891786
0.22319288609323507
0.17439217309085286
0.10875614783917265
0.1856317371794255
0.2325052588266054
0.09478838095570874
0.10971964882475027
0.023473511451812812
0.20120983556540617
0.29747941978619286
0.07673900342427187
0.21922337753484655
0.2417002269797101
0.05460062710275926
0.10280302829587828
0.08250134724947311
0.2063833642682077
0.3794448908067406
0.04112161816484705
0.2396950855993601
0.25421818372482496
0.21510672908480222
0.3465022917673103
0.11105642771272944
0.18497146940786208
0.16498647639166103
0.1412232835503261
0.1630491940095718
0.0601411696094834
0.14191000783689012
0.24569601838615296
0.3025644518330979
0.08760573999338228
0.07186788358951035
0.21151818231471364
0.2835374335020925
0.2649700007122172
0.14839806428912555
0.16379300904438338
0.24730801704720418
0.1621210708398364
0.18610715368456526
0.20258268571720917
0.2482001048473499
0.19126511864396567
0.12003626250275995
0.2917964804491574
0.11314132946773242
0.044381970101037393
-0.21453947413030683
0.2998878037232412
0.18753712589546412
0.33526802376430936
0.16388134798034176
0.3026668881377832
0.18884930112465848
-0.2224089947097987
0.310282938854038
0.342470246845275
0.22498695655703788
0.04759727832330751
0.3420458603653342
0.11040359979249026
0.18569918819943593
0.16063129595373338
0.31929150773325576
0.1676884754104298
0.07999217581427387
0.23036330545516487
0.2750234516704254
0.03417318741436548
0.3399417329481313
0.13394572155976925
0.24751353611412635
-0.00950958976201366
-0.0067626049131926935
0.3069843650353083
0.2748002674395637
0.0905667300412264
0.1870600560388464
0.15733554035056518
0.24977269030542348
0.24495187383790662
0.22664534688780086
0.14579184011696317
0.13326607230403847
0.148107901665607
0.2976383843695701
0.1751184250893124
-0.09075468445725088
0.11315100732357297
0.24577398646239002
0.23713713303799616
0.2091570632362491
0.27465816173017643
0.23077730116070921
0.21602726464626443
0.16271258598649752
0.246860852877603
0.23257281248976253
0.14783442362587335
0.14512031779780132
0.10805232091331024
0.13320436115008288
0.13464103219535523
0.14639132445285102
0.03785957731891443
0.12752027178070452
0.28426884076963577
0.0579060877181834
0.33208189575713865
0.2876852255540375
0.12338280148680492
-0.0008357877682034776
0.2773219830755659
0.3840861676946863
0.10753880190226434
0.23480621277968305
0.2893862420383833
-0.5843473208393966
0.03222068994043947
0.21072258694719598
0.18006379643398196
0.03089461707655572
0.23468006366060928
0.22321910934517025
-0.2892503128995
0.08659803848799813
0.040895977876681255
0.14260934661835184
0.19508858527790446
0.10032389198390645
-0.453824252928139
0.24973095508844007
-0.32516659508226553
0.32332367252234223
0.3095036614118841
0.2973107152328652
-0.052811468979220066
0.18337025823398762
0.024985266994396238
0.26945416774495656
0.15498887136364353
0.35092297501521397
0.2712832737017115
0.2745291452794337
0.2044243811955868
0.17918696453399513
0.3423535425140393
0.0447807916383679
0.0508160692623415
0.15432603638978987
0.22448308775226034
-0.06879363074985334
0.26643260252545403
-0.010036598886872472
0.12219921279410167
0.05524648436487306
0.2660507867670123
0.2997446750492777
0.21033987562820855
0.20052729791265933
0.1358629972976964
0.25557281169146456
-0.9899184533556613
0.09984861744279983
-0.42091450486808424
0.02176051225069986
0.33152985410868163
0.4701802072126924
0.10035717351536538
0.19369958953586464
0.2833999855832703
0.28162453100272544
0.131260411021014
0.3744912594904317
0.4180712168923398
0.38335096284718234
0.044375251518169456
0.304076371353895
-0.5120250854210961
0.015308043085462741
0.31363327566025123
0.08542878359108574
-0.2341371648065006
0.03376638218092631
0.26378493728170205
0.43212703976797373
0.2087683012480866
0.17013331620256872
0.33426173133097
-0.025480449981202802
0.10499399972179174
-0.30267254721792947
0.336044398360978
0.030403692583050312
0.28024510439988426
0.4225018027586969
0.2207497061192542
0.2576414299548744
0.33684452641214296
0.25825673789297743
0.376296274851588
0.0675171972751974
0.12409258515804006
0.27916245540248164
0.2252054563591243
0.04920673722228902
0.31127352871429714
0.314497587893791
-0.08570854862925503
0.031023103429145105
0.2591693703400172
0.1678298766308864
0.23090041111274262
0.28284361765837807
0.23064711495046808
0.14782880739742876
0.2481967539628957
0.1280033017885462
0.3614418661360858
0.14133114359583066
0.21298800087347192
0.32648228336064256
0.21663177038588505
-0.09703988340754244
0.3332557366051968
0.2924337234262775
0.29213765291999017
-0.08328002950683988
0.037284404474596466
0.23582118110833483
0.056157181042376214
0.21841983978720736
-0.008351707940005837
0.23769165290039218
0.09454804005391726
0.01462540223454023
0.16279765432492904
0.05504524152778989
0.14119215514122285
0.15085432526459885
-0.3945784247024904
0.36403212658048667
0.29616093879206934
0.376942768594966
0.029768610795413097
-0.3132840660037204
0.16918087130451254
0.06350644834626801
0.19051996861210369
0.11759716063784481
0.19611971877637102
0.1200474975765165
0.06982435186547442
0.30272565114650996
0.15495863506913737
0.20908661303496195
-0.13192677318551105
0.2258109513258797
0.20221636508601865
0.2932663226468953
-0.040293994650176246
0.12557294053890666
0.0446264047444046
0.2294920945587453
0.1992412462579018
0.3071103409677568
-0.12897161410194236
-0.4062031689859078
0.17673719992207632
0.27081772193425235
-0.11135292028488497
0.025078950818983314
0.19431989605896877
0.344410956550366
0.08319804271405262
0.23403455360547482
0.1333541292215938
0.24217918895978113
0.10632697245570355
0.1813091261908949
-0.07929126948876897
0.267002972721321
0.10829110634213063
0.3627134851671187
0.1602213817245322
-0.03354250979444151
0.2460852807103598
0.32267565806120335
0.23761901419984538
0.4042434548329712
0.2917904286647045
0.13527044373341662
0.24670464215878235
-0.13538338041319753
0.24351462661247736
-0.24272601696494966
0.1648857440025162
0.2524982502512043
0.32548773765670735
-0.06273806510054314
0.06844636365700624
0.25180672649099495
0.3584599053193468
0.39411087181289894
0.10752780351853947
0.16348042945076036
0.32873900120074734
-0.16531603410775642
-0.005729344879430998
0.03302046834113076
0.1739743435994151
0.05432877889744059
0.13966024846720249
0.17319882862966507
0.15639148499426203
0.1475144243202548
0.20950012474290952
0.028395756929420923
0.01266305909953036
0.3425950392886646
0.3034476560813441
-0.2972673807093015
-0.20584016576032738
0.10845208089956776
0.21610367669283503
0.07701840561606033
0.04530521389892511
0.027261290856087195
0.18086532152206325
0.2748828628967881
0.1926854790883148
0.07601834714293687
0.10278456843447331
0.1601271432487792
0.18818962682753476
0.28272247040229104
-0.06844370494675411
0.3907707389415653
0.3146128292893198
0.19201702772830914
0.14875596553666587
0.1969259933080701
0.06290179300281634
0.16501775955558629
0.11814609350878152
0.3643476206535604
0.34546144314498234
0.33595586380291037
0.10514644453264127
-0.2470385554155733
0.19762917372387084
0.060220243820414576
0.26088232263568323
0.3409985096098622
0.25002836981181986
0.29278870060811496
-0.041256052871977866
0.29506869469095454
0.017974898614776025
-0.032205930985978015
-0.047950203844027595
0.22272412184331242
0.11345054406387273
0.3137571962450655
0.10051637847886796
0.19823863984862955
-0.06839692422746901
0.017484247223978233
0.18136240860141162
0.32849698642365277
0.18223723227572813
0.3806743903442242
0.29190888695373995
0.2473265588444848
0.13668385827672747
-0.0013046500295350594
-0.09109406728308334
0.19106506087754188
0.11460023239150952
0.16995905996434818
-1.1793253389013554
-0.010597155895245791
0.09099202969576786
0.29259233312106353
0.1759277890273917
0.19975125461556764
-0.33661843436338
0.34723004759572007
0.21561092937252013
-0.02480547891385332
-0.30743795396302254
0.3621324758687974
0.2196404719641738
0.19783655582315574
0.3426586839935607
0.2966686328498045
0.2288682323901443
0.24387905363187135
0.4468334338623018
0.19517225098170304
-0.06618555076496635
0.236738732393811
-0.03378246049177902
0.33006382376917875
0.21741951284057076
0.27524356356013097
0.19801116819443781
0.2599732263434276
0.33670668751732696
0.203302606946218
0.18328442051832533
0.1813946000730468
0.3707384486585236
0.3698687506858438
0.2267183787697804
0.32841341419352954
0.3422280845313228
0.23303209213155568
0.014521514371813371
-0.08213568749385369
0.2971642577680943
0.20636243408618027
0.1589414277056952
0.04692501067073768
0.22706550436175238
0.337683581190137
0.22357615184388813
0.20294999870302693
0.25638601002100586
-0.02843425457694626
0.24516332427456428
-0.3219430607034711
-0.056832771119704084
0.17098480477007838
0.14832848805082433
0.33221273277059193
-0.12397329960752945
0.18792959295734668
-0.13639620996613688
0.19765089480483405
-0.10839097301722056
-0.15199754670418775
0.3431990234361193
0.015340345898431751
0.10514234127055383
0.07458663192424048
0.13645222696861747
0.29788788155138624
0.07581015975939681
0.22448721647981518
0.3182438901986222
0.013361005440559182
-0.0010364746160007599
0.10300611404729443
0.10102833115890558
0.02306961909972477
0.007870198504658199
0.26233270134145215
0.23041684855187217
0.2769829778178065
0.23865490726028227
0.1395231882650801
0.12935031172710798
0.14301893123845888
-0.8030132209883354
0.049628799499784715
-0.0450750606570941
0.19694350778826408
0.09697610968483378
-0.06419993728904994
0.05206043271985006
0.11516586586173866
-0.0896143369189063
0.13235383166116915
0.1553433835026954
0.33488754157253503
0.27787466629706553
0.05020649742271771
0.05561015599707486
-0.1479011693048643
-0.2827785676231993
0.26280437811804436
0.31827797205152764
0.23192419833034944
0.10835398361176551
0.13313476160577736
0.20639728163154597
-0.2481990714258402
0.3323510433505048
-0.584042923892389
0.39245050493611283
0.34420390167993725
0.39037301652868805
0.28948906727388884
-0.10653629650753538
0.0640327479276041
0.2578942488692246
-0.03175849497702388
0.1343271813325035
0.24522906429477276
0.37398948996931686
0.3361743584078864
0.18702708059582007
0.2829155425634666
0.3489445972986691
0.14797845052628178
0.2425418967823636
0.007810035539645543
0.10735144651235057
0.30064065038045545
0.26232832999710065
0.16118202867270265
0.1806652487876919
-0.34629903377568905
-0.2562534128650855
0.16874838873900133
0.23446199149669644
0.2762590670007877
0.32838119905790975
0.11647492945832455
-0.22775590697982395
0.29889182768160216
0.1676448307579933
0.08335866372468775
0.18234685382352794
0.15881113818902343
-0.19460638594092017
0.364088836656315
0.3021729165964432
0.1240437051622284
0.0806869949565211
0.27654533521422986
0.17211635685871263
0.2596994152515071
0.3493581147881724
-0.10360441530992537
0.12976234351619037
0.308247822472291
-0.21251701234517728
-0.1394233329056438
0.16214620546672215
-0.12662342052511366
0.010536888826807589
0.12893881351624797
-0.001758826600310126
-0.18937238854126193
0.14165852201899692
0.27972102687499956
0.07833850586879293
0.11055301416814411
0.30161602161359446
0.2745430937281613
0.30198807563056795
0.3776977263903408
0.14079472126426984
0.20186377510135667
0.27793831403742464
0.15350461067067928
0.13679799688936156
0.03061711639047565
0.36651597239016576
0.0749719553992429
-0.21116259915868574
0.2928945196656534
0.3158067430703613
-0.08376020387242344
0.24653118440054222
0.3602200459960764
-0.16786548335517992
0.15386054427155088
0.20143733550687987
0.3724216376086973
-0.38165876931563947
0.26098356910599224
0.2804033744191793
0.19117255233753971
0.17070593488038505
0.18989177406434327
0.3736822497699962
-0.1802082147945978
0.13525567050360782
0.23199160307976607
-0.0029144734262032124
0.22748170393165446
-0.07049919144419614
-0.10430076017183243
-0.0885728334196394
-0.522444309485312
0.24639273213062263
0.17124733082103805
0.16900775985287225
0.11268811387050204
0.3651415945285522
0.13117688140265293
0.24180498934625172
0.25104134749724394
0.23856644931976545
0.09680470138139385
-0.00800192075957551
0.3513261350089524
0.08896538407373528
0.217313987581699
0.38021170481889804
0.33672079279594713
0.41319351228364576
0.29396956608589697
-0.02274572845302214
0.0986312793733844
0.2970948190548908
0.2176914430130394
0.20134275602842738
-0.04410646871330537
0.312912835235846
0.09339894663927328
0.2612549759789671
0.12416826081058185
0.21415843489531916
-0.4294722929695216
0.03947753264537579
0.2542954580032281
0.2897973473299912
-0.13957187291488293
-0.8724184659004564
0.3078338080510988
0.251048811177068
0.14194409111215067
0.3570617201646052
-0.01878736033411388
0.2811708135686641
-0.07906671294272627
-0.2194365500223432
0.2886670691688511
0.06030545912434265
0.10586451519350937
0.11014632439449729
-0.12459977682582435
0.2362951408493345
0.19527392013037714
-0.12380555469747068
0.3385919120027655
0.28306513496227415
0.20164598397777567
0.21908863337829487
0.289859883467403
0.16631897752998176
-0.19763912075439372
0.21633873771526985
0.44696628360864366
0.2133746575894535
0.1782904605516672
0.14140919124041895
-0.05572141032128797
0.29581657528403027
0.10878268195903168
0.1422033988340291
0.08381422670618777
0.005772915206413598
0.24364645468774299
0.2230542752152822
0.2421034957884055
-0.005490473434672571
0.2556207660114902
-0.06178679298389167
0.17511736024333435
-0.04579484786379884
-0.041829102290154796
0.2122777011666676
0.22240825949977017
0.2031381739897551
0.3265853137288869
0.32875276952882937
-0.07423278286605184
0.020364409340206113
0.3166748388353589
-0.0018212404861942533
-0.046245807029868136
0.2906057120541974
0.13414887331169711
0.35258911709206153
0.21856503286701456
-0.3020843616544442
0.3801164631374841
0.24559047761146113
0.20182742262754272
0.08035470081983337
0.21486255974053747
0.27827891857355475
0.021690023708464845
0.2094133326177562
-0.03148681729767333
-0.48396673380436495
0.0036169744681434635
0.10126048007606436
0.31665006304567767
0.10824117847592263
0.07396033160088611
0.11145851924598404
0.08965463149723385
-0.15011879873413825
0.34575535315136174
-0.2934828708094981
0.3484974371835067
0.1649309007123324
-0.3356830788305377
0.42765852205291277
0.17907925662764168
0.10574860148936965
-0.9566142213718116
0.1406001243419422
0.21041669015285352
0.26771387705134375
0.23420090542343736
-0.6038646122897089
0.24154791222074323
0.3029443651427876
0.421650457106533
0.3769102778615682
0.4450409763944527
0.14413112333057992
0.028844758800348036
0.4009887410421098
0.32290377798073944
-0.014753182269889309
-1.8912301120945192
0.36789113809563334
0.32316532818681143
0.3409382321992719
0.45409474257774357
0.4568833753885496
0.18439956254789053
0.28931219148154386
0.38879430145324556
0.20399249090417015
0.3710076295616228
0.387099044654718
0.38263884821455013
0.13757832245693158
0.46714040019152075
0.43508947997760894
0.3677189329806723
0.2359485871208074
0.38849083878790963
0.3031453188906046
0.27764908149811207
0.27455626724781845
0.3458189702940637
0.277629096093152
0.34733638584175486
0.41098321870472165
0.26653458806996555
0.3654707912454127
0.2744633485692646
0.3642118613441487
0.30816282036887754
0.26945974253603444
0.3209297166308035
0.02665215835925505
0.3388581140340174
0.2741857539173672
0.14922529446388072
0.32261446774595287
0.46358363684935955
0.4430081365128964
0.3558571833060277
0.46491840846212384
0.2716335893673154
0.27575553091386384
0.2937925345258563
-0.09809442954517189
0.46198579495707187
0.3447608863842573
0.3297050565353624
0.39526785184680135
0.3750542106664108
0.3204737386592414
0.2873975553872362
0.11764396978132224
0.3171928517934229
0.3364070320578666
0.38925925298081376
0.3614837928591469
0.34905751462352425
-0.40665831418985565
0.11829171021294049
0.0018495954811889037
0.36381275684702274
0.3832203892746935
-0.5175005787580425
0.3675227614389661
0.2996604993760713
0.40670078071371873
0.32857052345965587
0.3927440713946091
0.2836315690814492
0.33150173225978063
0.26724403014718867
0.00873037620618855
-1.4442852035979277
-0.26582348870131356
0.19334649213480415
0.4223855999357602
0.11471116472884013
0.4588240273388945
0.43092655938407104
0.2127052931075018
0.29445839735061174
0.4881220256947373
0.4031989188922527
0.14885655788462865
-0.059634944050791394
0.12956902094510686
0.488210612633002
0.23686476992139122
0.4730541756075027
0.3618546620352927
0.20967318350721453
0.3076343787967446
0.3157276974002656
0.3574431594460227
0.38148616938290125
0.42995249327062696
0.46085873379804043
0.26134557591981056
0.39354617172556977
0.041623594239264206
0.4300576140326158
0.2438904871573302
0.2744337965838277
0.19408949500945327
0.4337410726581231
0.4463660860567614
-1.5511221286158965
0.2294146605921129
0.20591365911310167
0.39176637680455
0.2660996778392841
0.3945269295584801
0.2866574695945918
0.3886522655050794
0.40176567723095163
0.44069259910610303
0.18201834144378526
0.2249834465016226
0.3558415706915866
0.3369134558275886
0.09576802880565588
0.35315144895117545
-0.3227723056295312
0.3519496577127008
0.3626982631694418
0.4113074067349653
0.3886732237651624
0.28765772703849424
0.2153663886345269
0.4459722483322822
0.30823878803434057
-0.02947186367382948
0.4573776289291705
0.18229559725244548
0.014190144490263734
0.26112083137162956
0.2612157297096108
0.14668822000792203
0.3448835869179182
0.14359720846124602
0.3601678839961688
0.44823946337113413
0.3807535879382161
0.25291591414158243
0.2784844338438075
0.15697457717083013
0.33592664998562205
-2.238367528028322
0.3156290767738405
0.3694189456267706
0.37407260692908667
0.26803125809023476
0.22138171489313163
0.3590470150713582
0.2641805674357742
0.2899920560215985
0.315254916237109
0.4529841379153351
-0.22458060137200153
0.4133076870113083
0.22271936101976897
0.3233698390913773
0.30077723645567245
0.4357399083957768
0.3310410870815492
0.32844350199473016
0.30076679346870844
0.4257757318717917
0.41828659083032504
0.23537236860764338
0.3489856202214155
0.3912598917222587
0.31390131133307947
0.2702275065723711
0.3542247231483423
0.29272282750175405
0.3799400698107286
0.13323063076217379
0.22464375261525177
-0.012587797737158457
0.08942481382471312
0.2273152844451074
0.34567906193380293
0.39307790862537484
0.22339402113643542
0.27512386565601404
0.061845344075110886
0.36885872808004466
0.3885081968777825
-0.4776029046646265
0.27602708319543984
0.444945483263486
0.2366242712494947
0.07238725216195646
0.39018666344576414
0.14676602747367223
0.4224255274258685
-0.24457626470224814
0.3782929173361227
-0.06033142761095722
0.19330610730790715
0.1878024863743517
0.3772408814772126
0.24900497384091275
-0.1034886185657844
0.35758214032898133
0.2904822253994185
0.27719441935457134
0.35129336112291887
0.14321958382532796
0.3784211927145201
0.30009380681009534
0.24814527608915876
0.16261427464194478
0.3616406756700411
0.29530202448681675
0.39700407724485437
0.40511750628448717
0.4863830249900431
0.32785772997851365
0.1871526580507249
0.07271293210635593
0.17959431312504232
0.2981948692923273
0.4182289359488318
0.2903456317383125
0.36981178540121273
0.43733675001912303
0.4105602188056453
0.34169145788903477
0.18320653402788561
-0.608600619681998
0.2970978051919378
0.24011026698180327
0.4092329604660643
0.29975668770097386
0.43020091937026317
0.45433782179219756
0.06588842406910961
0.2532254542767182
0.27351603236497546
0.4387960938277533
0.02471007565838812
0.48050084043862606
0.30881687078845454
-0.045752010892202044
0.27972794473514373
0.2713151395574363
-0.07444185259686775
0.060223346667507505
0.3788601827264117
0.2186185082162006
0.40398426204510196
0.4472115730230526
0.22082249132506643
0.3290139863160786
-0.15396063325595244
0.2714706448830766
0.41432121795576793
-0.07422505568603832
0.3202191657714176
0.36377074363275175
-0.015105416822280282
0.1414596737905202
0.21661290877619427
0.28070151948220234
0.427069638868231
0.3176708960316004
0.17702671593986935
-0.1780936955726108
0.34355022041556865
0.23698724383007352
-0.12059691568369868
0.14875747363531766
0.1742903920384506
0.34785807209167446
0.3512360790796893
0.4367279651091637
0.26493866023583923
0.39625867015768584
0.4366584346890511
0.1490680498176633
-0.10775524435087669
0.032933770091476466
-0.010841476741087486
-2.2032320759999675
-0.08747988352626468
-0.1970187494146426
0.3990757833718664
-0.09297085063986388
0.3045586279372261
0.3552497024880119
0.28936245692852347
-0.25257099202691646
0.2170631632294226
-0.004242948251756307
0.03686411782288357
0.42982146810660515
-0.09142935418443465
0.3060647546958759
0.12179418773968947
0.23636180585787075
0.41619737320434125
0.46661427587910503
0.2708056906328478
0.2652179738079974
0.36916547239119185
0.4434597068237671
0.23970541350279934
0.41633286601904984
0.4591739913810878
0.29070797453603137
-0.15695762576281402
0.02545050404119148
0.4345242354990014
0.4130924007823786
0.20755683386775287
-0.057955978276099995
-0.23801918523494803
-0.021106334852236452
0.3795367193921775
0.21087438844653833
0.2854419547510293
0.24885183543541384
0.0835644437228068
0.28916810459889586
-0.7407024881900397
0.12860975575655154
0.08029934304901026
0.26890794383474126
0.3572385925254591
0.43900653591141653
0.32791743754218594
0.2255857454659751
0.3221124651600714
0.17665377293439433
-0.03696882469881935
0.37146926216667797
-0.37758600389342245
0.43412102575164013
0.3093195609608527
0.47733221870363446
-1.880853923780636
0.31519483625821054
0.3679523788534216
0.1931502671800724
-0.108556611662594
0.4162207046335169
0.03502687917141706
0.33175766645941646
0.28809533113284874
0.32781452822386875
0.23482474573864115
-0.07210085009281153
-0.3753351048023351
0.3097709892676876
0.44595990602076374
0.2751424863644345
0.3055522447704899
0.3870454963172462
0.37856813668101913
0.31219357665229513
0.2643458739141614
0.2989695985909706
0.2339633298853609
-0.4849596753264592
0.2762061591242806
0.40133693948657856
-0.40552846756938976
0.4052373717620791
0.2857549894099374
0.22166689785024885
0.20976867264765464
0.23852013359940177
0.32666467511393044
0.30301293982840555
0.43876425548360726
0.22987353907019537
0.36564584241029185
0.15223847159235177
0.48087925294325506
-0.6558901466753289
0.44528875309543003
0.41943470103949654
0.456766296017093
0.026040800761510774
0.4039374721515104
0.2778002221764062
0.422949072567547
0.050910653259106486
0.2875189929775154
0.4196334155503154
0.3883737970497207
0.46395410065425063
0.10897892334797515
0.11076734997557264
0.4571220615033365
0.2463001887021719
0.2212419354958008
0.2559692173302674
0.38338319249592767
-0.0179019232095049
0.4386253552632329
0.3105976715468378
-0.009133036948863471
0.24307864897473125
0.45859094022381475
0.08575425381935442
0.15734593529274454
0.140881411164675
0.18512403686742884
0.15402270941282192
0.1500902185943584
0.45032277844701846
0.29627351770405913
0.20044644938962775
-0.5673701274888021
0.1785431388101652
-0.08622727693775922
0.2090673388669731
0.2628351783981482
0.32691972891667964
0.08710884636933708
0.12026259874345319
-0.187012944945668
0.2554628274528381
0.33473064851276557
0.16508173764969908
0.3703310938355474
0.23795090117896617
-0.0012385888988266647
0.30021638892924585
0.40253441544841906
0.27008076107535217
0.4291737402375812
0.342283990351136
0.2789846552068617
0.3491194464686927
0.16191974276736987
0.33658366121767525
0.49161558012262185
0.30562027056193325
-0.3373340228531849
0.11078024023330346
0.27713141315351897
0.3643348764214561
0.20331870420144466
0.3173447283937408
-0.1430946305448898
0.29477663312649427
0.25468493835421113
-0.16983908074794019
0.22997639757209348
0.20121455983743602
0.16235593703281187
-0.16698314678114556
0.4224205938211474
0.07675837259445012
0.17809413078708608
0.24868428989417585
0.3355300201327107
0.44075952991155204
0.32453651217729834
0.260904529979461
0.34019815457047325
0.18532656842367856
-0.4677160040674483
0.29622203303811057
0.23125003472745775
0.43556647172410656
0.23756967901460224
0.4071727192589779
0.4114867597226268
0.31211996132799447
0.15527380484778153
-0.048177874872175064
0.24189240156506486
0.08370068435676409
0.18579425588097548
0.27960698695573905
0.12911962305141533
0.2659500416299653
0.24197711516915837
0.2004385126429103
0.4077725066880522
0.31285119340308337
-0.31882881642251104
0.3913763561014071
0.28690625484167553
0.2201612348534927
-0.8624049009374406
0.4648167251355166
0.2402816582195466
0.41067987691764807
0.32456490804410654
0.35955017759957264
-1.0601312856658016
0.36369724025286126
-0.06382357563707308
0.20688583809087785
0.2914611246231613
0.05927933995334023
-3.2604820450231564
0.4418856243414641
0.19059308733300223
0.3029974029875965
-0.0874832587935026
0.31034550498526703
0.10208079602041381
0.35994812945945276
0.33211699659682004
0.21307786668456857
0.03654647153577828
0.3518084539482036
0.3350161185799837
0.32080651210989286
0.14666918722156425
-0.27655192282784524
0.24037826496837317
0.37159611552712546
0.13078706242914412
0.38171764573175876
0.3573621914776372
0.45894968420504784
0.30513036484410627
0.4171099383621223
-0.39232451968147786
0.37829018651648183
0.3689028812136066
0.47567031440131685
0.19722546834219656
0.40061560130582935
0.24846801918641842
-0.07031562295663729
0.30443944032242537
0.417725898894517
-0.1551771236288082
0.033462732440224796
0.08359024190247427
-0.7452374054550339
-0.3926062810558395
0.3554513863122682
0.30977815314033186
0.243388827788606
0.4878119611955734
0.17403083593349855
0.24954252050420117
0.15867417926899585
0.39447774478003234
0.0844618347417131
0.4261983024489938
0.05724020526315515
0.14758439069078383
0.377603348658586
0.4172287210463944
0.1704149478701215
0.37782484616672013
0.23200366305332448
0.34870327932589673
0.28159060355119964
0.26016794572352353
-0.27913689380793527
0.11068271759961895
0.22459157341608432
0.18664630825120282
0.02665017995016966
0.36264227283017525
0.061047022088753566
0.2358387375285863
0.25164393930571094
0.24161520484106053
0.2956216848857903
0.08468026047725191
0.23615123138518895
0.2575271808840469
0.4883798963203336
0.04598205194158195
0.22020022827141733
0.4185056594902194
0.3123035202948876
-0.17573966890964798
0.21078689440045556
0.04008606650441199
0.005816911717632378
-0.16780367881537417
0.17397111719935543
0.2566964989598901
0.24297854165479482
-0.034201992751486276
0.20070458295158955
0.23813935459099678
-0.18400528706642127
0.4250053089595671
0.18719233115273543
0.3055975460170848
-0.2652870247750774
0.06123622428683306
0.3587238113144355
0.4438277578691088
-0.09588804050957211
0.10648714394762748
0.2924515090088678
-0.4124315806899538
0.2548250344416325
0.3084263009635636
-0.6340634754163803
0.17025742920840697
0.058709372643683866
0.2703069170226536
0.14902733200693313
-0.007137907022447654
0.24088859775420302
0.22884738225779505
0.3178253110817892
0.41158124075844627
0.34667816716202826
0.07105271720955109
0.16603776921208446
-0.4964419121223619
-0.5979800227566843
0.38650950199686807
0.35793296194124613
0.15660907501209653
0.3807697969926722
0.36923036286361594
0.23190638486513704
0.23478565366900922
0.4656746866444382
0.17336066108981757
-0.5483360295207989
-0.006142748743511395
0.38600459002521503
0.4142939766514014
0.3885221193318198
0.3633982187596809
0.318365097499429
-0.3156876960243178
0.35301614069988196
0.16753761764879538
