0.019204730875861775
0.01680881280310855
0.017050832819810683
0.016686087755571396
0.01531265970326398
0.013673252250366887
0.011707624473606282
0.009942628338492467
0.007970211400403418
0.005473441769215929
0.002560551649526249
0.0010552467226813888
0.004215754775620742
0.00777077966005804
0.011355814120364746
0.015481800863241258
0.020211044757485138
0.025231292140769385
0.03024367928192231
0.035558825946679536
0.04084683079427513
0.04657462281407894
0.05278962325527933
0.05973020314802295
0.06698645961024234
0.07442368210928452
0.08150806122553149
0.08883937731326062
0.09623041428639546
0.10367759881414493
0.11085092542528843
0.1183107622874144
0.12602083976922462
0.13370493413643536
0.1411943372679733
0.14846645503704275
0.15552429167787232
0.16262067883305042
0.16982382951723174
0.17717687778509164
0.18414721178270035
0.19064090586620955
0.19689778223219573
0.20297137294554496
0.20863693303948636
0.21436029406319437
0.2199617262280119
0.22583280624733798
0.23155441805540697
0.23739235218980717
0.24330130929739255
0.24912725798990706
0.25489377566402016
0.26055034987564885
0.26560370041350284
0.270802252325802
0.27617715833145384
0.28145904330977495
0.2865455337975113
0.2915672950117084
0.2964032718062839
0.3007239918012116
0.3049985977587912
0.3094787590052429
0.31417133170196093
0.3188642928878677
0.32372807321410446
0.32835396237789516
0.3329239047414442
0.3374331638334188
0.341563617804349
0.34589405119006955
0.3503065856264887
0.3545939057771425
0.3586456093239328
0.36260859150835095
0.36625064725026635
0.3693387749105046
0.3724597790481275
0.3758386212372771
0.379242936965286
0.3826463324734419
0.3860007394406358
0.3889085690122138
0.39180500047391553
0.39477109054722626
0.397839310340493
0.400866426942242
0.40425264424231494
0.40748039855073925
0.4111574020477826
0.41469406871568393
0.41843534165427915
0.422414078261693
0.42653672586299984
0.43052560843350407
0.4344476676004503
0.43847107743243335
0.4431258908715972
0.4481070713712708
0.45333926538744795
0.45875694915201487
0.4641343504628203
0.4693777923098795
0.4742362181896521
0.4790253167261623
0.48406449492967074
0.48939036536348335
0.4947064819050052
0.49950627656429264
0.5043700168507086
0.508982642172241
0.5141335809419283
0.5188683509802141
0.5236527490955896
0.5283183952127739
0.5329013969491116
0.5377480293758066
0.5425741901003289
0.5473008544424008
0.5522179242256221
0.5575047139934248
0.5632645569176657
0.568560131385412
0.573274235370252
0.5775106309227772
0.5816505158780201
0.5861685637950211
0.5910818710305815
0.595988817534671
0.6007959029622745
0.6053208012301227
0.6102583970812064
0.6151292556587066
0.6195912155841851
0.6246851365134621
0.6299005448720747
0.6353139584938308
0.6410353518548557
0.6457042208896021
0.6512665882831349
0.6569074267793586
0.6622353007178057
0.6680885747901624
0.6739539253262867
0.679709877815798
0.6851008154825995
0.6904377130748033
0.6957962519661075
0.7007004651400481
0.7057844787399313
0.7111013787614318
0.7161977897285032
0.7211653073021377
0.725011862521753
0.7289324839551299
0.7330748422496596
0.736866159892209
0.7403213329268391
0.74385521894645
0.7474860483489266
0.7512309940078181
0.7542228020320814
0.7583623681880681
0.7636128291465885
0.7683288699896598
0.7733541067499585
0.7780674746374422
0.781887811234307
0.7860260484678334
0.7893716955920129
0.7927729119046858
0.7962313681680685
0.7995144018578766
0.8025833972789941
0.8051787248306611
0.8076387517849788
0.8104554347342606
0.813270786126597
0.8157059194164071
0.8180124081475424
0.8201612428603576
0.8220665706826564
0.8238903160407491
0.8259263821460665
0.8287490841435349
0.831511476393413
0.8341956345202057
0.8369362787034607
0.839642227984146
0.8429365276043126
0.8454941678258816
0.8482784534655496
0.8502802163142824
0.8517912183126609
0.8535107418976272
0.8557415070556625
0.858405234569514
0.8599229459838977
0.8608710887797123
0.8620806503634018
0.8641639003258746
0.8663933002523232
0.8680414323698653
0.8695675757749066
0.8712323137614036
0.8722117477858677
0.872094531437868
0.8718941635479729
0.8715459676146952
0.8710154197598685
0.8706691165850167
0.8705010795103093
0.8705741378913917
0.870959906772687
0.8722173017735996
0.873959609309604
0.8758465282584066
0.8775693622418369
0.8792193471926848
0.8811747466152406
0.8827960781728952
0.8846546776302492
0.8862318480656741
0.8879114861671219
0.8896196240581539
0.8912987597343057
0.8926823475201563
0.8938319105097865
0.8954379241689179
0.8967759569644217
0.8974471474132872
0.8978695411883477
0.8990276150940286
0.8989130746975603
0.8980237557123368
0.8968424387269601
0.8957969533822592
0.8947839612210923
0.8939643217478377
0.8931051172836899
0.8926770213985433
0.892364102066507
0.8926117147735703
0.8930598795254379
0.8934152046516369
0.893859967921688
0.8943273097667167
0.8947778023595396
0.8956189330494458
0.8967417848995013
0.8978870177252262
0.899005424353701
0.9003191104221929
