0.010470621531588202
0.0108247962824904
0.00939213068591158
0.007598782010111107
0.007106569077314701
0.007288938110736643
0.008926664753403073
0.011452568428407622
0.014539112610005367
0.018026003001075534
0.021510082205559573
0.024835307243668624
0.027875453885691376
0.030270560330248494
0.032006276077199074
0.03360041320402739
0.03525621164549183
0.0373446612106801
0.03998016853603449
0.04362289132362183
0.04812472309129327
0.05371355994232856
0.05990050278714084
0.06659887157223003
0.07356308005075639
0.08060641857155984
0.0875954013407546
0.09453555438706136
0.10139378382921163
0.10799057745192063
0.1143890004535206
0.12058344317328701
0.1264530912993761
0.13208811106522206
0.1374270469002329
0.14262187509382004
0.1476028893771567
0.1524255423595677
0.15748007461845193
0.16236899046100142
0.1673439493637685
0.17241360735015335
0.17764326941931682
0.18276435925104947
0.18770551598922836
0.19287504854621335
0.19823731571810996
0.20355495883745175
0.2091743574818589
0.2149383445725303
0.22067446327316198
0.22655205240940027
0.23257384447574178
0.23841829987593674
0.24440442452055483
0.25037537453816455
0.2563033597968254
0.2621911135121196
0.26790688323554107
0.27353607470126373
0.2788968567613938
0.28390663526440507
0.2886161210210951
0.29291448567015677
0.2969282482393244
0.30081550076085456
0.3045084019271166
0.30803618768405727
0.31134913492457716
0.31453988050986104
0.3176432245018329
0.32065399256408045
0.3238553487038099
0.327237782172765
0.3311417941897089
0.33536880704139904
0.33979127302947754
0.3443550817540711
0.34921400287651694
0.35426462559689664
0.3597965409637709
0.3656404775057158
0.37187578104902413
0.37800696315382665
0.384055621690275
0.38981652565784464
0.3956362827255601
0.401559370626611
0.40774234718893004
0.41425838205873433
0.42066383884455705
0.4271727585586042
0.4338107641320875
0.44114618228296004
0.448521687441013
0.455475767845345
0.46114004919735463
0.46666806099862823
0.47243985043378955
0.4778337260057305
0.48331896971561034
0.4878364657571062
0.49260099301603905
0.4968783844150661
0.5012043914421629
0.506240260159662
0.5115193223539215
0.5173245617265942
0.524149034339691
0.5310868226541411
0.5366159694980495
0.54138544371717
0.5463469520125339
0.5497604541682978
0.5536027624085113
0.5570291943576232
0.5606027002188684
0.5648774739375596
0.5680932659492
0.5724127315327578
0.5762390012403258
0.5801650670389339
0.5829556571597256
0.5869366226757506
0.5908111660130814
0.5925837638192544
0.595698424548659
0.5982591807001546
0.6007385880521475
0.6031569561721917
0.6059875882004283
0.6082805006566644
0.6097763250955791
0.6100736652436448
0.6101802602286047
0.6094458956382584
0.6089410801466522
0.6105922900850604
0.6124909352418962
0.6141123338393389
0.6149494244747836
0.615628301581405
0.6161917144050678
0.6164832556601596
0.6158074814481829
0.615390460809966
0.6151683685126944
0.616204438741293
0.6186373614456809
0.6199923650222529
0.6215470558070322
0.624193811843272
0.6275629143725561
0.6312503907723997
0.6353595381600918
0.6387394215966248
0.6416463362182407
0.6430338251316075
0.6446260224831155
0.6471875793210903
0.6506045835721808
0.6557292299024405
0.6593684690059157
0.6641931433828058
0.6674415495108913
0.6697799114268748
0.6718898475573881
0.6725896827159275
0.6729128436038407
0.6743647877139773
0.675311671959884
0.6757959368994921
0.6774193923973209
0.6795495050692789
0.6816839291431736
0.6856038278551501
0.6892698075102099
0.6927388877588169
0.6973554011100219
0.7010094531565201
0.7053695288584562
0.708680386795175
0.7112658529655528
0.7150274975988282
0.7183850997001339
0.7222745031542498
0.7246705659937973
0.7265342562779925
0.7266635590285492
0.7246170511359902
0.7233129752283263
0.72105476494799
0.7197993578047661
0.7195285149991667
0.7189643173239129
0.7186008558913491
0.718552294594532
0.7199295411730474
0.721297566596686
0.7251225018602422
0.7296699682719333
0.7339157112651827
0.7374439249155568
0.7411089095280319
0.744011308613498
0.7472510286247234
0.7497005017929753
0.7518286185365685
0.7544366525186145
0.7559305373795558
0.7591029554948523
0.7608676018802442
0.7638249809883427
0.7674930692678779
0.7714068444724942
0.7753160109454295
0.7785561986852587
0.7806772978360417
0.7816150795378257
0.7830118992648536
0.7843858251634426
0.7845922621117276
0.7855394612199835
0.7862383118759307
0.7882604889795047
0.7904777865055977
0.7922522898160467
0.7948329152762957
0.7981412772588596
0.8008694443372893
0.8048803901452571
0.8083078448261899
0.811704521405112
0.8152315116671128
0.8186409407794047
0.8220347888567621
0.8245720604248369
0.8273584913201695
0.8300305950801822
0.8348261978205778
0.8391669202746543
0.8428173291382397
0.845442415924647
0.8469028602343476
0.8481767866806308
0.8479185718880661
0.847491388049931
0.8471043957691555
0.8474169836803505
0.8493316590746157
0.8505685863539978
0.8531149180373778
0.8558735566000095
0.8598112954290231
0.8637078975771557
0.8680982882774546
0.8719524664316731
0.8753543185858959
0.8784557218552099
0.8819472661145061
0.8853379992976287
0.8903250595913834
0.893514093739026
0.8959996691132599
0.8977309283635223
0.8998618478347654
0.9018025357099724
