0.47882989604470294
0.4580035377764352
0.4545109307809265
0.42906420846721366
0.4314701929776511
0.43946001443409444
0.4337284929947756
0.4219748060170221
0.40094690595162275
0.39906607847508524
0.41104112858486197
0.40540950269201304
0.3522443829725054
0.33679794075931285
0.37843155307164034
0.38644375710928697
0.3689217667528303
0.3325649690519087
0.3378195750727139
0.33453844980446995
0.3562174107632402
0.2884706549267
0.3302075402973004
0.29770742515610277
0.3183865963469204
0.31847318100749433
0.31179555189716834
0.3162064647058581
0.2937022475923649
0.22396303984592125
0.24568028501167932
0.33813411998621556
0.2808366938524456
0.2879885980598528
0.30883044219956235
0.20862361618674075
0.2532911556863482
0.25008148300515787
0.24334815778853297
0.2550044217561537
0.269438039543494
0.2259900360051833
0.2562957804456507
0.2307154816448419
0.26166595769530654
0.28864495422814695
0.2559454842668709
0.23783399302572905
0.252311138432759
0.2374851722871979
0.2720841006059906
0.2294923714199339
0.2122318771684814
0.18462052961338904
0.2511830306343823
0.2857298747746414
0.25770575504953785
0.2514701673776068
0.3118301935540959
0.18662613112890436
0.2116502684757528
0.2284794774152229
0.19759335383719434
0.1805040628974
0.21539241193284792
0.22558030281122998
0.16910169726499652
0.22880909494629875
0.18912852191424573
0.2061137100018302
0.22893468006536621
0.2174553352629524
0.22013760796401688
0.1930342111946739
0.15782959881701514
0.2905272631455229
0.2536067973978816
0.2320516196725061
0.20486328098805984
0.22343733517253078
0.1395205318695858
0.1434285654174688
0.22700568468766713
0.17359707715435124
0.2555670518300903
0.20099130519863073
0.16048914867537362
0.2820418525352919
0.25076677784746637
0.18483645913008806
0.21289084700683863
0.26415190610720957
0.10725201137411539
0.25361046586326197
0.16242506678735602
0.11794483941084533
0.15414279264711067
0.2004977151708493
0.15559595412654803
0.25617540954980605
0.04613874517298677
0.2971070739823748
0.17758765953225714
0.25014446703998966
0.21054986635170575
0.1423869912343193
0.2333544496785438
0.20123922043935916
0.2145209504084551
0.1570729605188026
0.15341084403090477
0.17855309792135599
0.18120176054668813
0.03554898552431385
0.1670385657276211
0.3023013033431753
0.18069568253919338
0.20406413166281673
0.08900003180531013
0.1802067697673161
0.2363515536080249
0.10785411855891192
0.22366403822385494
0.14831770239177328
0.15936227076501042
0.22027135624173244
0.027182554422505
0.14110050101066668
0.11301571195608506
0.15946328876697835
0.31667129550853423
0.1746234903917221
0.18302817270962002
0.24554584251679812
0.3078225207807149
0.2557287497771415
0.27725877445093633
0.20504889739432908
0.2743180406783886
0.11446965135451387
0.0764003188211857
0.24812037226532374
0.2212390560814379
0.2544433814473615
0.15970954362069656
0.2755102383322686
0.14380159372525214
0.1822991626478525
0.14981450403960372
0.23219853001453583
0.1880185039088092
0.2479035172593605
0.2817445226613705
0.2838173823728709
0.18963847099441378
0.2394752968060947
0.1525330513802185
0.0735923880538526
0.15155031655942658
0.17065504278044002
0.18005236212171305
0.252714720535006
0.325094338106351
0.1954900051828612
0.06879733020788625
0.182989180479308
0.1362145217658901
0.22411060335568084
0.07165125563725655
0.2647546214316657
0.028438983055250888
0.22485965115955514
0.14781157373334108
0.2544276375395228
0.16948735128060521
0.05805238029656723
0.04521284682688248
0.08587119899781481
-0.2903069888779669
0.17103143759974931
-0.06177318446248037
0.3081942227351602
0.3450568596921113
0.2778207160408711
0.28036570094738883
-0.15905245548420066
0.27662702250068455
0.1520416234406896
-0.018513752495907698
0.3379932397705907
0.1631898485123009
0.2940642902951925
0.13861253134107332
0.3038047917937905
0.06513560403228735
0.43829755684521926
-0.03046208948943918
0.38816061134850915
0.03079229618532109
-0.6128584163535502
0.06437059336540185
0.2327443519103573
0.33509378625918845
-0.2784304703396179
0.212512831180451
0.14736618841958482
0.3220931589510271
0.3918094809480399
0.26511958082215525
0.31659136721688397
0.3316374611307267
0.18238389988468268
0.24517654013031465
0.2406747900107305
0.27697216816178427
0.18138820542272238
0.29071779953426624
0.29901583792316366
-0.38188729388395914
-0.19691017866614713
0.31064349430307486
0.3269441872080153
-0.053932857638956166
0.28513855341070315
-0.14945873592745618
0.1257973046204825
0.12430745510685992
0.22784897080148142
0.30398988830399476
0.43167210268355455
0.04109008537419773
0.2986209224792885
0.3868649438210786
0.1347556367390838
0.3975122166309215
0.2860867482636914
0.2907228428982528
0.18249841966338548
-0.18208340408318968
0.23932636461564233
0.15726023886733226
0.1776018074845161
0.20363377356410395
-0.09645264719476165
0.2720660049285279
-0.0495579263051219
0.25536073551185284
-0.03637609367237915
0.08157211406062315
0.12725459111841791
-0.03887162043388315
0.41727533824490304
0.36941294354377713
0.3405432880587965
0.10603148357367187
0.11573021813209716
0.18258452701595457
0.15584583501722415
0.20535745901006164
-0.18271848712796457
0.216504115099645
0.19326237857040124
-0.5396985543005663
0.1951281045545144
0.07035802896958987
0.3180540411927801
0.36370420371835177
0.29902412229687825
0.25379209033929395
-0.022944829818249968
0.22857961363586932
0.2646653812955657
0.05321217529870104
0.37085038376539764
0.10105672609028854
0.2582198841986927
0.23248222667017548
0.1632917898520893
-0.0874207546008613
-0.046039628652846276
0.37966434020847006
0.16998938511577566
-0.05589292079133479
0.29485359337068584
0.33797432110340286
-0.3065068912115413
0.026397775073306595
0.32093409291533237
0.16759723553749845
0.3047347965391741
0.1307905516996119
0.022900770836579487
0.06284093235040733
0.22395755621080116
0.19475281447658038
0.21912551067423575
0.1307110112983726
0.17460992532107544
0.391370291010661
0.1827825444290383
0.14207081119279696
0.34662208019673535
0.3339867853580734
0.15634189350807481
0.11160274523413433
-0.13036849452175592
-0.09783719739365737
0.21487385423739358
0.34097016011543224
0.2822891692312819
0.22277565895613016
0.2071174090261657
-0.022286572713183794
0.16413011655501636
0.21177316942268992
0.2779598610525594
0.16115931219553709
0.11278936857028748
0.021202176781858484
0.11591265183172483
0.05093347210400523
0.21079792637726114
0.011693978996374366
0.1546766410809267
0.08508557296757635
0.21188864215821374
0.12298576921599258
0.20765816199271903
-0.02462777182082676
0.1744388286002656
0.14092453183304077
0.3782815027058357
0.06441845152920145
0.2906816825659586
0.06342707686892235
0.3285728039160444
0.2754097037325034
0.2727579858976634
0.24649182671376663
0.3804488141971022
0.19537287505723355
0.10951721340532489
0.35576047960326646
0.019092190244725915
-0.13152378818635935
0.21745756662770743
0.30578923701877264
-0.015573427540899631
0.09630014455471064
0.2934087449373807
0.07420686500749663
-0.06462647202330563
0.008394014229901992
0.03299219292308686
-0.21905266785748068
0.16629538488408474
0.22724515435417075
0.26587618819907644
0.10485073568436148
0.34514847208583255
0.191140134838314
-0.16418126070778916
0.22153600643252963
0.27150134843769347
0.2943337875525791
0.008498347418027852
0.03400372167034954
0.3262039547821031
0.12289021121217236
0.06473988510344714
0.08304472008654468
0.23820181849734695
0.19922948617608033
0.3887305844478875
0.04819928186476191
0.2427321298390538
-0.06166112494922049
0.3301815900507402
0.2579904264291103
0.18336766158684026
0.06315871613804785
0.25334156870403146
0.23608256732504523
0.01929698697656923
0.019604626136425718
0.2126580316753961
0.21952224896092576
0.393228791341315
0.31624954393141824
0.31396773101131753
0.3228097758844164
0.3172827967963521
0.2237710712893613
0.09149995269209366
0.21521544052413483
0.10721936364729945
0.2725429076735073
0.3242155348422011
0.16959663699261757
-0.06682933443600947
0.2609567224220988
0.15793881039622976
-0.09052330550407472
0.23372089666121354
0.034500091578875125
0.16155004491009234
0.2852505389457416
0.04708804126169902
-0.2673475574037505
0.11646479873103299
0.25071610061615224
0.10552785346369686
0.1555214777912886
0.05585737098745219
0.12461123801399376
0.030672372534603864
0.31395892880345494
0.26602785680348323
0.18619590581820328
0.41542454945320356
0.15367958631346873
-0.2946031789256789
0.19866110161276762
0.35638609749754924
0.1629467204375058
0.3086509115808164
-0.054856185633229915
0.28614838496156003
0.09337808046353674
0.170900546282238
-0.38995560466691737
0.2930185179119763
-0.36877725470366407
0.15573740481861342
-0.08095156939741566
0.1313161623845835
-0.16342195405394344
0.39191574084701275
0.21040806242414606
-0.13013580076588926
-0.13225180971360184
0.0055487907971161765
-0.4784500914647136
0.209380631000327
0.09823459233978366
0.17149003780093147
0.016353039034883388
0.3289214677780452
0.2851476566503547
-0.5263961484204238
-0.5618285472136704
0.29987635381371147
-0.08530960366409934
0.40061248979422415
0.04659087440569387
0.41749806864625394
0.26316459738777487
0.04932792122792207
0.0033088944578945068
0.3407136926513463
0.32226552706105716
0.31883033291597035
0.23805307433668882
0.10241565031519201
0.3921211214106738
0.12594107780716007
-0.2922919297439107
0.22954269945740685
0.21476251884849795
0.20978818783031583
-0.5310178299422295
0.23676299703611525
0.3712701082301326
0.3308166025713971
0.20658545389662358
-0.07338515737348195
0.2997846847099105
-0.0004258048178046314
-0.07961240772492673
0.2743226969566154
0.1690534329699327
0.16942798852657737
0.2824577646949672
0.03335613849202396
0.24224142559310075
0.2611974649546174
0.18536615207707208
0.23095633941728977
0.2619214359833566
0.1984936468177127
0.10933603184949009
0.26935938469705445
0.26169244094301763
0.1647772086103383
0.23067648949524538
0.265845327439547
0.31066147358396
0.22720974419470713
0.29348134518893537
0.24221358342368426
0.20753567168038867
0.1394608956351998
0.40196463173102026
0.07125431261633303
0.3230042233187312
0.30973548900241665
-0.28212671827977165
-0.035782757766507634
0.1706907974555114
-0.040248365608031356
0.19354675428081752
0.04860157714885843
0.16446483649532245
0.2752793745483745
0.2942938707495591
0.2757772842823941
-0.001859675016912754
0.3419142689392837
-0.20463961298102462
0.2425199206126052
0.12588589577589582
0.26104176028620185
0.1976436903992304
0.295056657342623
0.3276429274240455
-0.10061347923514119
0.3478867606889041
0.3293590289061526
0.06103389427080874
0.21358150218273814
0.26766624206888845
0.11621562920943918
-0.09054210636896343
0.1131021633296006
-0.007188021664198185
0.12800418231438404
-0.0011911227692718018
0.036257998771589084
0.04962505333332379
0.025895751548933976
0.2631066411722188
0.32397445145687
0.14310423475493772
0.25816313639531074
0.38509799952773655
0.3116355445799165
0.0105159893556096
0.09936389676185298
0.279629913788241
0.32679123401090016
0.20809607909940508
0.12118538681123003
0.14660499299222052
0.13175106324050095
0.22971148151126392
-0.10451366001048501
0.2672394356127339
-0.08821769342194874
-1.9863914281872286
0.1826029599420047
0.19915660514804712
0.205690841941864
0.09147233872144878
0.06576379550280043
0.31754569351011475
0.3383112493228819
0.11941624485070229
0.2268842729872923
0.19354375345780245
0.36987651899906776
-0.005263925619985121
0.3405928234872866
0.1770500484262968
0.352059264176084
-0.1932247987300455
0.05165384170248133
0.2790378968143049
0.2541548207451604
0.2716855256342405
0.4111877590259656
0.4095287184972737
0.4030323123573774
0.11974622698571769
0.20689660296760987
0.1362861820968666
0.3132650349989065
0.11204885153442956
0.2410298767546334
0.35293392394467793
0.3103914222717804
0.25659697830710515
0.24924931824837687
0.043645245233536745
0.22271808643029123
0.22252390867696653
0.23497701839011526
0.29353171022770547
0.2784690956280736
0.13791789860538556
0.055172562944336645
0.38811891327279013
-0.16775342244900227
0.14506607969858554
0.17551552318877206
0.3551345306820734
0.092768323657684
0.059516839391097975
-0.24788574250101014
0.32334918702887516
0.1701380393677745
0.30935804530354943
0.24947152966409109
0.11398228114521636
0.2202479394392236
0.04341205264111314
0.014844361463473121
0.23179574541322961
-3.3774365156825294
-0.20563241726877246
0.19915199697752506
0.23303075355075215
0.09159806959342426
0.08028002772684356
0.2557727281933165
0.2943492498644944
0.3044464681235796
0.1624367415447734
0.10392658908385383
0.3127142753937075
0.2798889691943833
0.09616327417800646
0.21124529434771566
0.19335104386932778
0.3263956616563668
0.18469338280645387
0.03216362578322024
0.25296004251994864
0.19806885750086956
0.2769306224200452
0.2049909442437316
0.23711376198463524
0.2374921168027691
0.10404102590674241
0.257282816482455
0.23631612163851712
0.1183624686493176
0.2512711145496951
0.21432647382252057
0.2584720900887109
0.015783655351688852
0.25400945583286105
0.139624815011055
0.21568594510721778
0.26382127988876847
0.21508675440485558
0.17665731817069752
0.21091262673864364
0.17586045267068834
0.1265313400113105
0.1014102334708048
0.11828648796154406
0.18992447865138207
0.1104512691661827
-0.18968804915338433
0.1601888772378326
0.29890336413456264
0.2087498300698487
0.08959199522567252
0.13671342283483345
0.1308470176679266
-0.03272931295071402
0.13219423131340957
0.23826546809381477
0.21892227861013097
0.12079835135054817
0.1476328068881872
0.25038085622934253
0.22913748980595555
0.26831014748859594
0.06537950747099563
0.14713725583100995
0.2076630333817145
0.1876350572253539
0.19768537048411772
0.14046557276401472
0.2524489713760285
0.3080663828039076
0.09211724539009397
0.02307687768309513
0.139103724021233
0.21254718715728843
0.27003710377946244
0.18322169240969982
0.08541101582028265
0.19118949505636645
0.18591967593139985
0.19973151689974472
0.15554630247098106
0.2905391133087361
0.1598832827944388
0.15573296171837087
0.2637267096716076
0.12445098734901888
0.3394791732660928
0.21837573386512465
0.1922794129153712
0.052872556426270034
0.256424031224735
0.25158452340695536
0.26233639759387967
0.2798358584431708
-0.13081948825465162
0.2610605241853984
0.20221955849268514
0.19203310924465034
0.1281547109128312
0.05145877030327228
0.14700812159208387
0.04916679101171645
0.28128041044269536
0.07209500689145032
0.102917173588842
0.16843143046029807
0.12507781167557463
0.26159284428049134
0.020617868877419065
0.07482292733001772
0.2299303337448747
0.2504835103621724
0.1668809725588939
0.21301285591886726
0.11900888164352824
0.27056514363607453
0.25238553039558376
0.23847035973861286
0.2089138031567494
0.15539464776761036
0.20557561448087902
0.24079233094491648
0.21518330767720667
0.14596980479364524
0.19503718677411575
0.3222742131344148
0.18624454760910514
0.1752662753156271
0.21846443764847673
0.27861810223513117
0.11652304750614423
0.04097912588014241
0.23764492367810203
0.19422080777773304
0.0017780836288135982
0.1322546735276411
0.11643937350190225
0.08973260393126908
0.15947816581012325
0.30918102343291926
0.17110930627262372
0.23915796595695893
0.055446269082000066
0.18185013073158462
0.07964774272157832
0.1671860314106679
0.1909110692480911
0.15324102705721887
0.16556801633703
0.07063546294449535
0.17125141171117786
0.26391047766144504
0.16130242228266883
0.14240636934490447
0.1901219484563243
0.09987323257488384
0.2682811088310126
0.17695210314044918
0.06892816032984717
0.2450018747170491
0.19735923141257067
0.23871022407577924
0.11408183387665516
0.2414274755883805
0.004323610917390253
0.18657820671151482
0.2022460411485139
0.05607112168668721
0.275724784496048
0.18084620779885147
0.27298914930629226
0.240706496692438
0.1859213002292313
0.1942765003826037
0.2501391922733811
0.14196823655871948
0.08916592379569749
0.10879416886156906
0.05195079818699183
0.07061071982045863
0.13131201643461754
0.22726072296721822
0.23029051609019774
0.14234700234739622
0.2529781493115853
0.14244965075856675
0.2890731595404615
0.17742428507381774
0.27061109269140915
-0.16260059467120125
0.13399937358838399
0.19229577596160918
0.18797050282884403
0.13176005625160314
0.26859928521069565
0.17260722240387716
0.14412823021028437
0.18483097398117249
0.10916128702816336
0.21124529285532884
0.11096044906097036
0.21297052258703347
0.019847184764758552
0.1410415101259188
0.14340315334042847
0.26746611394174535
0.035248670083764866
0.1727120621143189
0.2022470907940374
0.11218560791164678
0.15073197330353333
0.01138175433076588
0.21063520899036192
0.2700534616555047
0.2814493851756741
-0.05083935975262821
-0.08943676805549727
0.15400299754916352
0.19924369957929583
0.08056539603276502
0.20406100464898635
0.32010710083771543
-0.10943059651721287
0.1333584886369964
0.20839350642557108
0.1258778802148991
-0.08567999565255413
0.17308363574321506
0.1775299464260653
0.17279885176518822
0.1989225041860735
0.16961106114235663
0.211755969129591
0.06919649105998743
0.20824253851785202
0.18003752484148483
-0.08243235792381609
0.13512449111691033
0.256748000962275
0.17083104335578086
0.11256570406874183
0.2106648238272914
0.26818001218890275
0.1275506731543422
0.09961751536011909
0.06731998834895192
-0.17852294891667408
0.2520031162677595
0.16651461818769664
0.2824231778269144
0.1042498903587814
0.08058283950281087
0.20645108791696565
0.0431030244336873
0.030137613255795614
0.21589927249395274
-0.09768893351297259
0.05888963456592711
-0.042239009954369466
0.15443235784195347
0.16329453039307817
0.13329331199453787
0.2196796293412026
0.0510513734306014
0.17000394680244585
0.08190052181133078
0.07928225347820977
0.03822640923902837
0.2854898678454274
-0.3367139817066913
0.1444110472785331
0.18408911051826082
0.25264636129238427
0.15820865454704147
0.22583913817272866
-0.0022111437939308365
-0.44751980158475846
0.1399090622065835
0.10204909723153083
0.03879798358436076
-0.10346570664279853
-0.10337079629843726
0.06014872004386329
0.3088400639296583
0.1824732420612153
0.0461725758912665
0.1816182509148147
0.31220512437937975
0.010831008904604367
0.1542014173282963
0.0507556235587292
0.1503468327112033
0.03373506101492579
0.09298292465583136
0.28672643410410287
0.14114391225284545
0.13949011489506208
0.12790024829671048
0.14858817143874026
0.16462496242225444
0.23537908559580895
0.19483481977152162
0.3228692470718657
0.26713083615991606
0.19672440766282617
0.29140438223907117
0.06946808927864934
0.1594371942882079
0.17577655389778496
0.24921699102675643
-0.037518111034956836
0.15489286434788363
0.33382480925812474
0.04889579002770017
0.2357839474850298
0.19845161269692457
0.1818072061315174
0.21610109827567653
0.13762174674155753
0.28740587167693193
0.13679258234873531
-0.0008586806428804161
0.12145304438017518
0.12139483509848065
0.08652097845939932
0.24262353874730103
0.13566762270111082
0.1160504713284578
0.27321786248690766
0.25558300712863
0.29861015955141945
0.2110126734800295
0.12886314692475853
0.32177006334561997
0.030566693590968586
0.13812261225061467
0.1879688062098644
0.18734664891526343
0.0324448306972821
0.2606475572905981
0.04101163895840604
0.025009471658721194
0.005468933160008349
0.10419602607125
0.22851116637512914
0.17204137350287796
0.33545666306449085
0.18988781737229277
0.18018442941504198
0.16373281499498232
0.1556180761857892
0.021725720379757563
0.29027542031078124
0.07317777678202209
-0.027659919109405018
0.07231402084940791
0.23509647723678745
-0.128484790881214
0.1407665616676319
0.2659664327669152
0.11158600711097866
0.00607615118583249
-0.028040427630930176
0.22094164650424158
0.18764891284446078
0.32027177367534687
-0.018408679293528074
0.10659314492966138
0.04392211737756846
0.1855824693027079
-0.36195047898165345
0.004666860981325793
0.040783858153657426
-0.0007823763672081263
-1.2886419451261093
0.26478471759362476
0.19922371747287743
0.08422392204670631
0.3327750956436636
-0.19163978049345354
0.04037049216344285
0.19744299225477746
-0.09463958073831069
0.14690634368793187
0.052202533327359635
0.2945929341152226
0.11486628915715563
0.3703268918936472
-0.02052026471802937
0.3281149592400292
0.2222346239988306
0.32124652477660387
0.04585199679236368
0.26292423459992087
0.0751221608874732
-0.13502384002480583
0.2987883200572015
0.26285351827374626
0.4143638286015633
0.27437743355120847
-0.2565457264140495
-1.2204411060998723
0.2357257380492575
0.39996769758649386
0.3406714841500572
0.1154871497808746
0.1465536780614859
0.42081659177723485
0.0939287570628054
0.04574972006754763
0.35793561537554675
0.3785590795258013
0.25751981667806645
0.27514923814624614
0.18265881051540683
-0.6059007541908601
-0.022101425859821
0.25725238109613024
-0.35781618241911295
0.08020689576733131
0.30585379375997873
0.14007278287928115
0.11886484426856747
0.2353373648740234
0.20173316730676816
0.34626890796275644
0.41605257521895644
-0.06554592311380347
0.33049111847851054
0.16240708999213227
0.2548420272442242
0.2234463658921047
0.14194888704529107
0.3307720903448904
0.19154015920366618
0.1964715957381965
0.26804949537381073
0.22633487734447855
-0.020294633058900224
0.4007786274995647
0.30974535601872977
0.3519963413429222
0.40130618567073095
0.28165457252412124
0.38720712871423524
0.1469279989438353
0.15206137617414162
-0.14310908203389083
0.28895098328183666
0.2721248567214083
-1.1122788850530347
0.3061906698956826
0.24017371720483527
0.36483665461263226
0.09614666067778477
0.34315880092999296
0.21982448460370285
0.35993717840891465
-0.3102330675598629
-0.3089601612364826
0.24256368211163426
0.08935529603319664
0.09946080078339004
0.11011622609504851
0.16684510793739116
-1.3815183958908126
0.03584937878390593
0.30987218090618807
0.05430600635302507
0.3311975914523086
0.2641239656760458
0.27400889417366864
0.22287964959250556
0.16621984374599746
0.3650564430600408
-0.03941507104775732
0.22572573228054355
0.24079725899482157
-0.1858454404604548
0.2577443668865059
0.12652310416946155
0.348601133268437
0.11172950703988666
0.2825442907659289
0.3365808569127773
0.15506523472248845
0.3662811807776709
-0.03372336747172289
-0.7018264708249304
0.18089861396570173
-0.1098627934724199
0.22297039495248744
0.31410137858443365
0.2006940115427931
0.22477971525553236
-0.012216681616423308
0.1763924222041683
0.07404782269076338
0.17325508873823264
0.37997764605846723
0.17848738730367925
0.20772495001657826
0.3463795786159096
0.05776305436185941
0.41202134247861105
0.1258640794161751
-0.25981588548630397
0.13650466852075904
0.08698863985389182
0.0061665062028521955
0.38358407515113635
0.3939765377758474
0.2895007338629323
0.4282187902435563
0.42835832680602015
0.3188539798768572
0.22625366247450823
-0.3636431824366262
-1.185666344111248
0.09569666336501242
0.24928495410824908
0.3903126452893893
-0.005854737647929986
0.3648077842261498
0.10537316317167611
0.27426720455991577
0.4215080770746873
0.18824430981581158
0.4044992888954069
0.11101028173851718
0.20846737598207687
0.3250556099628381
-0.09159619273025832
-0.3272401093229851
-0.1710799187833585
0.3237024799850845
0.0019432425837785372
0.24168991385921923
0.08802154125896294
0.1648265182437209
-0.11540951968371282
0.2874521890035162
-0.21976353656527636
0.13641244934288932
-0.09905022625077076
0.19855638782533835
-0.24619080220764866
0.2841979207678829
0.1558283647652442
0.2011209139088112
0.30117596249420775
0.3684289950647008
-0.12603712565403768
0.28166731970047043
0.41912249785220335
0.2977094504298318
0.3208057388016006
0.014310719914199133
0.11239738768656837
-0.30921776233123
0.3208528658851576
0.13135396530142435
-0.6601816782435892
0.29743644178569484
0.3901303736848362
0.2450354693574791
-0.36193019091709633
0.36071269475886863
0.43152683899152644
0.21571833266521506
0.1420008921435742
-0.06193939815060623
0.29648322011679223
0.3880719976701424
0.20775980277981176
-0.23837956594950804
-0.23198526118747553
0.0945603573918456
0.33565147516098226
-0.39338296174248444
0.37805758188724536
0.2393890811311149
0.14945772802332902
0.2810436380441142
0.20216681187789165
0.20322136195603901
0.14819804284820304
0.39584592873960783
0.3969331146256115
0.39370324638523957
0.23070228650775504
0.13779208495367778
0.3428116231547135
0.4500371712541823
0.3838515223578065
0.26953350684192834
0.28945175710376436
0.38067409742304825
-0.001552596669543549
0.07540714989463082
0.3710300798764513
-0.2303919848104229
0.2843266999884637
0.30219106761201825
0.19243319956417487
0.22655311934950428
0.2270171716485777
0.4606544780260282
0.21090206850158716
0.2704284767563312
0.330945866928769
0.03745589477122241
0.0954616197493065
-0.06697000692229627
0.16055019075178567
-1.968169806472455
0.27298537723121574
0.3959744704284506
0.13337986194118334
0.38640147139359843
-0.8638842019271102
0.10647859860364889
0.41003145999422164
0.24069676257970052
0.17823386421359916
0.47531347289167614
0.1639747479588986
-0.05820814012475517
0.3142950557331762
0.3959152357859108
0.20100791268459994
0.026897088486340648
0.15986882047155426
0.2875777625726063
0.3529982573357201
0.41650632744030625
-0.2354112379538773
0.2896869833677309
-0.2224903970071248
0.40480143259923196
-1.2874911407473728
0.26256649721325254
-0.37719226001351813
0.4491330276737443
0.4544472025476221
0.4592604194650094
0.2817254661474601
0.18933203762856238
0.4328529763349578
0.1619367130002572
0.2717811011677118
-0.16308538748260515
0.30712580563395053
0.4161596272760486
0.4353825848652839
0.15745783041536882
0.40030601750866346
0.3012671297829518
0.20477471407624498
-0.5385186709929162
0.016319858611897498
0.3727485099386487
-2.0495118881031806
0.29154615964516545
0.2685896374195367
-1.1601524943656214
0.15099244351922209
0.09197661176213873
0.1556566868211589
-0.4518775742585036
-0.29011158025518546
0.2214067587289809
0.24615962493308663
0.20553657765745803
0.21253267573308637
-0.010353461369001837
-0.22285948198022754
0.2755491515502205
0.1418128989952291
0.3740337531300998
0.07506111548933686
0.18557465619514385
0.35100683119921555
0.23012649254433037
0.24421791549552363
0.45395642345161713
0.020100805738227367
0.2977419556306412
0.1571493653636608
0.34229542652786427
0.3985815199274989
0.24210375472588036
0.31283669984967916
0.2533531878339122
0.19992088016936232
0.18914486820676168
-0.06408211456080581
-0.18309650253221088
0.3657542578307285
0.3990503363231554
-0.5988841653065755
0.3739547649649554
-3.3617247618992887
0.17083865513699276
0.47177431257837604
0.26684223613667646
0.27542306851827064
-0.4996861524499907
0.33364019033525094
0.46197173162848976
-0.15615724910433382
0.4133742333600368
0.11961758969588926
0.21551676038654716
0.4042094116466901
0.3493645663816437
0.4783881258103418
0.3406928376639712
0.2182895894439968
0.4477097270949159
0.08254973935575055
0.21585154939942675
0.2992815476312266
0.29085344710012107
0.4166323212171286
-0.14979491633702158
0.12126330624652731
0.26569609669157257
0.40902660825557924
0.4686760144844972
0.2978716809503924
0.37463659996961707
0.3822163941451943
0.39879797408494333
0.4633755515747306
0.0900758410573061
0.192449896688686
0.40019016979709565
0.4218252866423071
0.25665593978515
0.12208308108009269
0.2760646728580253
-0.7890123229240966
0.263472878037099
-0.2446312746365914
0.35286257208525657
0.3140366110998176
0.42828778308790344
0.4231496814802417
0.22823822409261407
0.43608305974360284
0.18735869703530766
0.3485048497545234
0.3106780289758818
0.07478597432558298
0.32727632174405014
0.20176533205506625
0.47061011375382544
-0.032991889527810736
0.3680644318184855
0.34919865466919686
0.24373759623473035
0.07282393832730849
0.4717397017133571
0.3634049492729339
0.3474746046372128
0.3208367855242722
0.37636033564651383
0.10869834135092749
0.4144161235959606
0.22487449117035563
0.3192005479250156
0.2084412188816085
0.34763629103067584
0.4344310557669594
0.45529925718610115
0.36073963035786305
0.40543798292615774
0.4330914722498719
0.45327331620564404
-0.5745522913747789
0.4501494130297459
0.09691564227865357
0.19018488123710514
0.41344203367722393
-0.012433422352800427
0.013339589828839482
0.28764943779796215
0.44671116519884446
0.22840461395656714
0.12373024435600133
0.2539322590572638
0.43063429727963054
0.12888041720162635
0.37245997848610923
0.34152963200778086
0.1360113074220668
0.1505923894450607
0.31330148262776913
0.09417603814326009
0.3964013166626692
0.2906125477988702
0.12759349175066542
0.41374679991734664
0.4380493182171934
0.009480046233985295
0.3811799333277392
0.33857695120079767
0.2883812642389798
0.283345016682646
0.3187900665155733
0.19283158237581538
0.17229877087416456
-0.41869775096041684
0.37618156290347493
0.4069146308119448
0.3059148387435807
0.4565106380136382
0.1060536729815445
0.4329328647527379
0.26760575775337686
0.2796313700637305
0.2388209618890058
0.20510957959988857
0.0048247420257909734
0.20055193231833213
0.41792285336494817
0.2923829726243547
0.433724551188981
0.02824383568641997
0.20992548656065418
0.16477918062399088
0.2078844763734104
0.3388411836131691
0.3736342161244283
0.3273670988013787
0.028443475501709004
0.4325293561961748
0.09108771840126212
-0.2581148109257052
0.3766195628616651
-0.1963604823922519
-0.05454850474008377
0.1807969071193064
-0.012627487704552909
0.23741711659215808
-0.04678067301334965
0.4392213446789639
0.16429829550753006
-0.12622790445710863
0.4079285522404439
-0.2477511566994438
0.06241266129253564
0.16074225054202845
-0.19633342595596515
0.3640020258319912
-0.7699140597036866
0.10579853179986276
0.29041033926245996
-1.5786432739144276
0.34946733263478136
0.342404350239604
0.3577721162526095
0.245604186857877
0.2973191514057392
-0.06483612073881884
0.3317566266760888
0.31121271709902754
0.3580542152046835
0.2522673096395406
0.353089528976159
0.2796412369349196
0.1376795338578225
0.2868426428832608
0.21146026571462573
0.28204632538098623
0.20385213313300593
0.2756000012309981
0.41096224209392057
0.43143965276696017
-0.5177004117139736
0.4235522831278494
-0.8184260649984103
0.11797897217299169
0.15090558914687985
-0.08745826003547341
-1.2130797145612466
-0.3275963294923363
0.010942532929763493
0.051522398815605
0.3088307077225869
-0.18732132839150062
0.17736363840327524
0.26798654270191746
0.1196816998072961
0.3269445453254446
0.30364704940462617
0.22562034432217198
0.06227897983558567
0.42760983835780714
-0.38554454116293424
0.22705695808841153
0.45705075572901055
-0.4552680389666922
0.28031567019595516
0.23366201047781043
-0.03055157554696164
0.2596069358723474
0.3051609254606774
0.2805085503025673
0.23757265755992807
0.37250371028478924
-0.00935086291801046
0.02793935565171185
0.23808159461136003
0.34006893539545263
0.004839812885667705
0.16318678418292254
0.4338535287655438
0.4596974571222601
0.41822290409637775
0.24692399388029723
-0.35588337951466886
0.19100055380819736
0.16671815684370433
0.1994955894885584
-0.1615432961528266
0.4563480713744259
0.16540257611192288
0.05125396343537425
0.34949302393877146
0.4365077404457295
0.2990696775653079
-0.0838784619094457
0.3739790264292939
-0.6427289781314698
0.3037454219618932
0.40614165213394227
0.208541620366003
0.2776645532161861
0.0977270476950306
0.11946673011965253
-0.1631281988368103
0.23561309232433691
0.3464903480037874
0.37530553003003114
-0.044097447630082276
0.2672892322100742
0.4750646021892774
0.09412949654154512
0.4303912898325988
0.311154585491501
0.3513855705831505
0.27319547728500704
-0.5134338652618338
0.19393780961456225
-0.5930541669923832
0.36924139786443255
0.38782892725122353
0.2279856671389472
0.3839443304980281
0.21207833843300022
0.08345486000145713
0.3567370599018528
0.2036004457653834
-0.1285341348378387
-0.2412154772281082
0.1681760702115539
0.3342426959502125
-0.6194095003426707
0.3214027060860487
0.43089640330934853
-0.34281972346051026
-0.36619742125968
0.38957479746720314
0.22906750072559806
0.419680300165276
0.35985350989959053
0.38743173677935094
0.141561307376471
-0.5506143316910788
0.34194124747600574
-0.30917241716779686
0.34354751123827587
0.17084206358028248
-0.19261211929134692
0.3171717387672309
0.016203754182789964
0.3792400679652412
0.42218198337653084
0.3374239146953686
0.333811661299004
0.19438303565521897
0.38936338806667026
-0.22510512298322216
0.42933393645728035
0.14854448227670958
-2.9636246589888344
-1.2790169292884115
0.07667357027994648
0.3197584845545214
0.04135722678310472
0.35446604180769753
0.4642047333716962
0.4088517218954406
0.3693123307313638
0.10586567928490997
0.24874775135481603
0.43557441864268015
0.027880726204022044
0.07932365254487861
0.3459341549428997
-0.030787167037079288
-2.0346258899759757
0.4121034657749802
0.16711382414714732
0.041785422257336224
0.3648409912926612
0.36688426257949514
0.48489513846150806
0.4195216195972295
0.418449086117369
0.23881393622738428
0.2789062629219189
0.35655333734443556
0.4098979767312744
0.34246865560376927
0.3865833306395021
0.3921798459979695
0.45794624347169066
0.09707588231852127
0.37854211378466857
0.21688767327423725
-0.233392155582821
0.30871261519310195
0.3856315162925181
0.31769568037372936
0.40269784882733634
0.22112596691303704
0.3620399650622574
0.3773345220620301
0.32335302993005743
0.3568020410713344
0.4828843180273309
0.1839677427803389
0.09657993785707175
0.4210429576490441
0.10353872386475926
-0.159263514117281
-1.2262611084739594
0.33408667718172613
0.24481038046821424
0.27795896319253716
0.4420564097238136
0.25555016509294465
0.34687773395502175
0.21918246535051011
0.33946717466957865
0.30674363385359493
0.4855936599373025
-0.06782961560051715
0.3896710151865035
0.4554183271109367
-1.9870022671360452
0.18844800177368187
0.38095998478699344
-0.06050953583814933
0.2135759205097288
-0.21331280221478743
-0.03162007686637602
0.21296984607847358
0.372464005194479
0.4500935592560877
0.18872315603836537
0.3386919504004595
-1.494736747914654
0.4674350698480254
0.2601151995121785
0.27918489207060526
0.21561660204508215
0.2547072416139937
0.2342956552422527
0.43527027110167743
0.38361860075028226
0.2794063196931853
0.3877220462338271
0.47554116906910887
0.4443142216445771
0.4129948293502293
0.36781059589710174
0.2791350303263045
0.09741555744322317
0.352465683707591
0.27604156679100883
0.26359003225597166
0.3846794738428081
0.17957894435687177
0.27739541508236654
0.19093910901050043
0.2061052686704103
0.44878476143216284
0.35808009264047486
0.2959447186832227
-0.14011877098370618
0.43768281819565164
0.1889154850532883
0.166754029380057
0.28690183551717185
0.1721124783154751
0.2777850296754172
0.30955086028715806
0.3763373598298839
0.32778880123601684
0.3877858765658174
0.2931643220872393
0.42315870806263267
0.4427925596194652
0.16970966066894072
-0.008716140014821572
0.46294595809274264
0.3722678983214157
0.288230771778449
0.3603778049277174
0.22209847355168916
0.24805230844349524
0.34473942410612457
0.41905038399069466
0.2553672648834145
0.3652409640228207
0.09430268402678554
-0.14887643269428696
0.07103986049935868
0.3970683704333308
0.4389934281672189
0.4036966514086124
0.2814745785298107
-0.5462377863728654
0.23683515767577135
0.2704286266643177
0.3449860761238489
0.3095186480692682
0.20551261472024174
0.46556708414157383
0.3981650842311654
0.25768995480655554
0.2342550816777338
0.17365997515307752
0.23506233042270808
0.3753020792081248
0.24349640400300104
0.12262639703749206
0.2907614335314256
-0.05585473864263746
0.08701486725022389
0.2633752949967192
-0.9193368382994238
0.2552004992750734
0.3339691466232838
0.4313690229147362
0.43080068078244094
-0.0794164354134087
0.40223391233998107
0.3592716129308262
0.05077675035985324
0.29986725386858437
0.2632896371169654
0.18659078473248253
0.4244042355650178
0.3038133626635101
0.22531110376209257
0.35722321885836333
0.4079431745697808
0.4186996695530194
-1.3351763683536435
0.3544015315591066
0.2210083970069171
0.39305832543479824
0.36259274860962776
-0.0037641830139506505
0.3826854737276163
0.1345145267904106
-0.3683023074178876
0.29050396986372157
0.41650344594226313
0.34445900667132157
0.44712103150754035
0.2071533128224382
0.30112079554922494
0.37134118572910213
