0.46637018778098704
0.4511439628473925
0.4472997212607723
0.44004854092406265
0.43927987526748036
0.4308220027081309
0.4235170745622501
0.4109544146072953
0.4079088637722141
0.3959159603561092
0.38791610485428263
0.3796071904248814
0.3812158475089305
0.3631192322289144
0.35812684787283705
0.3516138546612141
0.34518681238794413
0.3304682623279762
0.3350763753402948
0.32103416333483337
0.31731880165566007
0.30996725397105773
0.32390162543957823
0.2978102129109349
0.2981570760768808
0.28852687651350006
0.2883686865113212
0.28272872572794
0.2814362519317636
0.2729797469980326
0.26534408768211637
0.27726747352564707
0.2572982612281179
0.2635967052065964
0.25710323081878406
0.2525610668307676
0.24763187135409248
0.23969454095180348
0.22613405645231838
0.2209038784663377
0.22253132502243
0.2290321043940463
0.23154252377378648
0.22323423342645238
0.21820434344520284
0.22908135872980084
0.21076787938919067
0.21990502418781316
0.21328960033564803
0.2133337199229906
0.21663383425050148
0.2334481243789146
0.2064861598601453
0.2130344462467404
0.207907438132929
0.2154083883428476
0.20130032030969208
0.20432325140363455
0.2199989783131167
0.20670077010314436
0.21782881329040366
0.21158879490311489
0.2096975254508126
0.19964729637716483
0.2082105911786748
0.20502578299213692
0.2010050304042208
0.20469665191608172
0.20245999013226712
0.2122120420158583
0.20650547990559065
0.2110130982460695
0.21415505054832507
0.1965928150173309
0.21091545838667847
0.19666435528431558
0.18715315069155825
0.20190900586280902
0.19821050840276844
0.20287646044065488
0.21168722653286415
0.22009057801208687
0.18604991589485692
0.20105890325102377
0.2150355655988152
0.20995131333985945
0.19739162675936822
0.18764294526310887
0.1985241898683277
0.19494167769009996
0.2088245978595144
0.19624339667840573
0.1866392643036765
0.20697164608109725
0.19332271462281336
0.20021613736053662
0.20300170761229613
0.18595443577209153
0.20930774122937112
0.1763554287530596
0.17079192758662975
0.1894811150312642
0.20742675048658687
0.17419301002193383
0.19150285936986422
0.18387613849286705
0.19815603810970928
0.19350551532795762
0.20047253644293989
0.18272710071774662
0.18808242670571768
0.17777903209516405
0.18654925194869876
0.17304567116981312
0.17594555664688044
0.18951087810139372
0.20339226876839467
0.18778981181450383
0.18645726125073075
0.16123667846277812
0.17749376319664928
0.18925758480784194
0.18077845579415763
0.1814856631965968
0.19674398402722726
0.16543489301853342
0.1896468134481762
0.150780485761687
0.1600121119762774
0.17214575752706712
0.1485494269463234
0.14987169235198555
0.16457871687237352
0.18056187511420702
0.16807068144004483
0.2219893795494564
0.1607438692283515
0.16826143781146924
0.2006609923477944
0.13116820319279465
0.13608945033143016
0.1993047716769289
0.0656158511991286
0.21400432416770354
0.16154481715501434
0.17199911181027572
0.19149040986022908
0.15042826941319226
0.1414982738883167
0.16916494459141723
0.1368024394772498
0.16323900898086113
0.14773336669399167
0.09854421604637698
0.142124243209246
0.13200523240374362
-0.036003251883058196
0.10453359915306076
0.08748891035399597
0.15728085102396872
0.13038290811597364
0.06430860260326243
0.019118748245920913
0.097076486928111
0.06289591609028888
0.21750647670995304
0.0745570694986113
0.16872100886814778
0.0643041220068436
0.11352880756983447
0.25190134725311375
0.12510626258583746
0.13927423239685177
0.05399927207007982
0.12157721060758425
0.046680158416954665
0.09323966873521644
0.19485225500391107
0.09659892581991203
0.09376952878373962
0.15687814876187745
-0.006818630067553233
0.20199134787501588
0.1554061962608544
-0.14993338652494959
0.10698274882607761
0.18786049184380538
0.12540808291071331
0.08022015929970544
0.14579485683955962
0.19307092051791236
0.13496847206505858
-0.2295161219700793
-0.1321180674977247
0.1367072954410506
0.01196521379737664
-0.05653622302220951
-0.471332589901834
-0.11237373001804285
0.04167006390188355
-0.0670363966252423
0.19698280976948157
0.1438889360441858
0.24430300789892173
0.2422599281649223
-0.062493593290194105
-0.028222726148322885
0.09760571740762636
0.21913248210384406
-0.48227470963338925
0.16285423477073235
0.18833479348439824
0.17964937477469411
0.34021734833236933
-0.33505498761689545
0.15854237644464764
0.13595132485903982
0.2010734625441996
0.17654775639819886
-0.13980123496123442
0.09404982706295922
-0.1791772548818087
0.250108837687416
-0.31255134353103853
-0.1388022944565631
0.28224067557784915
0.3637278010102398
0.2033445128528002
0.07288719322851289
-1.0884074460473756
-0.10911214207814335
0.21430706783976966
-1.2925571850394484
0.005100775365137311
-0.016930172671304367
-0.027379013889336834
0.16355158245705914
0.3710620979737783
0.26399180947670764
0.44576385125444373
0.12381577576295771
0.44778093197151164
0.1335074303279234
0.2921230240562568
0.49410527744324645
0.34803611672650686
0.3803333846074773
0.4026101526775419
0.21693087237893055
0.14221901695164124
0.31978840073699555
0.4860586304805537
0.2207228844731534
0.11363536537887858
