0.471507496726386
0.4557875110359043
0.4521646742682021
0.44370735257318256
0.4412079408097111
0.4336707101711158
0.43046672574169814
0.41726069249676123
0.40732333200961496
0.4028566229024604
0.39381422113877323
0.3865281512662245
0.3844685862393095
0.36272216322794837
0.3611224406065283
0.35845825898498274
0.3394525317753412
0.3362340756283902
0.33594333597061143
0.3181231198115697
0.3232273646531606
0.3059825634013076
0.3181411471360853
0.2921762287317192
0.3044758781041315
0.28970660942420035
0.29038318653475254
0.29072413690874854
0.29850747984763165
0.28584864765321916
0.2753247917706789
0.2810566109543745
0.27339201033651317
0.28399205673254996
0.2723540223657447
0.26680083924974163
0.27465148238807546
0.2607747742751797
0.24483989764627945
0.25224052807318775
0.24564014807765294
0.25128604186087766
0.2557585055741203
0.24066185899161413
0.24485516069192415
0.25170495714276986
0.2272115191684171
0.23145437865601326
0.23504332142600604
0.24042721591783517
0.22261928588063884
0.23759583931043876
0.22104171667264721
0.22712446092581995
0.20581311929848894
0.2205225611336753
0.20347819982462917
0.19372611551655172
0.20741535459595306
0.20091997730864863
0.21487225893451078
0.214946485254549
0.1972376052682812
0.20717613927253725
0.20548393116767943
0.20113039773725006
0.19469455989547058
0.2143525760594357
0.18468193274531686
0.1999661902356648
0.1959151562656502
0.21166101714499552
0.20289486832339748
0.17844747011872542
0.19727627160479694
0.21587662473010238
0.17631680824728974
0.19209845430842004
0.19635816986079285
0.1922271458961612
0.18442315807900755
0.19550445586966037
0.1898184212975117
0.18244474050403042
0.20762699306815413
0.1953434926001204
0.1892765023674286
0.1506791073686486
0.19751464205134645
0.17747811302280914
0.19291641095438677
0.18411105220339002
0.17315638491531876
0.17837118049857437
0.16331618921746094
0.17965134891323625
0.17643185219149676
0.18745927585628397
0.1494633291259158
0.1641228312516272
0.12183455957927475
0.17952599991312118
0.18643330297410682
0.14892792120588405
0.145607752035808
0.15880204571671575
0.1704872748846692
0.1404503925957965
0.23314915170257922
0.12514430742691884
0.16219397717081918
0.16458649762225014
0.12032485056857728
0.15726768132927493
0.14776979862974787
0.15290115188466674
0.15323523248228843
0.012065056029298638
0.11063200248508814
0.002488381128254946
0.06783753419359984
0.10354968031681644
0.07039980955592001
0.07916164687823085
0.047833851316197384
0.11191456064579514
0.07133522672424164
0.13187756696834846
0.062436364927046184
0.16978829069127505
0.16143281916300734
0.08850660542835515
0.1766202332397816
0.17444866176402773
0.13424451029012957
0.21923000041822727
0.09568232599343446
0.1343761407632943
0.2267604057640411
0.12210384380713268
0.06994868695422607
0.19783345567957233
0.055281938306482425
0.19287398494613223
0.1634401494534226
0.13976606998131175
0.18627059491076248
0.163306450591654
0.11591877338554585
0.14253139182183577
0.1080428909437453
0.16444550934490904
0.06518470708235946
0.06688723224672377
0.12006306454608856
0.08658130648726176
-0.0019409768719077514
0.14433991010124564
0.060451785440353456
0.17442268368350905
0.1350865995841778
0.002303741519127822
-0.04533724382146975
0.006185738861650525
0.06494270723127804
0.2323829731684724
0.048400375995124756
0.144350967207043
0.1299717883363597
0.20037672229182318
0.14084422044216088
0.03743177385678176
0.10573001563445056
0.11528533368881005
0.12363038203167859
0.03655780951543608
0.10634678372594808
0.20157797175499897
0.09725348220617935
0.09141191594308062
0.16602781782999804
0.021173911098767095
0.22699353572385228
0.1862860206992929
-0.0069473315236247
0.1203797633473041
0.19060416666627988
0.1714848476213412
0.06281312589960214
0.14811870911764546
0.14508304496993585
0.1700233400106257
-0.05060863809439764
-0.03677087267217227
0.1408046091608005
0.05778977125980361
0.05240791730716832
-0.18618334437986273
-0.02286850128464768
-0.004549137812291382
0.01602662707972813
0.1392858820373311
0.14053800366951436
0.16906259128488582
0.1918915348717548
-0.2353866554178774
0.10482869546974
0.014914027984869294
0.22707651530319073
-0.3563977666477608
0.2439859458904559
0.06580137384831752
0.1736134738157023
0.33631498681554806
-0.0772749067031746
0.18177260484205193
0.12291954231291558
0.06848113319556715
0.1344598899280121
-0.199078984400339
0.05031826705678055
-0.128940981756965
0.22283118685257125
-0.1289830515026975
-0.32379696999435026
0.2977244259689853
0.2894511363839134
0.1116598324015165
0.14895913144752965
-0.9332528238900766
-0.04068536217015517
0.22118117582525293
-0.8649451590661175
-0.11999086200566134
-0.10237816735692229
0.07496047862087868
0.21379302055076876
0.36232030473541565
0.28700033326014973
0.45631430192304684
0.13898869223836652
0.3627002197428504
-0.015804964874915117
0.2917481226096623
0.37448092480787976
0.26787093257540695
0.1568147565713875
0.24820229483360196
0.15261219198470782
0.19659960508344287
0.23753668263407846
0.37412602785019156
0.14418000868719655
0.20063219951591033
0.0392146145000723
0.21992057076583338
-0.094376440197526
0.030220149051571776
0.09841841917861582
0.10363996481580129
0.12159679972539272
0.10576221720435502
0.13555246425287792
0.05750252445660348
0.17198585627277957
0.07942435854578728
0.10826941392012057
0.08179735935891241
0.136195113021436
0.14174994578743189
0.1584724160283622
0.11823144399910579
0.029247912607066662
0.1676888633459187
-0.0055326959112237395
0.14217969506890882
0.08723097419687459
0.15852895313186172
0.001346256820214331
0.08474571527993596
0.05747269686199186
0.009079550510906087
0.09535740442882862
0.08412024091782966
0.11732718616509857
0.11686072062806252
0.05360711018231651
0.24874244211017704
0.1547254769983557
0.07949828290049582
0.009047578545868351
0.15799231195043084
0.118595260366405
0.12182767883889256
0.11682744478680485
0.06087532285639463
-0.04495494659971411
-0.024051618412550768
0.0014220382593849168
0.06760781774780511
0.1695047446893772
0.09828809739935818
0.10839687742514975
-0.04814707979388111
-0.045945150948781266
-0.039244290902300305
0.12392763222310677
0.04716524555107504
-0.008691264517736275
0.08221719119952986
0.03363979411556145
-0.07169940395785535
0.13943137958025148
0.18303855652745776
0.09568527678021727
-0.1064232351801715
0.26563460966301555
-0.08455917254760648
0.01769501827328962
0.24466075828661543
-0.07181464637737689
0.23562276590294662
0.013067215665620247
0.031189523795996987
0.09452823005931421
0.025759172636276695
0.23469895155416154
0.059084926197411736
-0.13894172328216636
0.16371922915257087
0.17978448582399226
0.09737310625274598
0.02314605375508877
0.16209182402018668
0.013127140668623638
-0.092002683243947
0.12304576605267814
0.19256162467460552
0.07081111862971973
0.039079976351024615
0.0890234486969001
-0.05012178087450192
-0.015601560441308227
-0.009571727312202571
0.03198537082191438
-0.09736331940864473
-0.17565709676788244
0.09272269855906229
0.21869559262047145
-0.02199519993721133
0.09013103168134473
0.12307758499388533
-0.31085291249881397
-0.1378410426769764
0.09117900060170109
0.12045704961051912
0.24429081180530354
-0.02306624055103501
0.2460671102312037
0.21118922463670903
-0.8344258120947272
-0.17635191414442164
0.10339128324613373
-0.040274981830307977
0.23263613405245664
0.1780572341811016
0.24087379316557928
-0.053875871806358444
0.059638397274599686
-0.23119939900227526
0.10374174141834897
-0.601106631779889
0.22818561677049454
0.06846535515695673
0.1084778899618078
0.08064428305116622
0.2512159018551786
0.11343273106992857
0.14034970675208397
0.04000529605395131
0.19516363747491972
0.08438826592390825
0.1556819524365155
0.025816521518425894
-0.004579978154979347
0.04467741721384011
-0.010921040692353445
0.14157868934769163
0.03891135201100748
0.027125316055274573
-0.045951606263361144
0.15508426075156473
0.1368682930708433
0.14032974355267702
-0.021781090404784154
-0.09578851074292793
-0.02262592836917332
0.12458573358590752
0.16951600138805567
-0.11140387355610448
0.06783774625571515
-0.3970665756059588
0.1894664406649132
0.04049541594801054
0.19153525067366872
0.07453219929692373
-0.10747247077902833
0.058696970265964654
0.0729226380413478
0.05359905937955778
-0.12888152688773324
0.009510024997214483
0.15394906554840637
0.19490866731674172
-0.04645952283923771
-0.21999082353401922
0.16405709233308807
0.16408161286401673
0.24771827246847178
-0.2062411167235808
0.230327892384597
0.05204911993118816
0.02205724742570142
-0.17118619484735476
0.09312491176549031
0.05674294665238888
-0.11072294630518908
-0.026296250350071992
0.11520557915139401
-0.00728721375894692
-0.1631398628559193
0.2630047806287139
0.0732600693121006
0.16468750825955097
0.08595493785434422
-0.19620290735509194
0.12387736635847663
-0.021457058569160914
-0.37384699311761815
0.07722162306418862
-1.279631863101086
0.2025004752334964
-0.7474910456774857
0.3292622710377048
0.21926435512327963
0.11344458063114965
0.37640372245968706
0.2288423771054735
0.1769962342435602
0.34877758229471956
-2.2253077423150414
0.30278647199883246
0.21407848565076226
0.19150791758153002
0.2976138836357412
0.18913564132611754
0.31785161923083366
0.27287299026938805
0.3622773720923774
0.3099477259899438
0.3486931549499944
0.18072052622399537
0.30447707754428877
0.2720552539748071
0.24632299259690094
0.31340210155017845
0.2788496230688409
0.35698277372595855
0.21442623692503754
0.2749975890174082
0.2800942980758868
0.2922410710824317
0.3037777390695495
0.2486125052395693
0.1210077865911407
0.19883176691138932
0.13785838566065378
0.18342578464459358
0.1129472935517345
0.08374023729105934
0.2098243007103845
0.2210196306729536
0.20792404896802547
0.20153204641354516
0.1507280807561721
0.1791969034114942
0.16820734427546685
0.16614573859874227
0.2080550991692673
0.22456872884328194
0.15602996241643846
0.2297418138746265
0.2025528389167538
0.1895875966944261
0.1634219849757791
0.11846433463341921
0.19289185056741948
0.12713776613146116
0.19638297205195615
0.16229648033801908
0.15919422830641217
0.054655322916171256
0.17681105996007973
0.18125383114189125
0.12148846161694382
0.14032012374447522
0.08202943657150508
0.16228282093369994
0.15947854878762097
0.1765565234608235
0.14224281776485154
0.15946635726353392
0.183949399997071
0.16443499330381556
0.20385489934750622
0.08068049030855046
0.03279167445148834
0.16422989531023685
0.22274958179437548
0.09561574729194278
0.08613800413860229
0.11287580198000968
0.16829279459093904
0.1653283136433858
0.028982015696218555
0.0522011173124613
0.12381412859619911
0.11430255024702307
0.029073641376992254
0.17942825942615348
0.19880224835357013
0.10257148086789647
0.051710022104635656
0.03402281198317719
0.11113818737929987
0.0991304404122873
0.1555398769279676
0.22302833644801212
0.010652257143583033
0.06662664354177067
0.182406793596242
0.08512169999715308
0.1853218860073994
0.22555276223635856
0.03050544723700549
0.066928295050245
0.14061025776164027
0.09502888463400438
0.1604350309971943
0.07812128409686919
0.11959818521744814
0.17557643750630236
0.04661707515882735
-0.0016741258531479675
-0.023751207044875433
0.10289805720165618
0.007560498008909788
0.11836595459663923
-0.31293147056641024
0.07183503909020567
0.14259984548304216
-0.034567249780511844
0.11443968939594851
0.11232071544255512
0.1458733750111375
0.02596814166071615
-0.2430599529902122
0.1870309359921924
-0.07697163493171177
0.08154854104813919
0.03674245813587257
-0.2783701894825171
0.17842037511487374
-0.14902618545933322
0.13042686368727374
-0.035096407979143374
-0.2876112368740944
-0.10553236204261962
0.1837690822247055
-0.4112199694589487
0.18514651654227277
0.19797810038981495
0.07884655402183705
0.2102809547951246
-0.20878607627646606
-0.08692097497250617
0.21192676364425017
0.2174585735613741
-0.06356601132953876
0.04045081033164649
-0.5947749230501134
0.09996885778568693
0.010961570604139714
-0.08148930660085507
0.14232201018402496
0.20540516909303236
0.1555079870396449
0.2510951009995363
0.11307772139120964
0.2579937378898728
-0.04189526553762657
0.13312180650334354
0.20225215759248016
0.18736869756181423
-0.1362382117630575
-0.0663224733475486
-0.013849156885543668
-0.37189734365996063
0.09004719656485266
-0.4748795754303663
0.01868794212022823
0.24792426361836195
-0.03563795417609639
0.08213477604179026
-0.12397626127259953
