0.019755152609496934
0.02149546905905266
0.022231904949742625
0.023876142619934874
0.024937680908000276
0.02548770769255983
0.02684616616525333
0.026965840498570013
0.026620616949302154
0.02639384385348291
0.0263120818703156
0.026398203414271317
0.026093011978823584
0.02524732273334518
0.02390962553567267
0.022134534671915312
0.02084896012525563
0.018457326510230437
0.016945551200971916
0.015106621061722007
0.014610013994594039
0.015832323590628947
0.01868367485011346
0.02269427585916025
0.02676394719789427
0.03046750452255085
0.03429259456273738
0.03890481376252111
0.043160472438413935
0.047235240603148494
0.05102501726419656
0.055088708083866095
0.05894201168603014
0.0626560249665527
0.06574251846808407
0.06871426110619451
0.0727492860875383
0.07743570621414582
0.08202381447221985
0.08752498498505319
0.09258839133357379
0.09739575958584386
0.1022529062157552
0.10657915486782446
0.11084602590582239
0.11586021008862082
0.12051893616356013
0.1248537246359305
0.1291822728213691
0.133349275976516
0.13775044033295386
0.14215959803305894
0.14655457912546602
0.15167066861619538
0.1568661604212235
0.16192581487007568
0.1666109275036226
0.17102389497849468
0.17545750180687048
0.1801497579272881
0.18507750267926262
0.18991364390169835
0.19383284544240736
0.19762899096322886
0.20233466995908198
0.20685121920091398
0.2113970758981494
0.2156403026693237
0.2195785758005183
0.22308768250165267
0.22670914270376352
0.23050147147250233
0.2340049082461482
0.2374512434800548
0.2411800155328949
0.24551424435682143
0.2498213923022978
0.25398482070093553
0.2570430684534132
0.25994684206372404
0.26337479049694595
0.266769774022553
0.2696487636792544
0.2729389686381035
0.2759407789977558
0.2794015471418566
0.2827981991852212
0.2860057484570617
0.2884200379893381
0.2911131459583704
0.2934618350110592
0.2952495531634234
0.2971182177357088
0.2984767850152953
0.2994164640737376
0.2999231883242853
0.30121822619610594
0.30350860859217177
0.30551561196191246
0.30715632176451146
0.30865795463665163
0.31201492582364815
0.3160130666879451
0.31942931736256797
0.3232375782863341
0.32754480652113843
0.3313477645184793
0.3350599238044276
0.33775950724428755
0.3408106318882173
0.34410541067311873
0.3470552750739141
0.34951055527569425
0.35109772006444934
0.3533868219792353
0.3551697544090326
0.35648192727444683
0.3583849896084966
0.3615294179221607
0.3687129055761608
0.375811690402808
0.382548434918454
0.38862752085942026
0.39485353241044857
0.39972990133264025
0.40547820261382833
0.4113004815752711
0.41779961615937095
0.42316905873280775
0.4313617888072419
0.4385572349493733
0.44538984817077204
0.4515903440589434
0.45726727433883524
0.4620794933200342
0.4635194165037941
0.46314766033978555
0.4635122243439477
0.4637996982283618
0.4641576273181079
0.4642174039968907
0.4642510351280926
0.4645530092570976
0.4659981611732872
0.4673877056391645
0.4694018509939255
0.4711257408890112
0.47167181335733643
0.47200528072445086
0.4708050470329481
0.46990871654583266
0.46974425032755796
0.46898653949210706
0.4696381900864066
0.4701938118448908
0.46979556728826116
0.46974752859404617
0.46885530064988074
0.46798882815714077
0.4674263041387999
0.4667484840877594
0.46561189263276265
0.4656810266569246
0.4653508635383829
0.46478431032247425
0.46517825433173443
0.4669028092716844
0.4704354060923585
0.4732729840639955
0.47565448191801446
0.47834702303992754
0.4804546454370778
0.48168172215378435
0.48244966096009445
0.4825036705853277
0.4828287276538834
0.48309036002961836
0.4839540356833388
0.48536112242211177
0.48651069964800325
0.48915041334267545
0.49158766088082245
0.49534652375329613
0.49788253877835414
0.49941471278489225
0.5014405697331275
0.502688334768679
0.504497849728589
0.5056134433101859
0.5078297713304952
0.5097963587784827
0.5147061489606237
0.5185426479724665
0.5226877756281528
0.5269425834574626
0.5302304747959942
0.5331362034743254
0.5347420818313111
0.5359761130046461
0.5392184185372229
0.5409642699153381
0.5423019296622081
0.5433701536080737
0.543147897430961
0.5414207242319902
0.539570652899928
0.5385545200741991
0.5382066576616963
0.5378247089328682
0.5377338197441296
0.5374191342678215
0.5368839125143446
0.5367316687778283
0.5363509527047855
0.5360007211192696
0.5367866892923312
0.537338748372166
0.5374373891340801
0.5372375316786117
0.5367787866513103
0.5361323215071162
0.5354593372224261
0.5347792844529935
0.5340374526066276
0.5332415367583186
0.532500418211842
0.5317718321690215
0.5311786352284666
0.5305858571302225
0.5300895264430582
0.5296349754748572
0.5292788987395314
0.5288976419347545
0.5285292222309799
0.5282149733651388
0.527908519787116
0.5276211831835197
0.5273499456133164
0.5271087486465873
0.5269471445016729
0.5267498946794109
0.5266142784810537
0.5264641753930717
0.5262697405489322
0.5261076072081381
0.5259450821861716
0.5258373298484305
0.5257203014947706
0.5256195329879528
0.5255565800479696
0.5254166846959621
0.5252995871374675
0.5251832104818033
0.5251128546689277
0.525015868458922
0.524942945373547
0.524817161532495
0.524678818736353
0.5244740984215465
0.5242612592202059
0.5239949629248272
0.5236750558616431
0.5233570805974416
0.5230601565384813
0.5228494163618224
0.5225568921058945
0.5222534715075379
0.5219760547290264
0.5216990743207462
0.521455251411388
0.521265554054238
0.5210802707548572
0.5207455257841189
0.5203782951720552
0.5201385971912075
0.5199843824487556
0.5197763347085315
0.5195498794109116
0.5193867653612421
0.5192875269759197
0.5191977229225372
0.51913669078253
0.5190676132849961
0.5189643905921505
0.5188056920133162
0.518658275080618
0.5185400131004229
0.5183616386909755
0.5181254569117281
0.517936977099434
0.517716589051623
0.5174535645123329
0.5171549064975313
0.5169793777679769
0.5168142939233525
0.5166758591554885
0.5165015203085125
0.5163662825683696
0.5161496409802204
0.5158942009663423
0.5157245560631496
0.5155139091713278
0.5153156183280617
0.5151041511827347
0.5149306401021668
0.5147214893123736
0.514495456693252
0.5142059330813631
0.5141479475560452
0.514116178739633
0.514091596474075
0.5140348965101703
0.5139133129936637
0.5136768458117787
0.513414431738549
0.5132251213321949
0.5130837334655565
0.5129082294741285
0.5127772213093771
0.5126832778199181
0.5125896042106369
0.5124650783308156
0.5123475661451661
0.5122340595786274
0.5121849208050999
0.5122129838489633
0.5122507639381794
0.5122727397966516
0.5122221342108733
0.5122798232097654
0.5123206841894988
0.512245590691208
0.512191470330116
0.5121839531143437
0.512059225483554
0.5119147668338871
0.5118095686372173
0.5117809305483295
0.5117298273574616
0.5116505323120961
0.5115327747554592
0.5114020473397483
0.5113715708106488
0.511305892539111
0.5114976898793622
0.5115887552212436
0.511945656997713
0.5122971108129194
0.5125924203035498
0.512954004767196
0.513272860573793
0.5135118121116892
0.5138043390925309
0.5141534258040418
0.5142884212724596
0.5144512885888072
0.5145414311628649
0.5145296244041176
0.5145862337794163
0.5146089856202694
0.5146418673103467
0.5146853098363244
0.5148317800763544
0.5150416730104671
0.5152399480659593
0.5154183572798259
0.5156689259761135
0.5158245310040193
0.5159606665970086
0.5160600865981514
0.5161132275007922
0.5161444485030953
0.5161475366938252
0.5161555889295447
0.5161248207942094
0.5160138423708555
0.515894171052351
0.515654988540746
0.515655621424408
0.5155862239998337
0.5155307672423293
0.5153206899945524
0.5150673400082674
0.5149843408667529
0.5148737233469907
0.5147311551574686
0.5146014796869428
0.5145687773012464
0.5147124307449202
0.5148369639879348
0.5150488835747451
0.5152554221702711
0.5155818296257664
0.5158698241594639
0.516160161442206
0.5164824939222028
0.5167134614221338
0.5169010846006966
0.5171413951796933
0.517422466464514
0.517694200656326
0.5178279109892923
0.5180014380547723
0.5180436685847903
0.5180713719759931
0.5181503786910259
0.5182697525522098
0.5183023288333786
0.5183686375272756
0.5184595774280725
0.5185224805080236
0.5186029861668834
0.518674847560303
0.5188678786992883
0.5191595917389028
0.5193044774814467
0.5193803387920458
0.5194559963171191
0.5196110872436155
0.5197818838862045
0.5199505703768417
0.5200728607240459
0.5201798940970302
0.5202215675408048
0.5202459813187728
0.5202733355498853
0.5202907404787492
0.520455785559671
0.5205796465385937
0.5206416418186196
0.5207563749513451
0.520807673661562
0.520803289189464
0.5207738850936282
0.5205830155285845
0.520466884206257
0.5203600067897446
0.5203926786707561
0.5204575628487846
0.5204590713380092
0.5205198591723115
0.5205351634627066
0.5205295350431911
0.5207520062375202
0.5209496931056516
0.5219254221997963
0.5228054109758171
0.5234994870555735
0.5242687694972448
0.5249637397281198
0.5254804491132461
0.5259719196365445
0.5263420062881143
0.5266363903775845
0.5268781857549861
0.527291279149171
0.5276470478807579
0.527978450186237
0.5300744678115323
0.5321601434912512
0.5339521948576824
0.5356538353016138
0.5373182200097008
0.5387169074899429
0.5398945142646231
0.5407040269619873
0.5413321676288665
0.5421268919168529
0.5429252581729528
0.5436729166965686
0.5445799075027673
0.5455500302840569
0.5463011790792637
0.5470571851533147
0.5475978138290611
0.5480080182047372
0.5482751750019713
0.5487868418301641
0.5491081506697215
0.5494509029498554
0.5497658982066735
0.5500041168523218
0.5501557615819189
0.5502800943308567
0.5504061777073144
0.5504573816867562
0.5505290368689408
0.550521312468524
0.5509599415326873
0.5510762353504798
0.5517737222150254
0.5524373185826055
0.5534586431527835
0.5543550467001912
0.5551401887638366
0.5558806740838763
0.5564107751982894
0.5566790680262833
0.5568786522550886
0.5571582652574157
0.5573640472235795
0.5575443955386566
0.5577586734553833
0.5580901018423071
0.5585646786716036
0.558450110949364
0.558356343567585
0.5583709943992372
0.5583014052925762
0.5580496392353842
0.5572281293873546
0.5563827363889525
0.5555268298621228
0.5550084623348053
0.5546525863415183
0.5545202764900223
0.5543397814875243
0.5539505160617826
0.5536702420944611
0.5548246623703098
0.5559519089472048
0.5567952120197035
0.557454772223437
0.5578055767697795
0.5581813926184578
0.5585335010023023
0.5588577225813034
0.5589871646020519
0.5590104333253221
0.5590311664533838
0.5590056410298574
0.5590389936401037
0.5595850763589225
0.560203370559252
0.5607064526361736
0.561189734543032
0.5616094144901607
0.5619978486459476
0.5622897182153128
0.5626910475171314
0.5629508114240487
0.563280696450417
0.563352945936288
0.5635114443599614
0.5635943158664578
0.563905403464131
0.564275785024929
0.5644499078387155
0.5646532050991747
0.564789386649909
0.5650824878330055
0.5653111447976215
0.5657793064989493
0.5659573942987293
0.5660633727960206
0.5662541726381151
0.5664044626182433
0.566464586669436
0.5663969558948424
0.5662072538590713
0.5663086529818877
0.5663383308250971
0.5663673064532594
0.5663731685294534
0.5663588966279337
0.566244974857402
0.5662157226970609
0.5663059421176974
0.5662729128912778
0.5659852558482031
0.5658550170324518
0.565962756481631
0.5660103763579564
0.566243283186401
0.566317983293584
0.5665578398172165
0.5661510649968544
0.5658551663668518
0.5654891972267516
0.564957508795386
0.564313172801878
0.563211504092737
0.5622372622465838
0.5613711762641267
0.5604972569132752
0.5598481761953753
0.5598697422579119
0.5598139750697867
0.55957256215734
0.5592500814999167
0.5590396935335021
0.558687129397708
0.5584751555748246
0.5583628296958439
0.5582634567449172
0.5583358173790717
0.558432817564759
0.5588124508611076
0.5592786680507031
0.5597423709622469
0.5600253092864301
0.5605596396732481
0.5610067141016567
0.561356961594689
0.5617412551591099
0.5621405602306502
0.5623637969633446
0.5627263557353108
0.5621446154176669
0.561570332015553
0.5610790777475024
0.5620210769914097
0.5625150647439111
0.5630155595940207
0.5635280354835287
0.5637924715929216
0.5640550242247439
0.5640045766164702
0.5637272533187357
0.5634287868554505
0.5628774405738185
0.5620577246204715
0.5614312047063688
0.5607362617158761
0.560050457859898
0.5595660350378137
0.5589521829432458
0.558466000620969
0.5579583496917933
0.5574097329414696
0.5569991712846404
0.5564217735455295
0.5559538375518053
0.5554566606979717
0.5554250141389607
0.555068342508488
0.5551199359422699
0.555055134498685
0.5549904099444842
0.554794704469446
0.5549612401980233
0.555379769997853
0.5557658158731604
0.5559381036566904
0.5560531611470189
0.5561842503581029
0.5563395077548713
0.5563487729241452
0.5569496515077348
0.5580570969999332
0.558928975943115
0.5597522993596978
0.5603569367242305
0.56119520332983
0.5618920502527057
0.5624952355218665
0.5627989332816468
0.5630341682431435
0.5633704869014008
0.56410763917217
0.56456725619728
0.5649188335269937
0.5658538087544674
0.5667708925969371
0.5673067196231748
0.5676583587288828
0.5679670924902512
0.5685291833714404
0.5691045106249604
0.5694183177998252
0.5694979236437802
0.5693124318935984
0.5695337020753637
0.5697525205763293
0.5700272352950326
0.5703721945512294
0.5705600734602897
0.5710411436638306
0.5714600848944741
0.5717500411364342
0.5719768414046249
0.5720137065735501
0.5719792127081251
0.5715626052399311
0.5713382018404611
0.571146846110095
0.5707719676622063
0.5702617328652819
0.5697467242853305
0.5696434283666556
0.5702535843077376
0.5708710023774047
0.5714044643786457
0.571665240741696
0.5718566450039054
0.5718900546819241
0.5719604306183725
0.572167830676938
0.5724730870379766
0.5729826063728544
0.5731703433267368
0.5737436765237762
0.5742402982304633
0.5749492034899547
0.5756244573086816
0.5761339924060146
0.576614713250621
0.5770559135502307
0.5777121060483783
0.5783776264549295
0.578878656609846
0.5791050689306034
0.5792665766667607
0.5793313741902641
0.5793162308277752
0.5789294407188353
0.5789729140230095
0.5790413816743382
0.5786830859108248
0.5786753307748573
0.578678835705974
0.5822460602149302
0.585809766593015
0.5892084386613445
0.5921467742460944
0.5947825009505211
0.596858361709019
0.600075263580427
0.6027948607530608
0.6054537432714001
0.6083785228693782
0.6121249404028217
0.6154149261642199
0.6183313696586524
0.6206877094333976
0.6226712271337607
0.624434255884452
0.6260475985139368
0.6275388601476802
0.6287288035041587
0.6295822880127785
0.6304145851417464
0.6312786976509732
0.6315862456087898
0.6318365332817504
0.6323638986258112
0.6327338333338502
0.6328693117946873
0.6328027287637031
0.632784886166034
0.6325978068859156
0.63235517237412
0.6319379828420902
0.631427039072494
0.6310837019379918
0.6306454634316961
0.6299194375701106
0.6291728258310111
0.6285334160912753
0.6278729999362677
0.627261357590964
0.6267148240523811
0.6262313130136421
0.6259368946292535
0.6251862000096013
0.6245603242853015
0.6237357914337087
0.6226161284278758
0.621600204405877
0.6203473404189114
0.6183056002717278
0.616395310820546
0.6135811384069543
0.6109965640889051
0.6085001916057121
0.6064084301964037
0.6045043264566797
0.6028815726612612
0.6014127209301287
0.6003127548306343
0.5991282765317552
0.597811579095266
0.5956315294437231
0.5935712404200685
0.5918714064892178
0.5904979355690123
0.5892393840905618
0.5880406868274562
0.5871938476214309
0.5864297623625137
0.5857356765740861
0.5852680800972442
0.5848710333089081
0.5849013524460573
0.5850077871699659
0.5852700866165655
0.5856918276374702
0.5868444752539916
0.5878647802191522
0.5887915619683263
0.5894494715446771
0.5899911793561089
0.590474028934158
0.5908596227971931
0.591664681648277
0.5915800226708783
0.5913081194314013
0.5911933219233589
0.5911151540201035
0.5912609975864057
0.591621798667819
0.5918504333113189
0.592206162928119
0.5926085304080414
0.5928477739893117
0.5930491191716611
0.5931235516883939
0.5932297259227105
0.5932753338360335
0.593703672922193
0.5946008941281279
0.5960642632252885
0.5974253231676612
0.5986404552834892
0.5998198734616709
0.6011066544157591
0.6023120751003028
0.603191112767832
0.6052341868974033
0.6071102019338498
0.6102302782829876
0.6129483974060955
0.6154402471251279
0.6177384544337771
0.6196858337923437
0.6206736804291297
0.6217229740205286
0.6224617639773518
0.6226639576169002
0.6225922560793102
0.6226634434461844
0.6227806667485185
0.6228657596714471
0.6230167182814981
0.6229997900680294
0.6230795462539191
0.6233218448798218
0.6237822341353736
0.624552023056016
0.6250937030396219
0.6253303948631511
0.6254077913486035
0.6255810135959721
0.6254906821763964
0.6243795169035544
0.6227094594932887
0.621124953589342
0.6195242147691147
0.6180798385132588
0.6167708579929314
0.6155633435120067
0.6132287305129401
0.6110026799891501
0.6089018303493616
0.6070078062253893
0.6051252600568611
0.6035362186566173
0.6023446865669994
0.6011665102945873
0.600057753631545
0.5989346435026418
0.5978703748664218
0.5969747643956567
0.5961022573290214
0.5954841169962298
0.5947145652791602
0.5938805164698576
0.5929999580855764
0.5919752196772221
0.5908908079699721
0.5898250114641483
0.5890225344526685
0.5880242310092716
0.5873067208110005
0.586851089580093
0.5860719148852844
0.585486139425418
0.5848780915774122
0.584482593066908
0.5842413999651539
0.5842640282140034
0.5842314099573733
0.5843181685779871
0.5845123876929317
0.5846363113471456
0.5849287110638062
0.585201418824025
0.5854879465263053
0.5857783545882576
0.586066190346586
0.5862541955944058
0.5863731218327692
0.5864229953048582
0.5859404071460009
0.5855244383048579
0.5851280519569919
0.5842512755304271
0.583730298200633
0.5832625227570193
0.5825734795175921
0.5822214754299814
0.5820189845899786
0.5818109984178461
0.5833198376770631
0.584503740003188
0.5856205232283818
0.5866624152124211
0.5877958999501275
0.5887096245958064
0.5894213584981954
0.5906020230678248
0.5913620034466787
0.592283106076332
0.593514377924432
0.5946341761841862
0.5956204659210448
0.5968101156643576
0.5981877691225249
0.5993626609551403
0.6002671106475037
0.6011554143296047
0.6019921075722486
0.6025839320757477
0.6030306527502864
0.6034098703685199
0.60371655547926
0.6040211755955374
0.6041892776946478
0.6044311085670304
0.6053218311036819
0.6063310282710539
0.6081081222235272
0.609549328852109
0.6110177805115384
0.6121980859359915
0.6130667435068292
0.6136828049500007
0.6142475013035504
0.6145046002184119
0.6146933633328999
0.6147194593407702
0.6149652479615326
0.6150675816096783
0.6150634214212575
0.6148191416347351
0.614516358545111
0.6142051365204392
0.6138109766354998
0.6132979810066717
0.6130989559514188
0.6129363791666869
0.6126914107626248
0.6134492519848872
0.6163990764374714
0.6189458133467081
0.6209460265365553
0.6229775593755851
0.624734234420445
0.6261104503178067
0.6273245932603395
0.6290256340899536
0.6309225793070828
0.6326244099616268
0.6338654288366238
0.6352372968274445
0.6363777094907856
0.636946712882355
0.6373309306510784
0.6374331684788798
0.637476740526674
0.6372538538218806
0.6369251203038844
0.6366148994770826
0.6361367560724516
0.6352549414762056
0.6341766455384252
0.6340165350343908
0.6338374676494299
0.6336078565331257
0.6331987445684287
0.6329203320296849
0.6325755808899381
0.6326035573838418
0.6324766982385945
0.6320055740126487
0.6314271775487675
0.6309618369424337
0.6306204328114587
0.6301662451617103
0.629604784717078
0.6292463362517426
0.6287051422418802
0.6281591485264616
0.6271907010299123
0.6260402251558153
0.6255075264412528
0.6251864571084152
0.6247787680011848
0.6245229567587348
0.6244091597270834
0.6241820615012635
0.623858421485299
0.6231440913233184
0.6224351946474816
0.6217799591594306
0.6210091408287379
0.6198676816865697
0.6187587605987857
0.6176797636218059
0.6164361152190184
0.6153023104597808
0.6153759820911494
0.615215051870698
0.6146257095316054
0.6139830537089518
0.613505701571787
0.6133217819498383
0.6130945244730578
0.6132038820043969
0.6132781719670192
0.6137674672653101
0.6144808392841661
0.6156211744474642
0.6162152982788089
0.6164926120974011
0.6159937830453687
0.6155311153396702
0.6158981231703446
0.6159147233515737
0.6170065983927585
0.6180888116370534
0.6195116327748239
0.6206327306627736
0.6216669161529774
0.622802084601905
0.62363393818011
0.6241180264696885
0.6241406235546184
0.6284244093846958
0.632446749735737
0.6357775837010979
0.6386707482582571
0.6410391952097806
0.6424071340967197
0.6437323801060201
0.6440311221218585
0.6441807705720816
0.644211708903154
0.6441477605644896
0.6436211587965496
0.6434258713564325
0.6433834550594312
0.6434270591774895
0.6439081333912148
0.6420676970431632
0.6400554577495946
0.6379183610459732
0.6357200326535805
0.6335848217708546
0.6314440451445439
0.6294540230420029
0.627650882867981
0.6258762865003021
0.62424271153771
0.6226718048989336
0.6212051942439568
0.6199140285518564
0.6187004296296432
0.6175889139042317
0.6166791853844438
0.6156869352331823
0.6148080418863195
0.6140099090792714
0.6133483248099526
0.6129801160893881
0.6129042135678584
0.6129054450100325
0.6130185830854321
0.613217770280348
0.6134263953483113
0.613846003682881
0.6142412962354232
0.6147335237442476
0.6152225563280154
0.6156345092332166
0.6161679347364041
0.6167222853546184
0.6179830694770625
0.6192611765962572
0.6204334915706448
0.6218217972506458
0.6231452689786247
0.624342388603227
0.6254463986058626
0.6264638224403397
0.6274308182473057
0.6282715685370979
0.6290517305697269
0.6297408693709324
0.6305689302966984
0.6313797145018667
0.6320894052684766
0.6326742078282459
0.6332679232999316
0.6337607630491551
0.6342998426681068
0.6347887079230705
0.6351702171124557
0.6355893009710798
0.6359213621164801
0.6365621731293261
0.6371888705724799
0.6376881802261619
0.6385047872259968
0.6387146151362759
0.6395394925081006
0.6402295412331463
0.6408886823455219
0.6432003019388189
0.6453465877255384
0.6471951950654407
0.6488029919328651
0.6498059159987492
0.6506986556701205
0.6515576013893816
0.6522627345247552
0.6529076961246737
0.6534261593843917
0.6549386443142585
0.6555281252953308
0.6554460017849005
0.6549832774837238
0.6543234279702755
0.6535088048899614
0.6525685800297732
0.6513430229565264
0.6501694002800945
0.6489776406151471
0.6477943113208335
0.6467194542277142
0.6459006749313964
0.6452480191844289
0.6445940276156874
0.6440057662339363
0.6433734691251821
0.642793802374317
0.6423170221416091
0.6418623947109992
0.6415181902661078
0.6410869769776096
0.6407600685780843
0.6404533208575093
0.6402427676556094
0.6401710024666822
0.6400879034885869
0.6400331341585265
0.6399870306517446
0.6399663330174692
0.6400375537411049
0.6402060798083001
0.6404059087898305
0.6406578093042957
0.6406009371475044
0.6404950064941918
0.6404300888841522
0.6402780133648636
0.6400950772878437
0.6399926379689953
0.6398036468778479
0.6395858769920824
0.6393329419580607
0.6390666478856455
0.6389963470994492
0.6391109552291192
0.6391741540220244
0.6392770963350825
0.6394125750243268
0.6395453915721843
0.6401435527021551
0.6406273091779547
0.6411520179071045
0.6415876130040384
0.6419398303121964
0.6422363332214968
0.6425453915838149
0.6428375433911426
0.6430893298158509
0.6432807169139892
0.6434817829794067
0.6440172078288612
0.644770213387661
0.6454929600701695
0.6460844796927647
0.6468561309491951
0.6475620833856522
0.64840526938164
0.649313389370447
0.6502240967164291
0.6512577089817702
0.6521855759578599
0.6528349753924656
0.6536138309544636
0.6542921397770862
0.6553791696767259
0.6559518871317629
0.6560341643112721
0.6558124834667043
0.6554241902000181
0.6548808921331147
0.6542107995635383
0.6535609159391966
0.6528908846173551
0.6522029673513333
0.6514661278129473
0.6515652721692989
0.6515796279914778
0.6516428798625642
0.6518188458420955
0.6520875584772996
0.652326018771529
0.6526020513477906
0.6529083391859645
0.6532290566077024
0.6535788215532631
0.6538930582466923
0.6541616460195834
0.6544832708028023
0.6547309585307426
0.6550197888269116
0.6553387649433958
0.6555553705463372
0.6557701665973766
0.6560410794259395
0.6564273506901719
0.6568162032048362
0.6571152458416439
0.6580647594410608
0.6589152167871312
0.6597146558007446
0.6604383558069372
0.6612200189380415
0.6619989999433057
0.6629410640287484
0.6637575067527823
0.664620509086224
0.6659220359542348
0.6670884516834482
0.6682229081910045
0.6692786662284389
0.6704236425515233
0.6714596896190923
0.6724874511493407
0.6734425261479341
0.6745553050761707
0.6755066689193798
0.6765813058398837
0.6776376727684597
0.6786256878357826
0.6794006637218853
0.6801740229721647
0.6808098740165672
0.681382653801036
0.6819803623165674
0.6825449373813645
0.6831330518268784
0.6837725721679695
0.6843902970501954
0.6848869879305644
0.6852924672574471
0.685746150199088
0.6861332484144211
0.6864040037065666
0.6866611278790549
0.686851141694764
0.6870398968004792
0.6871117833488505
0.687276927655926
0.6875421911429002
0.6877789977315515
0.6879857743675147
0.6881289155863606
0.6884877751085132
0.6887434223625428
0.688948046438986
0.6891144022494975
0.6891797136166913
0.6895275363593282
0.6895492457918441
0.6896324390564925
0.6896022920556669
0.689602927906057
0.6895467037544943
0.6894282801370524
0.6893774923574004
0.6893328546622063
0.6894323000843342
0.6895311505653152
0.6896631563510648
0.6897999086487077
0.6898833621340158
0.689827823717651
0.6898105678799307
0.6896838637841495
0.6896215607394837
0.6896639581895124
0.6895437381054262
0.6893692030101163
0.6893517621676025
0.6892835257509178
0.689217242039826
0.689138623957334
0.6889892930226714
0.6890919117867127
0.6892867097358796
0.6896402340800627
0.6901353660959516
0.690499843740929
0.6909047453077359
0.6912455625639274
0.6914039981812203
0.6915118526927312
0.6916252416929795
0.6915900657603135
0.6915579984379995
0.6915877301511438
0.6914517594353875
0.6914164992721805
0.6910239549201724
0.6906347595162796
0.6901494937191492
0.6896586973758569
0.6892308317940006
0.689427413495166
0.689704535214858
0.6900801264631417
0.6904781619212768
0.6906864070692684
0.6907635033466738
0.6907363555020958
0.6909312587120864
0.6911855324238274
0.6907331894909721
0.6898344807468711
0.6891691504610082
0.6885394350552214
0.6874228937764554
0.6861845618059834
0.6850272018767944
0.6837197963014096
0.6821491279123357
0.6808561150053711
0.6803288254290581
0.6801734269954441
0.6799514850063616
0.679814220882415
0.6796039940699838
0.6793299043992025
0.6791130852243006
0.6789019440407179
0.678754571183928
0.6788151900703919
0.678867360223096
0.6789189423354083
0.6788629024539802
0.6788853720886283
0.6789711132898273
0.6790709356390983
0.6791381556320077
0.679134633621283
0.6791580971695085
0.6791371791005884
0.6790081485746833
0.6789696480759576
0.6792779186148866
0.6808338941069816
0.6822763807783291
0.6835345386705179
0.6843795612910518
0.6850762674216582
0.6857043254718912
0.6863258940007574
0.6868645899406086
0.6867449489705579
0.6865738037342533
0.686465350224803
0.6862850803928106
0.6861311633452718
0.6859458878294279
0.6857284377905508
0.6856065691975366
0.6854114295494791
0.6852153837683576
0.6849994586783802
0.6848628822354943
0.684733538136786
0.6846227785244223
0.6843693497547246
0.6842346272280805
0.683758502623191
0.6829532450627681
0.6819199929259139
0.6806978052320027
0.6793339516967689
0.6778918151264585
0.6765069064100061
0.6751316788514928
0.6738051581850921
0.6725681536181742
0.6715188896044845
0.6703859417859535
0.66998266573907
0.6696615088619079
0.6693403543710037
0.6690336062946559
0.6687426465143491
0.6684871646808687
0.6682685055187514
0.6680602686236635
0.6678580561670251
0.6677216874931278
0.6676202492654817
0.6673204829209457
0.6671296298428071
0.6669092257437763
0.6665508136326346
0.666200726822982
0.6658902489250204
0.6655212145956956
0.6652023593081643
0.6649028907540966
0.6646392707165769
0.6644415243453169
0.6642529393165022
0.664082096820133
0.663933186053043
0.6638587498548089
0.6637787155132603
0.6638688499220305
0.6639772711790014
0.6640911785106381
0.6642344077590662
0.6644807968582753
0.6646697594852302
0.6648365676780217
0.6649752964878166
0.6651261783161152
0.6652631891384622
0.6653662435463077
0.6654377591903281
0.665473512577487
0.6655526620601472
0.6656421306404697
0.6657154342073819
0.6659020128219002
0.6660672698822862
0.6661758457281851
0.6662562389970101
0.6665860416557615
0.6668991862949624
0.6671751669989998
0.6672432485212546
0.6672803364207446
0.6672778555171041
0.6672064826817105
0.6670874213857357
0.6670011633323375
0.6668805816180843
0.666798719395732
0.6667047910801308
0.6666279234307236
0.6665471987553494
0.6665738707277967
0.6668131885740101
0.6669365921722195
0.6668322484444931
0.6667437279039994
0.6667384291081307
0.6666588784139365
0.6665451200679933
0.6665813779939521
0.6665122224905404
0.6664030237669558
0.6663011568888413
0.6662240159165536
0.6661989568744613
0.666186087000945
0.6662091680490506
0.6661491529723258
0.6661111240598229
0.6660681387619127
0.6660433959077161
0.6659657295263711
0.6659165577765793
0.6658381154116924
0.6657305513626017
0.6657098563180799
0.6656598590270303
0.6655447771964568
0.6661192130832653
0.6666750900801465
0.6671381601192166
0.6675012775666881
0.6677915567136495
0.6680568015763287
0.6686723989881275
0.6692276719588964
0.66974376323964
0.6701060184069964
0.6704401371055737
0.6707038623113973
0.6709932295350491
0.6713411798307879
0.6715960932977955
0.6720017608397778
0.672398452766941
0.6727096343817697
0.673028256697403
0.673398180632405
0.673684998142133
0.6739134753211169
0.6741521712144185
0.6745134206559864
0.6746284408902623
0.6747241203133004
0.67470459410799
0.674685586530457
0.6747680771217395
0.6748866428394927
0.6749944094015157
0.6751085464536899
0.6751931763074492
0.6750179497756388
0.674837043512182
0.674663943458559
0.674469923519688
0.6743293123615473
0.674049808185774
0.6738807105006795
0.6737722208035166
0.673589159826526
0.6733604582728069
0.6731037569974134
0.6725342142807025
0.6720512592403174
0.6714510905766868
0.6709693482383788
0.6700018827712082
0.6691146694708977
0.6683492328810843
0.6676574846168476
0.6669977029276887
0.6663702339320272
0.6651627289479068
0.6639039759462534
0.6625618592835275
0.6612982551560931
0.6601592084022369
0.6591588728761698
0.6584485380265983
0.657697858841018
0.656926712247879
0.6562204068873235
0.6554356420851482
0.654606486734317
0.6537142854895255
0.6528611989769404
0.6520734260621948
0.6513600208776876
0.650574240117133
0.64984038975335
0.6493056169376993
0.6487973013379528
0.6483496684085347
0.648102501222498
0.6479992819214329
0.6478738504273428
0.6477433274479805
0.6476806526410552
0.6476242961810499
0.6476471763206573
0.6476111130254553
0.6475601402587179
0.6483777689701657
0.6491270680867717
0.6497944427150055
0.6504178542142914
0.6508604345428902
0.6512460456438983
0.6516221565733346
0.6519693017946065
0.6522765621681667
0.6525574449923154
0.6527344609495029
0.6527999725461248
0.6527507811701216
0.6520230898074673
0.6511168431711778
0.6502250406313496
0.6494189386789591
0.6486412946865863
0.6479017003672168
0.6472286199597233
0.6466131894762581
0.6460675076063408
0.6455170859565909
0.6448844461452733
0.6442952462464138
0.6438840338094733
0.6435144040628141
0.6431938776344925
0.6429400291658871
0.6427411171367685
0.6425688160668983
0.6424402186725678
0.6422927486242127
0.6420944829955693
0.6419769410125008
0.6420962225538409
0.6421472012900153
0.6421684647364976
0.6422977931230444
0.6422632612563403
0.6422578270182775
0.6421238233844945
0.642081708082617
0.6420714790678661
0.6421215432698718
0.6422831286415511
0.6425252492166835
0.642748413071776
0.6428253512185536
0.6428402493835185
0.6428306135730653
0.6428214403836869
0.6428272573208521
0.6428246906702001
0.6428201628068858
0.6429196602767361
0.6430219172065077
0.6431329536948617
0.6430387733224905
0.6429900338414668
0.643006414802434
0.6430544853319735
0.6431740316732865
0.6433219750941578
0.6434222412792655
0.6434206999985996
0.6434618926307486
0.6436267327136758
0.6436948911726538
0.6435753517220747
0.6436849769146664
0.6438723433312422
0.6441199403569777
0.6441452489291738
0.644291734299012
0.6444872980273356
0.6448100542119853
0.6450834702379301
0.6452799035574566
0.6464789708249367
0.6476040297979602
0.6488539895566122
0.6500076500836875
0.6511045072613262
0.6519051944815688
0.6524531657832474
0.6529491628461193
0.6533975756534016
0.6537913459259501
0.6541723408502075
0.6544882760391462
0.6547246680391832
0.6555390814793521
0.6564040702485139
0.6571251354540153
0.6575719331294616
0.6577658266903742
0.6578454121652453
0.6579801240594874
0.6579826074754584
0.6579363467609479
0.6578655321539216
0.6575712048611846
0.6573128770181037
0.6566607746170702
0.6559952050367405
0.6553362698149777
0.6546384742787746
0.6538711565831357
0.6530447364448595
0.6525368505355513
0.6520480572852034
