0.025550178703042322
0.026211198052318342
0.027198507653308914
0.02782041111975496
0.02761065296406994
0.02689665087429796
0.025761845643118578
0.024025940223017555
0.02207110397717066
0.020069028353457606
0.018322395905184332
0.016942055384483026
0.01583517010678813
0.015567297658598381
0.014875653373350995
0.013895665330931182
0.013145217095345038
0.013236996300140321
0.013750738725619747
0.01422970621158793
0.015544829367208798
0.01781514419937024
0.021162907014235073
0.025517737385954652
0.03039568195473752
0.035928024679553965
0.04082939224367854
0.04624500063913766
0.051905319268521724
0.05762359503336634
0.06368442662714703
0.07023223717321439
0.07702969071647398
0.08401522554501788
0.09117404565746046
0.09828069803534838
0.10577568542791327
0.1133735371644267
0.12100739424771918
0.1284927449243201
0.13555264874038414
0.142232212364758
0.14883088375481207
0.15565416150899816
0.16277197779704825
0.17010818675690545
0.17752019509641692
0.185245863373965
0.19327455844247937
0.20121890827368327
0.20931041922502
0.21734176376023348
0.22552880399508604
0.23423795839195719
0.2429913895587574
0.2517730730351696
0.2603862018820808
0.2692786591574945
0.2778279915911187
0.2858880879231395
0.29356741950458304
0.30078607371954863
0.3074014425184492
0.3139901634504477
0.3201811906663818
0.32618947601785275
0.3317625440218521
0.33703626410686444
0.3420787415207922
0.3467775602873256
0.35151121181935524
0.35622360787925583
0.36131744865950843
0.3661622070163687
0.37102304824259646
0.3757532043382204
0.3803768033067987
0.38549980472648027
0.3911031889054033
0.3969002249071691
0.4028622250186735
0.4084220977345049
0.4133180331361569
0.4184948460933909
0.4239032788352287
0.42975937143282456
0.4355687381747354
0.4409174702824921
0.4469186140697816
0.4523783904416797
0.45832200617066843
0.4639157808302133
0.4693073315501101
0.47444190696345967
0.4793252700840564
0.4836064917793521
0.48772573763852023
0.4916204459799783
0.49535813613991814
0.49935166665213776
0.5032938715994009
0.5073679955735422
0.5113100399638772
0.5147288104017453
0.5185015040776303
0.5229967951505309
0.5276958557767331
0.5321805401744082
0.5370738541703963
0.5412731102854584
0.5452897733650599
0.5484798655686488
0.5526400181288323
0.5565101429684971
0.5611555039311685
0.5657458330956201
0.5690371474365651
0.5722926415316142
0.5756710011453402
0.578935097787151
0.5826367449603053
0.5861489844787283
0.5888042233552297
0.5916907720695018
0.5939187463840033
0.5961732685529473
0.5994541699416073
0.6031585977078342
0.606557683844977
0.6100251248917389
0.6132585053100861
0.615364003215349
0.6181017048394533
0.6208244353971607
0.6230635290748859
0.6252583988072896
0.6263417878038696
0.6272692004564249
0.6289152296534963
0.6303529612065284
0.6334320857786129
0.6378463112239561
0.6412424835299587
0.6451339638931014
0.6484161683024109
0.65120208151957
0.6558799218094894
0.6602396657485035
0.6642603421386484
0.6680368176327501
0.6727279232859406
0.6789165671777991
0.685774840299047
0.6926728923996877
0.6980499872266068
0.7043638175239544
0.7091676158286399
0.7145299441258605
0.7180992422045973
0.7213524690627642
0.7231419012453327
0.725098732921439
0.7301684860572484
0.7335335087194675
0.7366226511961464
0.7384810480081387
0.7393219164110606
0.7407382471373126
0.7420017680737796
0.7426972070328547
0.7424717721702688
0.741801056514266
0.7417033304134631
0.7423066488062875
0.7440432077907851
0.7458628520849216
0.7482408909003966
0.7504776050143065
0.7523544552845238
0.7537262271327004
0.7545336885913135
0.7550256074364562
0.7569641863037949
0.758333748856043
0.7592007416764585
0.7613712374884292
0.763189572604273
0.7650254159459196
0.7669199498752701
0.7687472878665939
0.7706476322851716
0.7721347793000488
0.7734294484079274
0.7750529899350402
0.7770030792385796
0.7791119303997588
0.7815732282891034
0.7838905647626336
0.7872397207577246
0.7901294274753269
0.7922642130188874
0.7946315349420678
0.7969287750626743
0.7992114580392052
0.8015917576842789
0.8036872592824285
0.8056115305376552
0.8074848367182641
0.8094163196524524
0.8108922677906286
0.8149743775557838
0.8178562139840878
0.8204073235671792
0.8230094467958666
0.8252944447530506
0.8280041419500641
0.830513112689652
0.8328823923894464
0.8349077096881247
0.8366507507961091
0.8380891940978868
0.8393714147254021
0.8406934686355896
0.8419159523988251
0.8433735555644495
0.8444425633550978
0.8453087622025295
0.8461012486622229
0.8465531142524686
0.8470255421417694
0.8481275905203031
0.8482587629974904
0.8476182321664729
0.846362437212803
0.8446432841043247
0.8425220489646541
0.8399144684532902
0.8371897006859995
0.834412779330539
0.8317106334508706
0.8291027252741296
0.8268774292190636
0.8248402991584269
0.823377253360241
0.8224289379008544
0.8214000246391069
0.8203840952513782
0.8194122488247482
0.8184321113098355
0.8180812241747828
0.8178344486955181
0.8177285422367557
0.8174865928277893
0.817602748545808
0.8177651722840656
0.8180964359222256
0.8185481617867634
0.8191721224091985
0.820102309150855
0.8209807602862289
0.821710303347179
0.8223086402045192
0.8228920736345307
0.8233843876194945
0.8238005725581626
0.8243335529425243
0.8247954768575363
0.8252009896365508
0.8256146236439827
0.8260567537065039
0.8265509652485759
0.82700130897304
0.8273399613350891
0.8276942995727192
0.8280236000794922
0.828745946926887
0.829404054367317
0.8299693734452905
0.8305634473418124
0.8314378388057302
0.8322196250702827
0.8331709126580987
0.8343585479032102
0.8359893458652679
0.8375456127483276
0.8392751410886334
0.8408953127285204
0.8425447800410749
0.8439133436848942
0.8451494423362955
0.8462178731773663
0.8472622592413686
0.8481591866103906
0.8489247175783778
0.8495325825230571
0.8500084657287051
0.8508206416276611
0.8518821825160751
0.8527831810318398
0.8536502563708129
0.8544646518549603
0.855092318320283
0.8555849563476009
0.8561085332217356
0.8568991010019483
0.8580071037870711
0.8591560271171425
0.8601862899570899
0.8612407041629259
0.8622877791476622
0.8634012402670262
0.8642192912601068
0.8650689198632605
0.8657780549302808
0.866479587903963
0.8672255852343322
0.8692676911608238
0.8709348468359653
0.8724835136379214
0.8736846488354878
0.8746916726547089
0.8755387537836763
0.8763177420458348
0.8778475406339967
0.8787005774343145
0.8791469681977657
0.8791777694578727
0.8790646077553351
0.8787485856862182
0.8785772297285785
0.8783887867926485
0.8786471290369872
0.878667112782
0.8791580579188594
0.8797296079983445
0.8802145673064975
0.8809990476697217
0.881604812922375
0.8824981297081138
0.8834901719852457
0.8846716153352813
0.8859186088765164
0.8875527619570804
0.8892195384029223
0.8911866364609108
0.8931580656069563
0.8948219394014897
0.8963114870897668
0.8976598020867873
0.8987554582926838
0.8980167352227953
0.8960335501340501
0.8931969837321183
0.8927922963486977
0.8920105238450959
0.8910176787321645
0.8898387854247372
0.8885255695311327
0.8871722227864661
0.8857905457127858
0.8844108307867602
0.8832782659073465
0.8821905020485579
0.881171106975326
0.8802061640428825
0.8793035126877562
0.8784664826360586
0.8776840245851328
0.8769742207557416
0.8763193014619888
0.8757238547037972
0.8751939871991707
0.87473699085101
0.8743302493327317
0.8739738641847798
0.8736514723414264
0.8733609293482165
0.8730977674181295
0.8728642352934196
0.8726524090535259
0.8724659845933412
0.8723075487676933
0.8721736002617598
0.8720590475922305
0.8719579186755604
0.8718773085232012
0.8718053163420327
0.8717457021531976
0.8716993557563114
0.8716554544491034
0.8716181804450583
0.8715913806405176
0.8715701350982505
0.8715497519240974
0.8715377552601188
0.8715413337751085
0.8715709711151658
0.8716197561787363
0.8716688845543897
0.8717134604290598
0.8717570077054433
0.8718043433830475
0.8718645182136797
0.8719165560292842
0.8719661297963976
0.8720138079187487
0.8720638196475725
0.8721238145877833
0.8721832794807932
0.8722342966379469
0.8722772284946857
0.8723427169892516
0.8724096407723292
0.8724760254780334
0.8725445699746961
0.8726076333418867
0.8726935233035839
0.8727755716311836
0.8728615030525458
0.8729444341815289
0.8730402116921441
0.8731296928454528
0.8732189745108812
0.873308050078733
0.8734044172317854
0.8735005004615795
0.8735924408940966
0.8736861318367435
0.8737755047796015
0.8738673590787347
0.8739729022854494
0.8740809875596588
0.8741796036115994
0.8742739192980871
0.8743668031448426
0.8744477565669234
0.8745246087573038
0.8745984999749162
0.8746819201423844
0.87477752705923
0.8748759408758421
0.8750348925416325
0.8751738964015253
0.8753449978498655
0.8754990030005274
0.8756449324305833
0.8757737537544396
0.8758954815774923
0.8760225523067269
0.8761394647602438
0.8762535611709179
0.876366515877022
0.8764686552852486
0.8765839338581942
0.876708372590134
0.8768180735169644
0.876923558340851
0.8770346422336133
0.8771732700415139
0.8772943805648472
0.8774135128117628
0.8775257044253829
0.8776609747357134
0.8777960684504067
0.8779151595585879
0.8780513755740418
0.8781830211096389
0.8783024330820807
0.8784039615575981
0.8785495149099394
0.8786909801316479
0.8788289460471703
0.8789649650458552
0.8790925433815374
0.879221733381343
0.8793367836739124
0.8794569498551441
0.8795749421586618
0.8797000402265122
0.8798281299178589
0.8800385161982011
0.880240994063773
0.8804478462815906
0.8806321785371757
0.8808356068939319
0.8810574350489493
0.8812684453553151
0.881487145883679
0.8816539118829568
0.8817844291672752
0.8819283883503053
0.8821068670032018
0.8822758331095267
0.8824533243963121
0.8826376023185728
0.8828237617974172
0.8830114584345428
0.883232522179888
0.8834865858781183
0.883701556500246
0.8839138318360845
0.884112530326287
0.884359606660358
0.8845937703490707
0.8848246357809962
0.8850398158763466
0.8852506505875473
0.8855124271606651
0.8857537956923336
0.8859994597777958
0.8862367639083122
0.8864789887118585
0.8867327446160818
0.8869734728460559
0.8871827124182978
0.887387644312171
0.8877023798370222
0.8880485310828663
0.8883829120144515
0.8886707591721491
0.8889663890651021
0.8893193069160383
0.8896679793108332
0.8900094061760903
0.8903499390426524
0.8907228473416837
0.891102501958377
0.8914122092255088
0.8916447148893621
0.8918937306725746
0.8921578981594003
0.8924274373566906
0.8926529767853775
0.8928202115343385
0.8930289011628182
0.8931806636441704
0.8933474861677455
0.8934721657295516
0.8936160794683682
0.8937866987965092
0.893854022814989
0.893886590286752
0.8939798486046796
0.8940850252897394
0.894158505531011
0.894311903469619
0.8945106905088617
0.8947189272476189
0.8949652530939177
0.8951573275868457
0.8953700482741248
0.8956164022703585
0.8959016459607733
0.8961054349857748
0.8963415541781055
0.8966050825278918
0.8968759115910665
0.8972156589669189
0.8975853707396726
0.8981493824980544
0.898624694159844
0.8990241373514368
0.8994548278310196
0.8998763162917909
0.9003025775759371
