0.46644864805795894
0.45153249061610523
0.4481240065536073
0.43752938112296436
0.43756973468486915
0.42568709312623626
0.42126024356064007
0.4108182705117138
0.4034722436870766
0.392300023133034
0.38495624249145854
0.3721400294065851
0.36908903493458867
0.35346217555923887
0.3530304763833687
0.3511311730042487
0.33017581132591933
0.3320229635381422
0.33023658964743685
0.3141234577832217
0.3140974150171309
0.30288712081624347
0.31750271572696653
0.2963529706400568
0.2982633439996137
0.287803902338648
0.2923536281049631
0.29500527148457406
0.29399331537435147
0.27440934615560375
0.2785366585058275
0.28184496947836873
0.27404299671650356
0.2744895636323236
0.2730990550618637
0.2663676533180951
0.26969429457539396
0.25175383473278656
0.23097767137843
0.2577122522678575
0.2434794653032782
0.25118855432915466
0.23931315462740926
0.23661510851792494
0.23817528485380884
0.2303956523771979
0.22243907592545098
0.2320738482035088
0.22036757012936325
0.22562243200857585
0.19617966654102592
0.23589868673987496
0.20130456675660774
0.23243379143306625
0.17929710949151795
0.2139273970046891
0.20194060464683683
0.19373020615592695
0.21607883847223985
0.18686515563849027
0.2079106162603328
0.22274265257868564
0.19754751080926802
0.20339470725202852
0.17444258996191392
0.2130308473974542
0.19731724850696075
0.19474014908847603
0.1888171381072643
0.19729890489629476
0.18054006543639506
0.2073847194992368
0.20167812941476476
0.17931138956113546
0.18059731610273222
0.21094103238106887
0.1801304473736572
0.1857772913392433
0.20595239454089465
0.16920139370031473
0.19979716786336071
0.19517117930491568
0.2064298292463857
0.18124305871034146
0.1727781368899558
0.16948542539319944
0.16086075455479282
0.1300042792301805
0.19916156608726543
0.1797732572600106
0.21288248653390307
0.1474135788850961
0.16889834139212212
0.1732367191493459
0.19698873229887642
0.19189443160244735
0.17453220422509552
0.18510453986546577
0.0977656698078207
0.10869410669044682
0.12936804238636412
0.19317267126195198
0.1695021649828653
0.13283081653611073
0.12869473156722677
0.13971382315958758
0.21820049436412675
0.14181894816990898
0.19338067447861884
0.1494580885002812
0.10829693330100787
0.19553807135059809
0.11632498980281852
0.04927128710009532
0.07277789989336891
0.15955775947720974
0.1668717600467109
-0.0022495994384812423
0.10033168750669513
-0.005495492409164804
0.09249558479455844
0.12320852528402254
0.08989530805211765
0.20023696379326417
0.1839012947260294
0.04875659442954494
-0.14981906980963733
0.15275912427491978
0.10230364923904228
0.12068526624383558
0.18851753857376818
-0.04911773851563994
0.21684484513650432
0.262683096410065
0.07610037563966021
0.32741733845124255
0.12724870036081048
0.07386689207103736
0.20763855907704748
0.03026555382627172
0.0022863709150249267
0.2221363045057151
-0.19436117978043554
0.23986410307567646
0.14222212959479302
0.1514606657751444
0.1939537662795735
0.14423752822382446
0.2255733028568241
0.19010014942927583
0.13932612012616524
0.06541278078537116
0.1352635437231059
0.06591309355111574
-0.002287917156187591
-0.06348639045563487
-0.1892979406053873
0.1036192708872084
0.14728578769473405
0.1465405186082573
0.0997208362889444
-0.1148926065770548
-0.2838192981760409
0.03579020979296971
0.15213840828717756
0.24865536945313682
0.13159160529445807
0.2682246004261537
0.14653041936903177
0.3905660188929727
0.28677336714050705
0.01779770130274605
0.1865945289991205
0.05642564929912525
0.19896538753736936
-0.40447091824262116
0.14009599170826648
0.1930428888033754
0.13682178625719232
0.19263715348838756
0.12731587320887555
0.06714671137062922
0.4020742446980722
0.18250119304276174
-0.11682637201922241
0.048078482526691335
0.20296057364952091
0.07660385894777771
0.1309096176546008
0.1641593951853752
0.2741207783630377
0.20105906161851994
-0.17992748943937487
-0.09884281055856481
0.182954710823663
0.026089469587124492
0.05873102624547405
-1.1947611360719101
-0.5862409286768793
-0.00847812777855761
0.01997460779893978
0.16441348722871502
0.301937377587191
0.37542375431453734
0.40173121322510497
0.11635043186055011
0.3388816963822252
0.13410840031651816
0.36922187894046216
-0.06210664351514805
0.46924363490862675
0.3478661619375822
0.20933909271484435
0.4476773713462001
0.1659901127044166
0.3089645473110703
0.3808543319524129
0.40091251937690536
0.222870670229035
