0.48142908344955077
0.4674721894821928
0.3576374925744835
0.4321342125225677
0.4228022210849482
0.4729828750708675
0.3830439114694149
0.41376448349837613
0.40054056750899086
0.3766513609111366
0.44798708733664305
0.4078701448704263
0.3677644017519207
0.3652883552406267
0.3447629270516155
0.3125427319357982
0.368788714071689
0.3530908176317721
0.3530235516332107
0.31387236823864506
0.2850974461672998
0.25446052571101874
0.34601266396752095
0.29550987232773707
0.3082691029274636
0.306554298408081
0.35779105776361453
0.3397464952920085
0.29825357207215897
0.25638763695202643
0.2910849106021466
0.2781230348102921
0.30493631596801307
0.3205782491703351
0.30792084037170975
0.2762827833602888
0.2587523532957917
0.28812315413256684
0.31754636490744337
0.19554247410583125
0.286268976384954
0.2274213597731225
0.2689761640709575
0.2088580782566612
0.25003769014110183
0.2765652839657281
0.2315869056023654
0.1624868961802215
0.2192398200000752
0.2740930947643663
0.24730261706499157
0.30260967661866495
0.12792316839018392
0.21220312983546424
0.26285749879885467
0.1791131154344387
0.23786249184359176
0.27712755043888965
0.2249623076520707
0.30695719097666563
0.224918950542373
0.26962503602223276
0.20325674601888438
0.22020370972611258
0.29394908985664453
0.2074143655536575
0.19706074357316483
0.2487721076548493
0.2632049613051537
0.17450813986762337
0.09749680885274808
0.04284364216269554
0.30367286049997
0.2167127453600225
0.14850200842258293
0.23309655203244006
0.27532316593733186
0.24431535651489183
0.11083073651333075
0.14650797369672935
-0.019985764728329802
0.08756807434762098
0.14496472157362555
-0.0015334782423354065
0.30108037015905154
0.24006669803874187
0.03750497541694603
0.38824472469784066
0.29329948905851866
0.2781524871605511
0.12057546135878056
0.13966640133652425
0.23047001101649395
0.29817812545921435
0.23278145891741664
0.2981575849954642
0.13346129502791482
0.0037069577706524415
0.24664859184702093
0.058159460333061797
0.2766775935890584
0.13471413959563816
0.14861766115237895
0.2533805941621505
0.2450507572680123
0.2566442966410156
0.30763960127621726
0.2668639095069567
0.3281643612238938
0.10254029144101834
0.10312814198691556
0.252420955870748
0.2667471915301534
0.08336398966864622
0.31260627080730524
0.21065251366159116
0.21208556064572526
0.22446212988047348
0.16101964972543936
0.0698426322676452
0.24544672191433914
0.22114648942306142
0.16701468222412558
0.17252084349968305
0.1642186272020829
0.1927279516468398
-0.01041535383127612
0.21282350236685038
0.22266078862828492
0.17584042046641057
0.3413747258870098
0.03384808884024587
0.2701562252763038
0.1527503358048915
0.11648714602759241
0.2728403766626449
0.1480933849528594
0.2599007242994694
0.2379861634003546
-0.1416474819795378
0.2598611332671342
0.19005468618221316
0.05880061842644568
0.13576599861453748
0.32466404132271587
0.11788194622905601
0.14561416551755074
0.19809944108744892
0.1331449288634733
0.12741559316319967
0.2286566430168065
0.2363428418061922
0.2999692569020842
0.19439328930895006
0.256175588575692
0.18157519581688275
0.2891888526078285
0.35805404598973845
0.11523819137523339
0.12961009110781502
0.23761630656256388
0.1014253550856602
0.17180816898320295
0.24979716602285323
0.2563194373203832
0.2890349342588324
0.1311583729661125
0.16854692317278347
0.29080570129512756
0.2786052542931466
0.17860851007554696
0.21020131908323797
0.15434825321697
0.19559944015193748
0.30055416039363403
0.2848502273976976
0.13352773844224658
0.1430063277004902
0.15208348491608625
0.20500655139021695
0.1527806971663318
0.2869911263841938
0.2627626070910474
0.11754101651822946
0.07931638649703221
0.1942450860283747
0.21395899728907447
0.06215063675347693
0.12495975733478781
0.15866065459539697
0.31019881118000503
0.10759388594593677
0.1912131708724059
-0.015440460230874531
0.16641553816531857
0.17077133112989468
-0.006528709053942761
-0.36608868935297023
0.06950353285859129
0.12124291802694365
0.14581605977329498
0.2238819475191084
0.30533253274285466
0.3447277555178709
0.0007629460250725417
0.05801638759086808
-0.005594332574119454
0.06005676512595931
0.3477158383494143
0.43088113279045676
0.21905973408110752
0.131335562079252
0.3223121403231019
0.38513739030667543
0.17861431136418282
0.15635716452782933
0.43567390091358094
0.18459328139087866
0.1627593894399903
0.136199608421267
0.3171080262710419
0.1451933069650056
0.2750088046417024
0.09751349310910623
0.23445229377015553
0.22874409015649672
0.17205225036968852
0.18672049969415522
0.20322120466752353
0.14420231627715513
0.22287935744704546
0.3911671798941885
0.1848219259625088
0.3056952667072742
0.06729907365137383
-0.20554197151637876
0.10440119953746685
0.21472658717634524
0.1569765196983512
0.27862880750897445
0.11911924292980869
-0.01779824795393259
0.0727986960460546
0.19254421546936745
0.3018281996569595
0.3895832876724007
0.22924185891280596
0.2004762360079227
-0.034186995182186375
-0.07814282547760132
0.22967634226157313
0.18460060850509796
0.08982270597591352
-1.1406687807283735
0.14116033949456214
0.2169329954930866
0.2839311818387554
0.4155404185897579
0.19536278416076797
0.12235504083089399
0.09469345679669838
0.041917804201442865
0.19111815748626493
0.211795589115634
-0.1095825371522704
0.42298890129472605
-0.4104005772234247
0.31051226972088675
-0.16321936050045582
0.21934974561348308
0.05731699932960388
0.09063296457210962
0.3390749093647962
0.3439504707484951
0.3725569717845973
0.028435150778002072
0.12238620854610482
0.11540846096411667
0.30280521747836386
0.03697319814137984
0.25988688800982607
0.13307468455565707
0.3275182976815585
0.10426746701388362
0.30138516764081635
0.1582529971677104
0.3441495230767263
0.3302147306599649
-0.19214433577447698
0.2082390235553077
-0.05846127434796877
-0.12446771236775755
0.2931573907448246
-0.517853501697068
0.15631104605429108
0.27793266259564775
0.2849027897252558
-0.25235862724785063
0.2612464361895238
0.25848681376909244
0.27261374265428007
0.26247724588837335
0.053458233983056436
0.04437571093651699
0.31221437628598214
0.08002423490461252
0.36768433554987523
0.007450661668798486
-0.8808019609265327
0.27803123768507493
-0.24451753309647317
0.26491561052695234
0.2022970504043557
0.2905335290414034
0.37495486477260404
0.17961402958745692
-0.760176150038657
0.3859638907705526
0.0896357847129734
0.05160945686389551
0.16356535636865405
-0.1604571294943955
0.4047268974319792
-0.2862030488916685
0.31872618018223586
0.4543252642573116
0.49885395873367355
0.13949771832969438
0.4092061708950163
-0.2021245238769911
0.26700241583999007
0.06330062076735193
0.19765566927561457
0.14800229148413052
0.2787489220660374
0.2826923612373934
0.3179948777389833
0.12181718287355114
-0.3344640210582738
0.11096001803713545
0.14195123825298522
0.18571468612577707
-1.3534659553214923
0.33679565285565705
0.1891090709601555
0.39334425484058705
0.41594483739096694
0.38375157883171657
-0.36515893396623833
0.32160497763532825
0.4038079877282479
-0.18762702165882938
0.1789331952160253
0.3812364466795954
0.344751811461414
0.1842382862313761
-0.11743880690930408
0.07061739132800815
0.3578755962086444
0.2207415922124848
-0.011803123538656979
0.45717144954667455
-0.14233182238733244
-0.8233744389723601
0.26471808081516657
0.29492585483282996
0.03334582931099117
0.32893513026412846
0.21217930186393602
0.1485860608000888
-1.2491278686189853
0.44085341244475595
-0.04310755867846172
0.022117308188403295
0.3020384825910388
-0.0006627632566453823
0.46067880726143434
0.4043926377009442
0.44923108946095563
0.1398931371754502
0.37253767169611157
0.34387143392981206
0.03342771312025622
0.32752054259848074
-0.12270317178725887
0.4462307622143913
-0.21840818701548625
0.15323673556642736
0.36265188060044967
0.4136266485941624
0.34900500230607623
0.25414761195652114
0.0005724776653288632
0.42909751614601366
0.3089715581898558
0.21782517172115196
0.030228468750637116
0.2937521983278426
0.45256831555904453
0.12389640147131997
0.414795256992198
0.2084414753387357
0.30335798716457946
0.3941503717323468
-0.603181195898471
0.1251549818345929
0.31195209812754066
0.45585704208626665
0.0018969490208100015
0.38562254764425685
0.20011639447942076
-0.09293007899458072
0.42016554667993294
0.2754771735629617
0.2307257938071412
0.0595701457240112
-0.06959922789315898
-0.38508459180419863
0.10078836325860185
0.3782421617008413
0.44199270886860975
0.1294592747822475
0.23670282884597854
0.4031233033295712
0.4095754643888074
0.2787840617087566
0.26134641850500295
0.31950702381867147
0.3248732970851317
-0.18291098485250445
0.12653285996367358
0.14941962825453858
-2.1686511198493137
0.3363031047320485
0.3910642304847043
0.17605127196073483
0.2920110623329685
0.33392067301889766
0.35172513551210477
0.45983707295598175
0.2359066817191574
0.22725356892789772
0.3165281884529464
0.007777651459457524
0.23157501073100956
-0.17479960848220943
0.21811382164476356
-0.07826030075816381
0.3261977810873391
0.19384699592086407
0.3526441662092237
0.3447374529694376
0.3848131963230821
0.22487486689556313
0.43631819009112793
0.2187757871342399
-0.7832892293241296
0.09627747471001391
0.42205805084852194
0.2902677277530856
0.018736850216141077
0.30778544499475796
0.28692271282973564
-0.013438273526740097
0.3574392973917496
0.3954434280930942
-10.171015323061724
-0.57798605077733
-1.0663973743116837
0.19199218199244877
0.38546217791617454
0.2675781541292677
0.2599441213071076
0.3909985588628492
0.2355510686760291
-0.6726469777757311
0.42164216182636066
-2.2803281109935583
0.31014506216094884
0.46754664562643067
0.43324048547190985
0.3376008445364129
0.3338600460178394
0.37834397517738183
0.3784510903096657
0.461082490439224
0.47340343793738515
0.47131011336210066
0.37382018739788614
0.4983630305140564
0.45423918183079115
0.42794198269217343
0.3512724386687354
-0.022849409765770656
0.41170702308529006
0.45513638447548554
0.45148928757597495
0.3041336214657386
0.46513408847825194
0.45659181166084434
0.3534672599697597
0.383945546706396
0.37354898917077517
0.4910315696683764
0.31444596898741284
0.3318978781072365
0.33993372714102865
0.38382210450433984
0.384307643444988
0.26945325660229436
0.3558735849528696
0.39361198092242444
0.4296343741253207
0.3969537327664635
0.44890039273427856
0.2857983343783902
0.34520521188106545
0.4126311008759937
0.4596270634821622
0.42719835078178475
0.4448682037740582
0.45029267791606975
0.31883352310852603
0.4170461943199874
0.4851891957527378
0.396102288407174
0.3423107789410538
0.38345581583012206
0.44165834411406235
0.4436945052244684
0.3147473524690153
0.42019899001269045
0.32118447819022544
0.44872429936502484
0.4814701916626977
0.4024097885948946
0.060722650495234176
0.17789735567593307
0.3404180686467716
0.42938020295576657
0.42040843641945014
0.4426477102563768
0.3063673320668532
0.4324514449116881
0.42080772253608095
0.3417085517558357
0.410203379771965
0.4709621970136269
0.44630876108706646
0.42581113078314803
0.41225339766007973
0.46647307394552595
0.2525099032137841
0.4340458999284559
0.3668226251231454
0.3534528428643582
0.3737570792683473
0.35651870288256826
0.37422321163014416
0.3035226955182208
0.4189187832086164
0.49544813180713476
0.3737798088503542
0.42566078586316686
0.40688887759779585
0.4539883713387261
0.4489540875696694
0.2949918464928779
0.3777054904307508
0.42745459083305926
0.475227469564859
0.1901928888942046
0.3809316866096854
0.3017530402099705
0.318551489791729
0.3345718086315204
0.41134327097249895
0.4694946249193401
0.41480098858640346
0.44371960224673257
0.1533823334657356
0.43257060479592757
0.3477591543119399
0.4145221686668469
0.3260271474492577
0.35640241007875517
0.2792313091769409
0.41627700694707986
0.24446108633153346
0.4633027544145448
0.2561948268981842
0.3642851195806014
0.36636562102551995
0.48933248156464343
0.48300092708008346
0.34479851503468006
0.3368468000112663
0.4069544473324169
0.43664657334877055
0.4324133232032814
0.449736231603449
0.44048682183220556
-0.10526521638348785
0.35430130461434317
0.3236675368055707
0.1845156943061499
0.33445813152612736
0.24635276976013437
0.4194106816552481
0.4204223635101605
0.4272153345217018
0.19779475102131028
0.41012478899805066
0.3874213059170456
0.16348688402135886
0.26201167328049046
0.2733855316540246
0.3247653720029142
0.3835909188136575
-0.14992716373498016
0.4665250068325414
0.4882903618408055
0.4471436786164076
0.2562111956452686
0.2869129792577126
0.17634477138466081
0.31844138627008334
0.27668532390388323
0.4130169960672223
0.37719585350964435
0.38109445332877884
0.20454890451865493
0.3907369106880554
0.38355402874006794
0.28877796799682365
0.37762624836268477
0.46725268086384714
0.3644360814534483
0.28973178362113794
0.37031449794688476
0.12815975970848625
0.17728454779881703
0.41256561078336484
0.41589146555736883
0.35996174348864074
0.3987433506037921
0.22048481304532785
0.35629407640217814
0.15311105927549917
0.11605349204501181
0.26748244196563076
0.3414010177160372
0.4267677992662448
0.21382662254797524
0.3064317453871622
0.1427444862484804
0.35050626066855806
0.41434173188035933
0.3202673709022387
0.28902733875458625
0.37623663359948123
0.34993070352336564
0.413341129312323
0.2686173337661908
0.4094935923203336
0.4000795727250003
0.3068525728307395
0.4372446216668573
0.46106446785757044
0.4611377628613783
0.3026696210071568
0.07277720459017206
0.20009870531794627
0.3360928263855004
0.40483215696342534
0.03050520673033441
-0.06637598201063488
0.4475291835295535
0.28922463210844473
0.4488093159264966
0.44497352423622577
0.4401308229739542
0.3149462135449593
0.2919501579458672
0.323655120547368
0.09514314241197769
0.38608955257395133
0.24175660569888163
0.2840053093801338
0.13776335921355032
0.4323195779522659
0.314566759136944
0.45953087332750187
0.25012502577148193
0.44316163337308623
-0.9562293669323942
0.06989929084725188
0.38990084891869425
0.4513085262131279
0.2081574923791274
0.13517873335780772
0.4017664332068315
0.2763837295583076
0.007504599111339327
0.03758262541232521
0.29039051352017964
0.38624375764321783
-0.17621317997036645
-0.04708868918726428
0.43124743554994044
0.07699074253691535
0.23286972060878075
0.13677313986859324
0.25458895204565424
0.19274204429676223
0.2433952706518563
0.40677606636816654
0.34224132023177734
0.3852867380750673
0.3279256828992668
0.46498012059177574
0.29211809117126114
-0.02313114316807463
0.46313808009452057
0.4178239687783256
0.20833939946984809
0.3075629278654336
0.21966291063701437
0.38769450337148487
0.16209494003555275
0.39318688515632017
0.373323566589536
-1.455021514839801
0.41663465981702086
0.371914062797857
-1.0912474727772692
0.2551211658456489
-0.18517120372357476
0.3712603283292366
0.20035828289837881
0.2519989148742188
0.09732030255375351
0.03821048122620713
0.3161247396235871
0.2924687747041961
-0.3751300202241097
0.21541560786661268
0.30460629929077987
0.4392937914752507
0.026474554762455027
0.41495330297411026
0.34401535452914
0.3133008206634945
0.4074598332414183
-0.04941144748009396
0.41030627074934545
0.11298172269486367
0.1934025977230724
0.19226525739853845
0.01599817319041119
0.31337605182601613
0.4336782337890158
0.10036811459308848
0.2398274409412106
0.07130131596530803
0.4023924851305726
0.09288473871362996
0.20987093740440926
0.1990991659166551
0.4652650676699186
-0.17435875660591849
0.4747717642799232
0.42639848870603075
0.3828419850781335
-0.7801032602620148
0.3933119399531076
0.23916516317039144
0.4669418184027321
0.3412199678812935
0.31295481608039133
0.4459861853993627
0.4035935260460097
0.29003168632824805
-0.16674038992515305
0.3484290126855347
0.39200729656479333
0.2533462027969273
0.2827895482667584
0.343012755858195
0.24877240197654266
0.4357915878259164
0.27776768842656374
0.33866305153952936
-0.4331197193749823
0.3013550930792339
0.15596680872428115
-0.32008599069224997
0.2550751202355258
0.15178123293348839
0.2783804925280066
-0.2939282828318964
0.3568161094700383
-0.32029857824734387
0.09072162423893099
0.301165248323654
0.34075591337938266
0.3098930069852325
-1.0058916090600862
-0.6052466886579291
0.18364038908257385
0.4714522726682413
0.3196248731048419
0.36406770256158216
0.39994026319597975
0.271452895961911
0.4826675062942164
-0.3974533696649706
0.3025781687004322
0.1801390039023703
0.20584338972809874
-0.36013748605085194
0.12909788729507188
-0.11432571217213294
0.30191013362745683
-0.4610577341257174
0.25633047751026183
0.30581100411887036
-0.1877210392132841
0.04818014444010771
0.3202977551488978
0.3787703934056786
0.2558724126556504
0.39173982209194697
0.15721252659882162
0.06933947041770022
0.43391242549285813
0.34009378001730184
0.4088181013942983
0.2668466127660158
0.23778142934349028
-0.2689860504588788
0.12665022656159225
-0.401981000211593
-0.30074499774708063
0.22069557777982068
0.23156234038843226
0.3085758145271843
0.3732276166318884
0.10801770311366149
-0.07079600205457959
0.3747874105040347
0.29249176467387356
0.3700554708344608
0.35128385232513715
-0.027952912875362945
0.2603720740327952
0.20404199805784778
0.1322066613263373
0.41208253445330617
-0.05308955527811632
0.011886748143943027
0.23931255481231722
0.10129305256885784
0.2785271312873352
0.37764940071163994
0.4117255575406025
0.166665841427648
0.13883895132383617
0.292492246855387
0.2801496207566895
0.21098314383164696
0.03928903836354408
0.46822850565561325
0.4474509294157454
0.34509939886091234
0.23490499662362524
0.24010405009429792
0.2251719512188663
0.19451343359328094
0.11206267980765039
0.3044284395710123
0.2835768724907609
0.05276634423699683
0.23417349366506862
0.03611662427330187
0.3233681695119418
0.3434664053260422
-0.8246959080601173
0.08939485511344103
0.13033809009904856
0.34448945963893673
0.23433939260665854
0.3326622537298398
0.44492376271081346
0.33088013627110513
-0.12613316747648717
0.28384181789196145
-0.3214972161846411
0.4837077231531084
0.23817471057895068
0.39569186987850274
0.14506669486891222
0.3290265667922234
0.10224471095888077
-0.3579966509377376
0.20529590128493402
0.2098952066517909
0.09955307265512292
0.3307353814340841
-4.182884365425438
-0.9938614718421348
0.39193541172502255
0.3093988698504741
0.3341944277506528
0.4132693146377145
0.1907056492562192
0.35099858080545354
0.38975711592773143
-0.038179405594436666
0.3857932889303574
-0.25566666226869794
0.43436120398101496
0.3699241139368125
0.4372366122618415
0.3563193888621631
-0.0005163491934431219
0.4368293643917856
0.1338299511007897
0.18240181863700955
0.47784834106737045
0.4416090427849007
0.3056615069510007
0.22787825458440836
0.3988510286953065
0.3667675756754434
0.3634319900270857
0.214253582638271
0.3189850019858545
0.3726741543063604
-0.04523212332003912
-0.2845441266567311
0.3993411561484698
0.2399268633876449
0.34893482887987487
-0.06681856075209369
0.0727253051518193
-0.485347975215234
0.15629998475296392
-0.6210063755611401
0.2013889804556514
0.3482343569843158
0.46187617594226943
0.262714644142561
0.30834578624119113
0.34628565422443114
0.2185413082922043
0.38558299406131674
0.09359591838880299
0.1847075937991537
0.03140286187643743
-0.17411991102887936
0.1599060377394057
0.032946263956376676
-0.0033761091420339007
0.24067377310072585
-0.13966187919889372
0.3370004614322764
0.2669798983375669
0.4425392689256879
0.3127036383658849
0.17483870932112855
0.1395072616671854
-0.14814003794867348
0.47459372915628906
0.38156020508933547
0.27391395082162706
0.28471736660650593
0.23034069016607261
0.27757551036769396
-0.022540112183411565
0.27497059623050624
0.03577598954146499
0.33094113491489296
0.23399160737357083
0.21617850437450004
-0.21739610800998188
0.24832152402243346
0.06618822263169255
0.17797176735848086
0.32454788615516805
0.3213611639215789
0.4038350929129904
0.3134234322610694
0.39083980848070843
0.25883056165429774
0.11650033338922794
0.39169886191894343
0.25401963784575443
0.03655313643345165
0.4576110301662361
0.45336132705537907
0.33776299115381836
0.16501443055860465
-0.07070500926583367
-1.8323751868245948
-0.05980530205936807
-0.3293786805743484
-0.04758215168396762
0.27974648736908836
-0.3623968960356395
0.39179927844927903
0.08619017747640789
0.15565695386392492
0.20377400152439407
0.4488636338694984
0.18649722873778501
-0.24205067749739984
0.3986466964186244
0.2878308206644481
-0.052600340224873365
0.11745592748002154
0.3420167591607001
0.019386663677465776
0.4462470913369362
0.3179436331844244
0.4123456370220979
0.07771350085346218
0.20176359232727076
0.16472515000379562
-0.094541408927179
0.18986825293683313
0.2874273651416699
0.26116449349081533
0.1851737189031346
0.36654286401843794
0.34917393934720453
-0.01804580670512368
-0.058511072926391905
0.12357274536413926
0.4914869996644927
0.40971793905321297
-0.4941421607802331
0.13905538661379035
0.44843143245822475
-0.1808983889478588
0.3193672504948336
-0.14847851781196397
0.22984818623875986
0.19091591871801916
0.44169102993183906
0.43606822526998557
0.38921103811191515
0.34397705063807926
0.332207014826304
-0.007185066502390702
0.3474341591907006
0.09780777454013745
0.28261801925725466
0.4319361462729855
0.3669612966050503
0.3075943588594897
-0.03202152372075562
0.3965310484999698
0.31536157200865655
0.373460413463214
-0.9784986068253898
0.46756624326573004
-0.1969359135202604
-0.06647586884416634
0.3149251892069445
0.17473408658252393
-0.1178763979461106
0.2771904336843274
0.32502692399939115
0.4009041354241701
0.26315998001389007
0.22607703749223945
-0.2808202997286373
0.42813065705502484
0.38200294853483574
0.2756825860898607
0.2378910100274081
0.19505526898309095
0.31036232092828536
0.24185160431647823
0.34801893296402214
-0.31563528608342395
-0.2284723417889324
0.23976559567544847
0.24762279538208237
0.3163785018758466
0.25435793096848014
0.4277707489966796
-0.05837972827924054
0.22258480936274466
-0.5963525630897555
-0.09321526872947228
0.11253633837485227
0.2417902570702165
-0.21346108875822312
0.24716231140515743
0.20178585996907877
-0.036706263906670866
0.38762246225154134
-0.005510225590220186
0.41733387629521834
0.28329591111467756
-0.22567304169294533
0.4187204306504668
-1.2436709350345245
-0.17605533245684812
0.4035147622745376
-0.9179126174460046
0.42059256791708116
0.13939366402521253
0.14010365283857734
0.4303217737145074
0.3333800665603688
-0.15339764306791648
0.027447410341837286
0.2769824423785935
0.04563276541908423
0.3324079439908756
0.34963683589111416
0.08314532661891127
0.21261920027162262
0.2555200890581869
0.406842889900675
0.4029037514868428
-0.05674681414352467
0.3207913755800649
-0.6202726373738354
0.22281990323687184
0.07481632484819056
0.10088852944059379
0.12162725459508844
0.4417996585397342
0.39909049733908364
0.35158197084752263
0.289929495916987
0.3908400734312922
0.2510704835845942
0.3130129246627371
0.35643755850400194
0.08454212880662543
0.41365008889448457
0.4233366402549036
0.4242953534142654
0.14615398883869923
0.20807412681187482
0.27585227455265743
0.1893731178026576
0.01648438418701692
-1.7096605825706694
0.0623369802605217
-0.7907032608372435
0.40551457942416397
0.43620201594117003
0.370247516241764
0.15776331666132515
0.2712050659291651
0.37043118168569333
0.37390849592858255
0.4727732295169376
0.3597669678781109
0.3164990696726299
0.29207726065121487
0.2894444683367752
0.3340467342628425
0.2697503983669951
0.3215698490543444
-0.19142923213448593
0.17319563826495116
0.28075515626219677
0.39404935029718285
0.22680304363164594
0.1012075116471145
0.32456790804528074
0.3060791026686953
0.37749577453716765
0.35536302038415435
0.30517100904869443
0.3463327984457483
-0.14352525483935197
0.28184175248365495
0.4173956232879583
-0.011063663722950534
0.3201427526014091
0.4445883450838743
0.30407370463086614
0.3471802605116407
0.43187401033152784
-0.0026291674649289165
0.10334293858773697
0.2539837940306744
0.35952444952369145
0.34003407626212934
0.4884565548928167
0.03219739853427589
0.20398150278234228
0.31359336211676603
0.2382890328143198
0.4012102327228161
0.3376974697557112
0.34714528518564397
0.13222068232228407
-2.1485033113908063
0.11740417964818128
0.4138479136317998
0.413079978004113
0.3972950166326478
0.23385173695205186
0.43945856794945937
-0.00784649142777294
-0.3842439739419947
-0.6506034845647932
0.25347355042806907
0.38483893961242527
0.4233660875748143
-0.04752405693887474
0.14918408216412904
0.24736647880996054
0.4267776809010495
0.1707309521265032
0.2955980559412029
0.19488983800538606
0.1722697684436988
0.34354498314032994
0.31464770661609043
0.3816777855345453
0.34096211261611087
0.42954281743546074
-0.14044802851585358
0.20707328375397926
0.2805560276864859
0.43882404115113394
-0.2810430820439015
0.4038532293111483
0.14781562313491692
0.057557700387258215
0.28144446225605413
0.05035252280462116
0.31387189738526916
-0.042684499099759576
0.3801325581305297
-0.7151016199215572
0.05629237316880842
0.3112059622132475
0.4704140707679516
0.10978259518591194
0.24178570544875488
0.05398211229815897
-0.1697013353067669
0.3914436498792912
-0.7288121210539269
0.2875521107616794
0.3220517098804319
0.31690072383890533
-0.8031912183722805
0.3679017214655281
-0.19070151848745776
0.29486148520858924
0.26898859450928414
0.26218646029290893
0.12206929480079604
0.260602036163626
0.2748264242858804
0.32644246941303157
0.3709312827535365
0.1894022138381558
0.302341791983585
0.30727533912620125
0.4016483434322853
0.21255921572601394
0.20656175152437123
0.25024664965715393
-0.49904126853979325
0.18018945574147965
0.050270722973833226
0.40804124609848647
0.12913339465918255
0.290249810697754
0.2705083464765351
0.23360933824356883
0.3738384869832022
-0.18246599721823087
0.19698716552838696
0.1723740970908909
-0.5006521310756877
-0.6892440130173487
0.13086643600135273
0.39250571302719905
0.043414586590479975
0.1293224594440509
0.3429931861786546
0.1393059162015221
0.30922644372193864
0.41077933092351865
0.2777101283092707
0.20556135221241612
-0.16470349657995043
-0.09371503786085267
0.04659477208009061
0.2756095874948272
0.29776834160898474
0.3603973925425712
0.0704119686347045
0.22687904043638035
0.3549948603036712
0.22087861883547705
0.4361389028437409
0.45190446099050957
0.2728128761451387
0.2571646574298424
0.4159065161923293
0.13273468432439883
-0.057100819736883746
-0.33903867500862306
-0.6590612674866594
0.2528068930645474
-0.3940855362813417
0.41951496953658013
-0.018133349103553242
-0.3543588661699326
0.028892001139187495
0.2432051172120831
0.3958334264195942
0.32444594130678306
0.17390718257435217
0.13766212564672187
0.32063615394884504
0.2696097793909502
0.45302437748675634
0.2224823937098328
-0.3368777441356693
0.1367562297575735
-0.474728244388413
0.4378645575733381
0.2682730768721961
-0.4380183720342966
0.43037745344605727
-0.3419906772004817
0.20318972841246746
-0.0062868490651338815
0.3510229413216278
0.26071190360306634
0.35426476134139795
-0.021534920655943535
-1.1722052400163006
0.3135556985965783
0.28022526090025895
-0.2566674031141368
0.31655341181262314
0.3991235675382971
0.4256298604827002
0.2116496207426416
0.046281707418059315
0.020440524482148503
0.06784059210609711
-0.02196219691055945
0.21143689011972905
0.4369841049477036
0.28721600412544623
0.17935071817279635
0.20047151713329753
-0.2260138894321343
0.08084612212088199
-0.05221060764135921
0.23585904641307787
0.19678234647582732
0.4109205542133423
0.06635389908714556
0.09392258887504684
-1.020863119498857
-1.7590245726129061
0.388302311204743
0.1487468988328326
0.40825574616774396
0.34051880341134677
0.1765281781125042
0.32312884397636993
0.22105640143626787
0.19199074532747118
0.24893414247769907
0.18913622336855934
0.26897212315787516
-0.024023300714156703
0.22402052555452712
0.18658141897117797
0.164853508211261
0.4387745439098942
0.26701393528150963
0.07666927177885552
-0.025576743639343147
0.33897004263239083
0.26772981752599334
0.26326423259646725
0.30440212744166184
0.24716264698539397
0.36485887933702177
0.3798063849900455
0.3877520211002666
0.36874853700577004
-0.559898373806049
0.20931544970089677
0.37845514376380784
-0.48473711727092395
0.2116533541750858
0.08026112152753151
0.006616229726826128
0.17433236242771144
-3.0123075216505746
-1.770024581095397
0.13583312736510028
0.4439207028436184
0.21054125832665804
0.15495852782110642
0.1525968822782952
0.08657332985764177
0.05177564214885083
0.10033807139447798
0.3485797606133314
0.01867810888310878
0.4018965678393595
0.22420217674130904
0.18938759002465577
0.35215645510549265
0.09435088887775162
0.1785564953768411
0.3950140207885282
0.3199427534211726
-0.2583761883288006
0.10251865635251972
0.34654034990224025
0.11298977269793176
-0.11041935744965581
0.2544165297537037
0.043800484019309305
0.3616330131099412
0.29501907930592763
0.32768117360874377
0.33119746437038367
0.3797115946063924
-0.2816073342641371
0.30437782911594513
0.3947560774279998
0.412297517245809
0.3881021377660719
-0.0454974722100413
0.21547760911503216
0.33762579627786393
0.20102793722506063
0.44569266564412846
-0.22173699731562535
0.3470546157032949
0.27951140806606
0.2833068003345869
0.25646684656372787
-0.10253577263531122
0.3553005278593477
0.3065217430993429
0.18957690052507775
0.31621218656693584
0.2805898585096393
0.27142239734553053
0.38733251677723396
0.37737628739639256
0.13459356205663725
0.012700450609796354
0.06438118813399246
0.4059552610358836
0.3160548979371127
0.11669670425714618
0.3870646069362312
0.39490464014043536
-0.17149894742683913
0.24326238094580716
0.3313567027495346
0.1774386832072179
0.31039452668646283
0.39908773005481984
0.43997161954366837
-0.19905551317299508
0.38213219814129895
0.285128899180611
0.126525925209723
0.35376808613735466
0.43936882494428536
0.38442634866974856
0.3439846057678777
0.19537226135448454
0.2317614664757498
0.15923123342243323
0.22711531943002644
0.3346963173274853
0.22402359195658011
0.30316933919962064
-1.2693568441403127
0.3297711221018945
-0.23521938481049054
0.10250412931297231
-0.7456406332993095
0.20389672373293
-0.17947239366227674
0.3746930364051069
0.3652286773715746
0.10566744128660832
0.4819185615037951
0.35929064855842974
0.33340254277348874
-0.519593838769828
0.28718938691061213
0.3928236120398555
0.27755498966539094
0.2782384822942426
0.28419831200229184
0.2367865561522049
0.26378349566202336
0.25048090325671
0.39700148353865616
0.2658189246150171
-0.5240035591825818
-0.7018079170587215
0.35192223044711446
-0.013777493005807329
0.3130840245371017
0.41899079598359024
0.47388926743809645
0.33473955077991013
0.4001580889490789
0.3442533786119375
-0.04617399993503013
0.38598309545590204
0.2285890722008901
0.3429784472019505
0.3488266373081546
0.44983112516525203
0.37142709053147205
0.4514817240033405
0.3730022563498685
0.2551968986540949
0.10394435248869754
-0.3335200434079477
0.1708511601522022
0.47362644156912814
-0.004873256960332917
0.38413428796490695
0.3012094257777159
0.42880630366389777
0.419562591767449
0.43722799455299166
0.43931431218726835
0.486604083693508
0.18816727323677462
-0.2298695267362496
0.16282144522879982
0.22741521640592294
0.36647378067023995
0.31694232802581424
0.23931804222360425
0.28584134865110433
0.34694979323923336
-0.5169315914115087
0.32696251552184963
0.19466750316626585
0.3391334779484188
0.16994110869713336
0.38434317075897817
0.2077807186606283
-0.3870229947208962
0.1320260685267466
-0.001326399116559962
-0.402187970104931
0.4440530376336324
-0.3013175299539135
0.2069762578388049
-0.6743017692361493
-0.23940882153841814
-0.5778782061528067
0.3942919123949383
0.2501194085016753
0.2799983236376833
0.2493310122350058
0.2480252051802198
0.2606825830405809
0.33284403757420256
-0.2083316537457508
0.3619460226364908
-0.1695365990269525
0.16994199710549046
0.049850578715814275
-0.014009248547433129
0.10833554730363987
0.2543669236447838
-0.09616615566198972
0.3618989097313293
0.1383217099657974
0.1961534997768331
0.2942642263264909
-0.14165440121838502
0.17768181859143078
0.47951729252589076
0.26706175447265423
0.28000641668383575
0.1953809945311672
0.104376286559548
0.3779212864337327
-0.296384580648525
0.3628181801885215
0.23719791993375106
-0.6650808308090834
0.03429757226591407
0.20797549904035334
0.3352511156078687
0.3455656632023747
0.3902491961128543
0.28012304680587696
0.26326517924552184
-0.46437305689600783
0.20265040566394327
0.05546517264891937
0.36159562126757316
0.12082488246437023
0.21859471492219162
0.3861879377458593
-0.6824645038305157
0.4242588424071038
0.38395013941170764
0.21987290344359178
-0.06356477935800187
0.3477389958444479
0.15306262688232208
0.3992557506533264
0.40236415088468735
0.2437383771594489
0.06142019098727264
0.3786281344926393
0.3599003621212914
0.20803591614732858
-0.9619897968976339
0.26247695564557844
0.43245902769241334
0.3703564682072725
0.21550445011259567
0.23972659481133812
0.4009927624370002
-0.5747615085445967
0.07390228037756091
0.29902444830727903
0.07719338482180932
-0.044282084700643654
0.3106451911069672
0.20993035172684915
0.2240644141947572
0.22821838358408197
0.17234383133961362
0.22014257124122005
0.11349795875155938
0.07128658411002742
0.39868410976856977
-0.14585372636361305
0.36753539505645866
0.15660032739166735
-1.4751866856102491
0.08079130383165878
0.1305810097684918
0.46391040876428813
-0.4751024559012125
0.3419202206116675
0.24609623954548254
0.18003547469120934
-0.036726730432642074
0.08649972720661919
0.3383423857962743
-0.014243175570804345
0.35060843480408643
0.04581751710772691
0.23001884134750605
0.10513789898478454
0.14755338298590348
0.31519249630642543
0.22537439005802345
0.4041534812293203
0.3828575753746075
0.2952162278779157
0.3036715383057597
0.38262221596973534
0.3526627582588467
-0.0833791984829918
0.36175980813617675
-0.3627358935263133
0.44107456622342134
0.13744707255087102
0.3189002774501248
0.41862709295273065
0.23033604079828357
0.3367361215777821
0.3396721047437218
-0.005483514242311416
0.132078570666197
0.18429222725090416
0.15415276535627415
0.27981816718280483
0.2184141639266038
0.02817918428398597
0.09347736677401208
0.12297111723593512
0.2008628787960378
0.261542534242199
0.13952763764230353
0.08599130635739044
0.204901490761716
0.11837325154006068
0.2450592220603236
-0.2638478385004379
0.35630515378073485
0.22021372978262677
0.24795823064877598
0.4642499365841053
0.30898532300150017
0.24022198809954365
0.1647167790139249
-0.23110814721481288
0.16092516525487544
0.06741428568435154
0.16289393364930405
0.075629071906543
0.26649736684057623
0.15917116952800825
0.15245628783708515
0.21173154718760756
0.07146853675898479
-0.0010849270685069357
