0.019204730875861775
0.0262065647795893
0.02883134231845034
0.030353949970602694
0.03010866264938424
0.030743875721304076
0.029990003555241493
0.029622717767241853
0.02811312402420742
0.026658165233956286
0.02447213502812637
0.0223474400110436
0.01951047836519877
0.017196205795116423
0.014397629603402259
0.010667547220037264
0.007229405620647925
0.008246899141791284
0.011623479019156634
0.015719193760929413
0.019334109290810402
0.02280367509394325
0.02692593033750369
0.03181277399520092
0.03630928105357352
0.040606094744687175
0.04352390431915995
0.045921555346374036
0.04864433977735611
0.051375118855504734
0.05463838835624046
0.05740035223678217
0.0598236354333524
0.06284386425241967
0.06548153399689138
0.06814627653725429
0.07065191076736316
0.07370446652850463
0.07644456593562898
0.07996314291583442
0.08279598073596932
0.08543500382969008
0.08825874629463662
0.09131051134063457
0.09453983989991988
0.09763159162119683
0.10131048353159486
0.10541207389835802
0.10961797897821171
0.11443522644326111
0.1190178143597536
0.12331679026637521
0.12719269397160848
0.1314926368043974
0.13561290484069613
0.13929051947583476
0.14295724056043857
0.1475864329676422
0.15298114001267535
0.1579650911412255
0.16222509439670507
0.16689542062773263
0.17140091681442662
0.17583815749367088
0.17980938874949987
0.18342450663500276
0.1870094938937275
0.1900767132912692
0.1933793848953629
0.19613455484422523
0.19920545372440507
0.2019301471361236
0.20453381837918622
0.2076387772530974
0.21126410638381835
0.2144824672509272
0.21685328672634513
0.21897789501438392
0.22086890451180669
0.22411379831197875
0.22703967668443173
0.22985866732352767
0.2318731559607977
0.23377981775583453
0.23544453013871972
0.2373677749037642
0.23936795396808427
0.24105015900712776
0.24324357949700845
0.24551122422068505
0.24816391016780695
0.2509727939542823
0.25297276273722374
0.25482069923983397
0.256400676337845
0.25814093385748094
0.2593039544896857
0.26049373600717063
0.2619957663346689
0.2641969343163194
0.2659731275581427
0.26671777389742496
0.26729432121050806
0.2679389016198539
0.268565821739108
0.2689906394561076
0.2695976793919199
0.27106096367645066
0.2726100071855214
0.27396876897292644
0.2756166370076702
0.27699453661611
0.2778165850016628
0.27851463567792406
0.28005557222624494
0.28177376222726314
0.28296329787040736
0.28417030502686347
0.28593392647997457
0.28772930986664036
0.2892145887423436
0.2904450821682596
0.29146229245443295
0.2924088582368776
0.2929068375110887
0.29356205974114674
0.29400689099212896
0.29483256624989235
0.29626174264393257
0.29872259485805436
0.30074298069811084
0.3023160167350855
0.30423781400074984
0.3061958840352243
0.30815005984641747
0.3095110383343985
0.3104312308449678
0.3110528409489363
0.3119847424979386
0.312740559932846
0.31282028061917094
0.31276702540367457
0.31303348159897404
0.31348633464292197
0.3147797126299782
0.3161731787654368
0.31666560569647567
0.31744583767967927
0.31818325713587264
0.3194716867608881
0.3206425866410586
0.32184297067202405
0.32342991055977144
0.3268518541478123
0.32998451766315195
0.33381710262995884
0.33718486806811643
0.33935624255121905
0.3421703207500142
0.3462483486537747
0.3505118345931667
0.3535699240833285
0.35675323771336476
0.359498899636773
0.36144775459867035
0.36275753759946094
0.36430990677841135
0.3658322276521428
0.3679261970998046
0.3704113618141858
0.37317023519759046
0.3758084541345205
0.3799174092572884
0.38376574817467957
0.38852229576282976
0.3942209937309493
0.40058167296970615
0.40543549273885904
0.41083419959731526
0.41853382662138494
0.4270912399325733
0.4352248548940143
0.444950392808073
0.45251687601588914
0.45824737765923945
0.46229576607278455
0.46649392596750616
0.4711797029078599
0.47494010917473023
0.4807624282599933
0.4845903297491835
0.4866443092483201
0.4875239173506977
0.48603563654004744
0.48313707867079136
0.48139336761578566
0.4790536311500035
0.47653961084957885
0.4725448737114111
0.470072848936845
0.4677317903388466
0.46501617923083177
0.46320884074256036
0.46144278773495373
0.4615152485598212
0.46240238865033384
0.4681107884760483
0.47756901674712077
0.48499605127958584
0.49045964975276507
0.49459230224616063
0.49811672663264833
0.5002536372514089
0.5018022437282569
0.5044111947598985
0.5074162702986497
0.5102929763199026
0.5118163678086673
0.5141895286935274
0.5181525987309495
0.521323703686215
0.5236068522125232
0.5266171088532372
0.5275946549673834
0.5268191919478427
0.525586410332465
0.5244240460075126
0.5295050601451312
0.5338876895910812
0.5383889386102574
0.5432273215441712
0.5481332925832515
0.5521049442867224
0.5554089045261276
0.5591237231548273
0.5630379428136255
0.5663113251584655
0.5678872945360125
0.5696507447412174
0.5738953133705613
0.5773146066840513
0.5797451886275514
0.5806462365783708
0.5795469940003853
0.5796988093005806
0.580026726532731
0.5793487379583038
0.5788826951437068
0.5781156777443986
0.5786104655065748
0.5774734415831919
0.5768967508656411
0.5755764473786982
0.5745516285980201
0.5747263120409346
0.5743666840762418
0.5733920152390609
0.5712992477006673
0.5710426612882508
0.570607389748568
0.5701007255410283
0.5683942244615212
0.5668867424023205
0.5649595315369432
0.5636701669092871
0.5629199309508977
0.5620118825752799
0.5610337750615094
0.5600754054579925
0.5587979073958963
0.5576384054226637
0.557486771069014
0.5569739318227354
0.5617247650550478
0.5660113974146395
0.5692522707123316
0.5717713499322953
0.5777971344997228
0.5826146436676404
0.5867735020656029
0.5896465447306859
0.5919977989145456
0.5943654845567469
0.597027445096666
0.5999082360177898
0.6021884387389849
0.6044359780092413
0.6059351873472977
0.607541538752102
0.6092595212583382
0.6109548450301939
0.6129672058245225
0.6137758761436646
0.6143828764194532
0.6162238870170405
0.6184813674200555
0.6257308740838553
0.6316051120984567
0.6364739696011682
0.6397040287814061
0.6429667622893916
0.6452816154766166
0.647615996331025
0.649273450017899
0.6508547861951212
0.6519847679899423
0.6542087607580658
0.6557333163246092
0.6589779715149662
0.661877210087943
0.6648282308134366
0.66733196667976
0.6690159858179489
0.6709266737333247
0.6722853729834968
0.6743344065021679
0.6757705220887537
0.676817207636548
0.6788602710475662
0.6804085426697959
0.68071123177912
0.6812667627925559
0.6823305665263208
0.682857735352903
0.6822622381610283
0.6814468923845101
0.6805029284352773
0.676290413582818
0.6724178013325337
0.6687325580002876
0.6659464017661063
0.6631604910712408
0.6590582565758213
0.6550872708042041
0.6512349971838826
0.6479891993050176
0.6449975976738247
0.6419810295174968
0.6397164839974319
0.6374720155692495
0.6351010114630353
0.6327165148191602
0.6329292752554859
0.6335223257478844
0.6342332452606224
0.6350199147582336
0.6359422648721055
0.6366280510111043
0.636978314695704
0.6374854911957085
0.6381528551179312
0.6382180861405787
0.6383787639063843
0.6382900270766272
0.6376836030722223
0.6382964004744655
0.639082955949403
0.6396751842259782
0.6396178982338688
0.6393397534845604
0.6389678153209225
0.6383232202198587
0.638637503701029
0.638441556886018
0.6382040560577978
0.638827857043627
0.6401370034551532
0.6404899044596543
0.6402996687750668
0.640195819394792
0.6401029471666845
0.6397245581711904
0.639071936564244
0.6388290718013968
0.6383550206399333
0.6380866014358836
0.6377418808507361
0.6374741346356074
0.637916471146025
0.6378255074523863
0.6429116173295168
0.647102904610844
0.6514098041001964
0.6551410104413649
0.658518387081521
0.6620511247976701
0.6648987517030258
0.6680870810758871
0.6706904733724139
0.6733770833294674
0.6763752439217107
0.679027058926346
0.6813772670757671
0.6837772717563209
0.6868932307785399
0.6896579958519929
0.6920843640473702
0.6943319380495456
0.6969983753870183
0.6994267638738867
0.7009267417076752
0.7020286957119034
0.7026593644534849
0.7026842313060719
0.7024905202732117
0.7026559218410176
0.703083045290915
0.7031094386690515
0.7031803946305164
0.7029970879554519
0.7026857281779998
0.7022483642822802
0.7017089310294758
0.7013378242952619
0.7011952139811732
0.7008818315788407
0.7005755380415147
0.7001044704707341
0.7003801616220819
0.700603369234051
0.7055568042929606
0.7093765097220619
0.7123295785867743
0.7146227982283175
0.7162320585654136
0.7173049285700002
0.7181061937666934
0.718731195262276
0.7192063857116706
0.719724305191996
0.7202273227677315
0.7208329958671196
0.721283070038982
0.7220292180366401
0.7225851159007843
0.7229963111030946
0.7229652984333081
0.7226146204191976
0.7218960076844481
0.7213861146544177
0.7207223877572351
0.7192744467173328
0.7176990821956255
0.7161721368026476
0.7150347275136655
0.7138215423354677
0.7126818821994689
0.7118740649549328
0.711408484622145
0.7108240254298879
0.7093788175727421
0.7077404600417642
0.7062635079539575
0.7047373590170003
0.7033398353687877
0.7021893544271298
0.7009958040775602
0.6999965128084361
0.6997394971285745
0.699662511785409
0.6995111629244014
0.6995382893947365
0.6995430641345326
0.6997768521649799
0.6988565258496582
0.697852021407528
0.696761602437484
0.6956107564110211
0.6938577065070843
0.6918933502677634
0.6901201453128801
0.6884305882488567
0.686818889521021
0.6851735103393517
0.6931187208459523
0.6999723432309243
0.7057262111323327
0.71079224138956
0.7150312993764506
0.7185916170653506
0.7214474236909599
0.7241389695676448
0.7254565999783745
0.7263323215495664
0.7269103520589285
0.7275829724869541
0.7277952529190419
0.7279228468915246
0.7279194704410893
0.7278256845412348
0.7276953329122147
0.727610992051346
0.7273488462389651
0.7270772332209665
0.7270477525030896
0.7278433745149981
0.7284959481211737
0.7290410291284338
0.7295265654956795
0.7299820509772321
0.7303824099097727
0.7306777082783985
0.7309175174245761
0.7310952632105412
0.7313657749527067
0.7315669426870811
0.7317678524416746
0.7320208716831353
0.7322469502978333
0.7325224082009189
0.7327517956809732
0.7329139714901652
0.7330945342938778
0.7331433925165405
0.7330331983853703
0.7328713887609739
0.7323773073071997
0.7319516169607252
0.7316966857691034
0.7313878050695873
0.7310786921945499
0.7307390200608502
0.7304718749484596
0.7294077294801474
0.7284869804418297
0.7275415231806731
0.7267220257274865
0.7260278880048371
0.725276726935607
0.7245841436199358
0.723961008607027
0.7223639451547477
0.7211475338435007
0.7200486432748426
0.7189469599549944
0.7177684853445084
0.7166254865273047
0.7156644655133818
0.7146160389331508
0.7136655253618228
0.7126450331119066
0.7114845201423206
0.7105142823194849
0.7099130927022649
0.7092961211051438
0.708700274319779
0.7081861898358505
0.7076523126199873
0.7070103559924887
0.7063795008746875
0.7067523124840001
0.7120013041539651
0.7165552995753571
0.7204772444532779
0.723984131441817
0.7271020474956232
0.7297734976158227
0.7322010213312887
0.7343322223517473
0.736241233468405
0.737964931561191
0.7393479041875949
0.7405360392976857
0.7415209786025914
0.7439538158516551
0.7462421657968465
0.7481918403835288
0.7498731879875683
0.7514588661490744
0.7532409002875298
0.7548457250176129
0.7564081321417248
0.7577585634052713
0.7565173752609268
0.7552018780388907
0.7535760063892204
0.7524292778245062
0.7512131544397253
0.750512520547805
0.7497752078659606
0.7487303371562746
0.7476987819911899
0.7466075020473668
0.7456161588664627
0.7447284160431957
0.7441343969915988
0.7434926462988904
0.742838193764884
0.7422206075194244
0.7414260824242683
0.7406304938235007
0.7398606233969258
0.7404501531782062
0.7403875656345444
0.7404475025874503
0.7404239697917965
0.7401700513520791
0.7398745959994268
0.7399930957032028
0.7400991525652222
0.7401078163448618
0.7400353057527919
0.7399687306886482
0.7400430724277591
0.7395763100030311
0.7391051503437932
0.7386426940411307
0.7383222390742383
0.7455105606157179
0.7515127102332476
0.7566925861646846
0.761055029746149
0.7647601067951477
0.7679921361965373
0.7707418809482114
0.773060616745264
0.7752699741718151
0.7771069135163852
0.778774993320674
0.7799882812194113
0.7810604028527376
0.782007397727118
0.7828734466429033
0.7835928511773331
0.7842404432656098
0.7848377190483823
0.7853700438785398
0.7858313824977655
0.7862854357743942
0.7866879594875338
0.7870593744971488
0.7874910682035788
0.7878318627942403
0.7885928461903713
0.7893480405249891
0.7901432998761633
0.7908873562760114
0.7915299904505583
0.7920872361976292
0.7925723927090689
0.7930104111266306
0.7933455004363489
0.7941018622273589
0.7947780674908116
0.7954116287266249
0.7959301971738085
0.7966346042607401
0.797193067860278
0.7976327121962238
0.7980208929973525
0.7983586076840431
0.7986101111252156
0.798846979518083
0.7989965779217214
0.7991492732243979
0.7992930400501737
0.7994894090727204
0.7995191853158705
0.7994723665536825
0.7993539820344553
0.7991522193508848
0.7989221370647257
0.7986529828939708
0.7983597490584473
0.7980482500178698
0.7977240522618705
0.7972143924078863
0.796731424155881
0.7964135196615183
0.7961398540866532
0.7957774897976073
0.7953694526876027
0.7952897479808858
0.7951785043782491
0.7951022683851384
0.7950897831814285
0.795081614787934
0.7951459569854826
0.7952100023801343
0.7953642235322675
0.7954564910889815
0.7955388764726812
0.7961651682673323
0.7964764422773124
0.7966255104362828
0.7966769122695674
0.7964972324283869
0.7962701802050063
0.7960749525481904
0.7958983497771347
0.7957494785832193
0.7955808898381848
0.7952918417013589
0.7949977682550301
0.7944924611419324
0.7940363334284567
0.7936209755280491
0.793232090729128
0.7928676773676124
0.7924747230678464
0.792841686706547
0.7931778299414292
0.79339495229643
0.7934636626809082
0.7934543439999839
0.7934083403880693
0.793268658242182
0.7930739784682311
0.7928563178379915
0.792645177115854
0.792401547248703
0.7921676129192776
0.7919879201220584
0.7918004186921505
0.7917201526470131
0.7916170702963387
0.7917760506403225
0.7918800496516344
0.7919849729931507
0.7920831202677711
0.7921441370588764
0.7922678168698553
0.7923927968106437
0.792588654219261
0.7927702604589456
0.7926211194177581
0.7924904549314714
0.7923570062148845
0.7924612337093225
0.7917156695468511
0.7909660475715582
0.790192019338199
0.7894761927534306
0.7891439421945432
0.7888573232883952
0.7885788518785177
0.788286665815984
0.7880284741483362
0.7882139771134785
0.7883987428899553
0.7886089994970794
0.7889449549692132
0.789055460821194
0.7904065564819996
0.7916271857969202
0.7927292504851635
0.79371638750241
0.7945878130106008
0.7953750868759835
0.7961110562931271
0.7972792904484747
0.7982760460292401
0.7991788249591047
0.7999255036235897
0.8006282235178054
0.8012172550718928
0.801765096661489
0.8021718157344775
0.8025739312119967
0.8028832367749621
0.8031851780489856
0.8034442945936293
0.8037330433374483
0.8056661493717968
0.8072611239485432
0.8085118108071657
0.8095803677448372
0.8104500374336046
0.8111440293233564
0.8116875178350637
0.8121701152912283
0.8126044720456035
0.8129596784377213
0.8133333610717712
0.8136953113006412
0.8140687257939834
0.8145465637673244
0.8149811181356771
0.8154894964268665
0.8159288521880682
0.8162780992118717
0.8166859557048313
0.817066691335622
0.8174372085565007
0.8177723988215965
0.8180871264021153
0.8181995310381386
0.8183287655894058
0.818570367857043
0.8187834094534467
0.8189673724361618
0.8191607804718498
0.8192422663340853
0.8193258520613264
0.8193893991456244
0.8194930412463246
0.8196552726798586
0.8197957117978003
0.8199518473407816
0.8201076323229625
0.8203055023462387
0.8203962078033533
0.8204563393032631
0.8205080867220574
0.8205769473251042
0.8207235527709561
0.8208183468040934
0.820880261501811
0.8209573416571193
0.8210457692472926
0.821250167173846
0.8214222733819951
0.8215581140330496
0.821623259430009
0.8216872158250712
0.8215548215941778
0.8214260690380598
0.8213787936635487
0.8213535662041206
0.8213032440030241
0.8212483070115488
0.8211685414743042
0.8210879389348488
0.8210255706318589
0.8208851072352453
0.8207773447789656
0.8206443766508175
0.8205502311168448
0.8204703253495541
0.8204320879241036
0.8204802942974603
0.8204969448081092
0.8207091523779532
0.8208980084994303
0.8210497114865668
0.8211848691544863
0.8213031968942641
0.8213965440012148
0.8215022602724726
0.8215954344201982
0.8216870593644956
0.8215922955587228
0.8215547186910136
0.8215553107024687
0.8214623939864203
0.8213834642445101
0.8212731317578644
0.8212757333468391
0.8215669880648049
0.8219153624442034
0.8221929841892505
0.8223770458993223
0.8225691801566071
0.8227245030882531
0.8228407517183156
0.8229253628182491
0.8229932692900108
0.8233333837079352
0.8235679033064955
0.823790205268558
0.8240507418013536
0.8242931017521872
0.8244843463584983
0.8246430885292106
0.8247960742769028
0.8249497993482238
0.8259562071108276
0.8265161511549827
0.8268987316341732
0.8271434338017236
0.8272795134610134
0.827263434879077
0.8270544555981845
0.8268474361806016
0.8266128285622186
0.8263855801099217
0.8261627789005995
0.8257799287070658
0.8255166345755701
0.8252470940876461
0.824951874466909
0.8246710814807655
0.8243987174158611
0.8241130435365919
0.8238541233724093
0.8230285569961183
0.8211110176573508
0.8190072560241627
0.8170169808399073
0.8140018494355113
0.8110918581031994
0.8083834199027219
0.8057595225303742
0.8035259091813722
0.8013878381132801
0.7993273290036707
0.7967142693413254
0.7941395398350238
0.7916171153454641
0.7894101396094336
0.7876370413992652
0.7858834198947899
0.7842335277608943
0.7826843970580903
0.7816049163806149
0.7806753358525834
0.7799477688107938
0.7793183455787904
0.7786820958803671
0.7781260156128958
0.7776211624299937
0.777136358009024
0.7768644039517525
0.7765705073425003
0.7762263017934006
0.7759334660945831
0.7756084826117547
0.7756081848140898
0.7753518446078641
0.7751733401035591
0.7749227205936825
0.7744270602031927
0.7739392556783948
0.7737378887768388
0.7734383828252492
0.7730596375441812
0.7727774540296202
0.7725465707565277
0.7724680586449366
0.7725792630043021
0.7725520494596689
0.7724121081210706
0.7718950805380621
0.7766840694616394
0.7806806594511645
0.7838957275969007
0.7864694523401714
0.788417873793368
0.7899728040690877
0.7910780557590276
0.7919186900004503
0.7925630449501423
0.7929158832388089
0.7927977673075958
0.7928343660689898
0.7928501786710884
0.7928966426919751
0.7928574323241603
0.7928712817836666
0.7926178192636331
0.7924636749926052
0.7923017668278097
0.7920232362895157
0.7917527226614101
0.7922193021320032
0.7925993455426705
0.7930165899642114
0.7931842822409179
0.7933139933944269
0.7934132479421683
0.7934178783163177
0.7933770160415718
0.7928234503824799
0.7922278158398873
0.7916526327672679
0.7908246034908123
0.7900407052596796
0.7892315252113279
0.7925141019958283
0.79499183346987
0.7970980518433115
0.798842802201931
0.8000990469994306
0.8013954332732781
0.802440589113553
0.8028344431675809
0.8026633493627835
0.8021238184495837
0.8013368317272813
0.8004031739555434
0.79942578412295
0.7984169110312468
0.7974592551478272
0.7966088448882911
0.7958647342719967
0.7951705883653485
0.794261103099694
0.7934334745333858
0.7926664000881573
0.7919767931919934
0.7913450883480743
0.7907811741487012
0.7902720106993971
0.7898189257889126
0.7894477097145384
0.7891821578436109
0.7891335808897659
0.7891681850158807
0.7892162178445971
0.7893223485627469
0.78942405780755
0.7896521494968941
0.7898260085366074
0.7899922213094852
0.7902049218096108
0.7904383608244586
0.7906731374881376
0.7909784682519571
0.7913011909912104
0.7916709671858274
0.7919870805726881
0.7922694269176822
0.7925385088628157
0.7927813832635996
0.792996471675286
0.7931527034032388
0.7932991359904629
0.7935096450770649
0.7937469509429471
0.7940158277570654
0.7943350267757344
0.7946827019220467
0.7950635546984255
0.7954301083733275
0.795809620842723
0.7961459278510868
0.7965030934202
0.7968359874309654
0.7971499347154825
0.7974306621466751
0.7981363279372236
0.7987957637468065
0.7994573794102929
0.8000970540274744
0.8006836898442944
0.801451493857146
0.8023021516469181
0.8031044723155607
0.8038077345670712
0.8044249457373854
0.8049543058400914
0.805520965536728
0.8060001299098217
0.8069050364280033
0.8076146061936155
0.8082965616196317
0.8088820383884566
0.8093944162950721
0.809760371493842
0.8100358018895076
0.8102997096001725
0.8106940148925124
0.8110136196841194
0.811215911140458
0.8114036038883108
0.8115979024301062
0.8117426157154817
0.8119338922896709
0.812120102826097
0.812248027833243
0.8124247226677651
0.8126557982796154
0.8122714166053735
0.8119107708887843
0.8115231297474406
0.8111872853320534
0.8108508842143687
0.8105456330424128
0.8103241193426937
0.8101542273517548
0.8099697239850117
0.8098725651393036
0.8096966049509078
0.809420469451881
0.8092257643292414
0.8090657650224158
0.809264341064976
0.8094807417288298
0.8097791368762733
0.8100407415689378
0.810272351131033
0.810441511651652
0.8106338486784127
0.8108003669025199
0.8109260996000691
0.811058187638782
0.8112406334813167
0.8113294321751731
0.8114899531030932
0.8116605922017651
0.8118294866877623
0.81202636172166
0.8122283540786975
0.812422877732339
0.8126136432415986
0.812822524342331
0.8128877037989072
0.8128986758264991
0.8131892820496689
0.8134132049201047
0.8137943177082149
0.8141509035043223
0.8144940404043941
0.8147761314713916
0.8149769383049573
0.8150948958386679
0.8153014890858573
0.814857755639905
0.814476026568974
0.8140873721708406
0.8137461998651485
0.8134330987211921
0.8131498990901074
0.8128262372527791
0.8125798539575252
0.8105737811413094
0.8087966871766865
0.8074875686544212
0.8061198954197161
0.8048424963593122
0.8036348115405907
0.8025529881609613
0.8016273713939893
0.8009873201985013
0.8003627985977857
0.7997406642275441
0.7991726020527127
0.7988126756852952
0.7979689891160242
0.7972217712961654
0.7966431501249936
0.7961922916224516
0.795788427212486
0.795436072854646
0.7953500902129071
0.7953588134272241
0.7953628544056588
0.7954385462598583
0.7956442835049873
0.7983992751824065
0.8007887907133333
0.8029935536370796
0.8049954925811932
0.8067624988405839
0.8082700344698711
0.8101197624076539
0.8119530137355507
0.8135618978627084
0.8149629874701738
0.8161603879163281
0.8171738726482835
0.8179831431208486
0.81872312058469
0.8193538588386597
0.8199313152144809
0.8204113254578701
0.820846142024578
0.8214978970748151
0.8221162624746634
0.8226250541083308
0.8231203853762967
0.8236273323430274
0.8240466097054672
0.824451436390469
0.8246885804293838
0.824894754807104
0.8250743406820614
0.8251856826999003
0.8222358136768119
0.8192585193874472
0.81676867440799
0.8144082749218752
0.812063507708372
0.809890989080454
0.8081540718275244
0.806500891403337
0.8049983517619871
0.8049114167946044
0.8048364386310373
0.8046697238535294
0.8045699108659442
0.8044270798877269
0.8042582523513742
0.8038620544979455
0.8034696956561922
0.8030454480118336
0.8026719692020998
0.8022985160534701
0.8051055479218842
0.8072193176000306
0.8091621826003205
0.8107065041242525
0.8119307298703349
0.8128235149770788
0.8134208055686953
0.8138122372769325
0.8140689599706746
0.8142618994036077
0.8144188635713927
0.8147427567890281
0.8150093975666117
0.8152377812253199
0.8154300671197601
0.8155761845505417
0.8156876003288709
0.8157789015714176
0.8158556169473726
0.8159366014803892
0.8159923161880129
0.8160365772648444
0.8161361712692119
0.8161961282785826
0.8162574032147956
0.8163319945610596
0.8164055532884932
0.8165037245967229
0.8165979967314386
0.8166822275374699
0.8167932341159149
0.8168828516731776
0.8169923861278797
0.8172008104681825
0.817385158760098
0.8175563987987409
0.8176981805779853
0.8177424847604332
0.8178123875809503
0.8178224575701014
0.8178040947513051
0.817821993300904
0.8179524741404385
0.8180494381169056
0.8181284697182978
0.8183872938133447
0.8186319433366495
0.8188488418708246
0.8190226751872284
0.8195207030511462
0.8200037117622258
0.820449972896811
0.8209177854360731
0.8213266925842193
0.821681844856885
0.8219731702135713
0.8222250835400848
0.8224086535135209
0.8225966833159868
0.8227432622226734
0.8229673303453491
0.8232284336950189
0.8234626976244797
0.8236730132769097
0.8236165508442495
0.8234736461815656
0.8233521422083447
0.823325761045116
0.8232618995254322
0.8232211770838364
0.8232421013255146
0.8233167341341554
0.8235133770067663
0.8237075325733568
0.8239012225415595
0.8241838920985051
0.8241486905725263
0.8242786872549502
0.8243634823356528
0.8243915359104546
0.8244446931016598
0.824469898199562
0.8244293326081432
0.8243705787785386
0.8243297127030876
0.82429255513848
0.8241473232979046
0.8237829853166673
0.8234418493404917
0.8231038722153557
0.8226673912519419
0.822306297672204
0.8219617109135781
0.8215477964849304
0.8212405779988691
0.8210125018061922
0.8208127654991306
0.8206998224119774
0.8205770643121142
0.820520224615093
0.8205428970077837
0.8205961514559229
0.820619840972965
0.8206248943858825
0.8206361715390527
0.8205540576721039
0.8206339511344259
0.820644924581939
0.8206283525312984
0.8207917414009983
0.8211879818632929
0.8214939835534146
0.8219048358175535
0.8222396975159312
0.8224322238276459
0.8226813572196786
0.8228777279772589
0.8229478359673316
0.8229932459610214
0.823092318363693
0.8230112449069384
0.8229205644081949
0.8227649017731908
0.8225064346565063
0.8224074632625247
0.8222748459581118
0.8222454564075872
0.8225928083387842
0.8228972617735746
0.823184821378266
0.8234085950375273
0.8236462902592685
0.8238051470375751
0.8244651783254442
0.8250734499805941
0.825597022764806
0.8261745276066816
0.8266785637915169
0.8270757929961678
0.8275917374631965
0.8280150005616738
0.8284795322239079
0.8289546441738883
0.8292175492476426
0.8295173803625866
0.8298477627496637
0.8301562867762978
0.8304564165776132
0.8305981071153722
0.830708520337151
0.8308209097738167
0.8309736139087135
0.8310768587981748
0.8311698746766861
0.8311938491976272
0.8307110079684543
0.8302081623175057
0.8297051652743693
0.829227936034334
0.8287285315174868
0.8282550316253682
0.8279485192248414
0.827596888137361
0.8272797684493588
0.82721568491596
0.8271012068148168
0.8269591826209763
0.826823346616699
0.8266934745180071
0.826460458384175
0.8266925840196855
0.8269188407352459
0.8271195847113729
0.8273757868796792
0.8263954713390211
0.8247238316694436
0.8226472236963849
0.8203436254655805
0.817864751002326
0.8153281742645333
0.8129701913756456
0.8106784158908299
0.808465351718511
0.8063690056332643
0.8043921968891012
0.8025207135481527
0.8007394522254838
0.7991038378833354
0.7975958973909982
0.7962636606468007
0.795066834995273
0.7940251541204342
0.7931191239320078
0.7922826969759672
0.791556430204776
0.7908751906755829
0.7902858282862301
0.7897634193747318
0.7890295106697085
0.7884351161440888
0.7879064519854043
0.7874716770260266
0.7871191348026535
0.7867885377714731
0.7865065176251735
0.7864099032257366
0.7863529686969661
0.7863059214267983
0.7856843912870477
0.7838232751358966
0.7824787205200824
0.7812390310740701
0.7801134229203894
0.7791152671439149
0.7781644430151383
0.7773053543230225
0.7765377339714834
0.7758248927613062
0.7752288314998986
0.7747905974787322
0.7761724722287462
0.7773746872809774
0.778463235569908
0.7794709453854981
0.780424494816831
0.781312855746955
0.7821076916625899
0.7828350548918198
0.7835050020187475
0.7841349293462204
0.7848588995192236
0.7854806638118302
0.7861699219100496
0.7868389952214138
0.7874703301424025
0.7880422960936664
0.7887934636954778
0.7894424892011385
0.7900512717030681
0.7906207434284547
0.7911854531799474
0.7916891611426563
0.7922021605808915
0.7926302507882822
0.7930526766562005
0.7934147632179439
0.7936241085316523
0.7938779058965622
0.7941723552881212
0.794474025865499
0.7947547542680576
0.7950349887340942
0.7952909758912943
0.7955302753911565
0.7957097315541821
0.795913423217378
0.7960996890950371
0.7962568015406057
0.7964202139660728
0.796532435389915
0.7967810498511042
0.7970724589552433
0.7973324994376821
0.7975916109584845
0.7978427867463906
0.7981643903860933
0.798351675896955
0.7985684653160476
0.7987312611186201
0.798683234096815
0.7986274629148585
0.7985612488963598
0.7985736847900613
0.7985389578172208
0.7985168907672174
0.7989336822666994
0.7993180717281373
0.7996799794259256
0.8010818330851359
0.8025125995603922
0.8038198943260214
0.8049643648197786
0.8060410555633358
0.8067887732888924
0.8076868314016737
0.8084738516639821
0.8091743719913354
0.8098793735517292
0.8104940366394676
0.8110945173689496
0.8116216107577577
0.8120734986383508
0.8124725261078215
0.8128621736383397
0.8130177936139754
0.8131560936608154
0.813271355767719
0.8133637711477913
0.8134465109169166
0.8135245191424341
0.8136024044285973
0.8136610968441361
0.813740577518799
0.8128143374699086
0.8119469224807659
0.8111616585251773
0.8104781873291956
0.8098214146997548
0.8094035234858732
0.8091317442532703
0.8089930801791253
0.8088611523782188
0.8087556371396186
0.8087626382175959
0.8088299229947756
0.8088631628917954
0.8089018264862512
0.8094754318363157
0.8099615353124049
0.8104116241013709
0.8107946544770305
0.8111434565935517
0.8114653854695633
0.813619983617186
0.8152067148643829
0.816313251278205
0.8169822850160131
0.8173837916930347
0.817517586382608
0.8174293033896682
0.817395211175714
0.8171720226782851
0.8167757445422471
0.8162649584565068
0.8156878616487229
0.8150800285772496
0.8144640440774222
0.8155800570881966
0.8164148508163226
0.8168036228584422
0.817035449829399
0.8171206992176477
0.8171373279607121
0.8170723945214061
0.8169353879819479
0.8167775497800768
0.8166067896238774
0.8164243020991413
0.8162424871318886
0.8160484844289956
0.8158550777942559
0.8156645293496744
0.8154861770527759
0.8154741266885732
0.8154937403908559
0.8155437252391874
0.8155700296669882
0.8155843491606425
0.8155849237283499
0.8156373645753877
0.8156886914743273
0.8157283724654302
0.8157652168932324
0.8158378424803026
0.8160590704236032
0.8162668567071056
0.8164817528908971
0.8166703516599304
0.8168347686726741
0.8169567343466383
0.81707256949785
0.8177900680552765
0.8183760783767372
0.8189433776581045
0.819518193000557
0.8201316790567842
0.8206730126992077
0.821181824012003
0.8217155316834839
0.8221002706709483
0.8224546642786013
0.8227780407207302
0.8230562995625579
0.8233013465114286
0.8235846334590089
0.8239159520466138
0.8241961584291824
0.8245090730252342
0.8248001122190697
0.8250408863638135
0.8252886246045191
0.8255801854790918
0.8260109234560575
0.826373633599228
0.8266504342019266
0.8269069348380482
0.8271684946276583
0.8273775674822106
0.8276309695991718
0.8278603828304109
0.8280257496346313
0.8280059531737348
0.827944642279857
0.8278992376800759
0.8278189537446822
0.8277147552581859
0.827613079599235
0.8274794559089047
0.8273481547423237
0.827147113002932
0.8270411679308115
0.8269031945371671
0.8267730567470835
0.8268998520266984
0.8270128248467924
0.82708354990631
0.8271256277724309
0.8271439375124071
0.8271296674229167
0.827091599102788
0.8270086937983924
0.8269813257677334
0.8269961085953782
0.8269892237274358
0.8269924141530635
0.8269614471303968
0.827062502890082
0.8270144864881014
0.8269631696597157
0.8268552298043509
0.8267701688904827
0.8266698862799936
0.8265456387893414
0.826686641323649
0.8268036213688952
0.8268386844396456
0.8268006705665742
0.8272008735886524
0.8275151640942737
0.8277520122061044
0.8279530235251882
0.8280279371425971
0.8280849228453513
0.8281329586542685
0.8281278159804815
0.8281085269030684
0.8280745125939472
0.8281255911298969
0.8280826562274463
0.8280170280719047
0.8280398333449478
0.8282182027139993
0.828345019153003
0.8284041683406989
0.8284127149823235
0.8283597084481216
0.8282683326198658
0.8282046779502918
0.8281406518450213
0.8279735274905531
0.8278512358089101
0.8277003329034606
0.8271847411741509
0.826682933287248
0.8261882436457983
0.825689137495538
0.8251403144397901
0.824871609776678
0.8245638628038507
0.8241778654554481
0.8237799054923602
0.8233404990245864
0.8229277425126055
0.8225862779799824
0.8222795440920556
0.8220998931381488
0.8219639670016614
0.8218176797690552
0.8216481042861683
0.8213997531160816
0.8210481287269302
0.8208080904083612
0.8204857277455744
0.8202311434186736
0.8199929347718619
0.8201430816492403
0.8202920498152964
0.8205231253736462
0.8207456623669791
0.8210109936198301
0.8244317404646648
0.8272920598654198
0.829767310175582
0.8318752454507241
0.8336466908687431
0.835120923592741
0.8363223394749874
0.8373782924934745
0.8384476004616032
0.8392805570153161
0.8400023976653533
0.8406300791392416
0.8411008047998778
0.8415026913509405
0.8418018540318495
0.8420449861802421
0.8422788539269186
0.8424620346557342
0.8426949702874192
0.8437256574153087
0.8447356347038163
0.8456327421738695
0.846391525813221
0.8471363856498686
0.8478146102662518
0.8484034190838772
0.849057568588555
0.8496276436462492
0.8501299781120065
0.8506126004085012
0.8514876062900075
0.85226230627075
0.8529270370775376
0.8535185014824315
0.8540424571254507
0.8544918713416295
0.8549247010297467
0.8553110518569423
0.8556454878071239
0.8559644022342259
0.8566948063086212
0.8573411357871854
0.8578953795572869
0.8583796502993138
0.85887821211988
0.8593626122008432
0.8598059340765337
0.8601836772017293
0.8605446427890975
0.860856933269109
0.86111695074892
0.861345274705574
0.861534271086536
0.8616890203062874
0.8618171969976037
0.8620126071745928
0.8621910840532047
0.8623181970209559
0.8624650874706972
0.8625981226388655
0.8627100436426741
0.8627793550057935
0.8628308870520033
0.8628867834975285
0.8628338390354752
0.8627038229634684
0.8625766970302811
0.8624862769976734
0.8626611092515705
0.8628121631733023
0.8629658430710755
0.8630973912668765
0.8632247279715916
0.8633694305528791
0.8635096908304889
0.8636673884897234
0.8637918155683919
0.8638907596419586
0.8639978965150853
0.8640863679106721
0.8641731621791647
0.8642943789634763
0.8643331416268621
0.8643359095036021
0.8642414856576202
0.8641150548919424
0.8639688957739132
0.8638138968045476
0.8636570237704085
0.863361382743229
0.8630628183325371
0.862749167330345
0.8624462763328312
0.8621336439747255
0.8618327313616907
0.8615233402606058
0.8624041688479717
0.863102367217276
0.8635967268442859
0.8639832786249177
0.86529417223891
0.8660101879885456
0.8662955646814557
0.8662530681388522
0.8659736270825097
0.8655826966872444
0.8650854072145538
0.8646014234214495
0.8640272353155912
0.8634223642121266
0.8629071586848477
0.8623557977578855
0.8618043018879673
0.8613068865463519
0.8608171701092358
0.8603655613031976
0.859954233823058
0.8595812603248373
0.859243672807651
0.8589550514929677
0.8587150280749245
0.8585069120745467
0.8583300660282374
0.8581641132532419
0.8583994591269438
0.8586400363351083
0.8588540251227593
0.8590899380077844
0.8592862045282701
0.8594615383153713
0.8596119153213672
0.8597658916062534
0.8598912095599485
0.8601506561366249
0.8603773263029674
0.8605898573737292
0.8607931845409896
0.8609653358783319
0.8616574126971929
0.8620532349842704
0.8622307426057392
0.8622380422000481
0.8621138652666775
0.861859548728935
0.8615468172506904
0.8612062011182706
0.8608412174309077
0.8604565446654198
0.8600661574432334
0.8596898807684631
0.8593288246222845
0.8589621119367792
0.8586221476093796
0.8583239000905506
0.8579898313745415
0.8576318234668918
0.8573045860096276
0.8569680779493608
0.8566573520210791
0.8563666695010839
0.8561198168394786
0.8558539962621894
0.8555937136269482
0.8553410223224538
0.8551022717397408
0.854893791399595
0.8547296885985853
0.8545879136401725
0.8544618812129806
0.854350674865585
0.854263947594971
0.8541663611829999
0.8541327133527199
0.8542145069375234
0.8552093933330543
0.8557264864858024
0.8559489386386054
0.8560896196106601
0.8560672093135553
0.856112293976173
0.8560553652320241
0.8559767481942941
0.8558543879497024
0.8556904226408509
0.8555013478421721
0.8553084392441783
0.8551744059735307
0.8550365739269888
0.8549036921856243
0.8547413053256819
0.854588553974162
0.854449552852039
0.8543291393328578
0.8542335801470533
0.8541527504835847
0.8541057549441088
0.8540767567264036
0.8536056257980807
0.8532013181488716
0.8528680905366107
0.8525667564661684
0.8523675529564452
0.8521768050421571
0.852009145155007
0.851865812001544
0.8517277394952956
0.8515943141162955
0.8514741153220998
0.8513826660495147
0.8512949030406628
0.8512306408667613
0.8511767047107605
0.8511136607192719
0.8510584972861499
0.8509985435903843
0.8533792822960748
0.8551141861052052
0.856365148471744
0.8572424670562941
0.8578054374712996
0.858140216475428
0.8583022252391902
0.8583304113116521
0.8584929487239646
0.8585926316947421
0.8585698704853519
0.8584629536418079
0.858295333345736
0.8580950559855267
0.8579116421726521
0.8577068335927043
0.8575052000430883
0.8573110893825605
0.8571050307308304
0.8569122933631992
0.8567295185876489
0.8570135171748267
0.8571113610378437
0.857068729534423
0.8566220864842798
0.8561165023426045
0.8555766469119253
0.855023608937855
0.8544668038080314
0.8539179814523054
0.8533959888081478
0.8529093689253483
0.8524379575240686
0.8519840245673479
0.8515649108973489
