0.42972211561253015
0.46478828531905514
0.44592843911896785
0.42918925216025366
0.45651579227439715
0.42383597108346505
0.457522074085285
0.40592610515986516
0.42778278774087924
0.3902468725751316
0.3519302645970587
0.4269488841719257
0.4250867641938539
0.3917447315876721
0.3820975438852625
0.3772409971520465
0.3434008283476938
0.343565430316839
0.3754031543609806
0.3672060567510963
0.3809751247348496
0.3264282734114401
0.3283102649852466
0.3375921074117063
0.3329686155637494
0.26354198259888484
0.300894007934326
0.2761027441214234
0.31576087414616505
0.3227577373419192
0.29430830981146894
0.3016428842893283
0.24960967209757462
0.3253561124696912
0.3093771604085501
0.34068174467818135
0.2927438832194158
0.25759848562703386
0.24587826961573078
0.25249675049573195
0.2747253395472
0.2855461884354801
0.23704985448152865
0.2255656948566958
0.29995953366395006
0.28242279535632464
0.21628302218423823
0.16702631277906327
0.29740533108241335
0.26828692037534396
0.27588716118756496
0.2964406796421546
0.2210954530710209
0.2654287290596009
0.23744100292124698
0.26797933061968005
0.23686870465272147
0.27065346892202613
0.20364506232198443
0.2576756540354447
0.18736404156165531
0.16725610183485745
0.20361119057653976
0.23169095741451695
0.1764798978955467
0.24350376921136485
0.21981174813221577
0.24494464200577104
0.23294793563055177
0.25208378897077366
0.22262866293669636
0.25671771917034547
0.2256578488499537
0.23137926977858975
0.27122602291632486
0.2566885648158714
0.15900891932102146
0.19796892271452848
0.23121279386631166
0.19772033401557831
0.1713010200042372
0.23325473837109262
0.18113437605736632
0.16072914366795554
0.27971072954414206
0.24378604521107522
0.24333483204443307
0.2341157998287317
0.22528642862907666
0.19902851311921416
0.19138582275131305
0.18016561088512717
0.26006293612505094
0.1403719232896976
0.10013765602633606
0.2255851823494211
0.24518214728841287
0.19632938454479054
0.17849873384105014
0.23419940555797708
0.18062125890427438
0.24108860868485305
0.13602743575781062
0.1795533114368204
0.23118936652933209
0.2795360432979084
0.16625572155305018
0.2271531320835926
0.1918450342537691
0.1777794718671859
0.14916970614709418
0.19547985782227456
0.175617453233955
0.17845591555936313
0.18631074499287076
0.18103377368623863
0.08696677752287924
0.22437488149907414
0.0895156125368472
0.15982772430915798
0.21646488953507614
0.18232527735729182
0.2046895502576777
0.0803168473839404
0.19642435650114298
0.15177222458657985
0.25837207565403486
0.22373241487912937
0.16672052473407173
0.22338740843403893
0.15379080354527558
0.20953608569690563
0.07234912512535963
0.06812780016332687
0.15581662717636374
0.1507353449338258
0.023153827463867516
0.24809712974121068
0.25643398093980074
0.2302731937011821
0.1888174185551158
0.13349765419989368
0.27917966570543495
0.19449395218435106
0.22736984029295226
0.1536951446432997
0.09519178656436172
0.21630365490523518
0.11663253415559394
0.26182927145273927
0.14588176088122295
0.12193746255693588
0.11316601680476557
0.10016516489161509
0.21274355101247272
0.10794159458560743
0.2116904163798231
0.14810896219184427
0.18368192222800972
-0.09940082324689115
0.21275992141647104
-0.11066729412446852
0.06281011165371192
0.23043310336269796
0.2706978999864822
0.22678792808717957
0.18965919054893376
0.26335377982537583
0.10458448810464077
0.24076955387153776
-0.1672873718971094
0.13220334783955068
0.27384773618124547
0.15018529981827472
0.2124964338371948
0.12039550211029254
0.05421842929802301
0.30790512631326805
0.23488628789040805
-0.17579208927724854
0.18674215487732243
0.18779450656876828
0.3237118449131401
0.2948586318334031
0.21603508858063158
0.22477229210395472
0.24311804283073873
0.36689026324431473
-0.06182748958256967
-0.23133105640435603
0.17331583628375757
0.1775196251503411
0.12842341775019822
-0.09261172965526276
0.22346866969674695
0.3032570856775808
0.083836127739785
0.26011209323618734
-0.015475520320554326
0.05323301330818481
0.22931765599796688
-0.10984884974585396
-0.14816756779814422
0.34054562477270045
0.304729289796433
0.0999324293501121
0.2288647798400164
0.3287575845549084
0.35952959064072676
0.144761596680811
0.15842723247682178
0.41094086953059605
-0.329786174728799
-0.2995563681501576
0.3967672350574606
0.021354362214555223
0.3144624786819543
0.341585203412205
0.2446249662393139
0.23058766752060206
-1.2055657195433864
0.19101689934253385
0.2827686807329931
0.13888292569062877
0.3745399171208601
0.01566262966464349
0.3338251963529935
0.3050525648975997
0.3086676631864046
0.3604887241974722
0.3649416642415366
-0.029970557757879934
0.25306375963862215
0.4512403360943694
0.1545625743840066
0.20870286222433576
0.03628846177756406
0.05254705855152081
0.28730639969903526
0.2686824274980335
0.29123150851067225
0.08784154710173026
0.19109893978157588
0.15599239320488123
0.27157731967697385
0.1552013419020905
0.1715282745621402
0.22414002490765533
0.291866066044816
-0.07602309443976318
-0.12392996652717148
0.30536355700723466
0.13625862437961545
0.26345542396370014
0.30070138540170194
-0.1387216894147031
0.3426732403881737
0.22167141237111193
0.1480616735272582
0.3595172037623571
0.07008687330199898
0.11935163128385723
-0.38211290553096144
0.2591670655694458
0.24006734771025062
0.3190545563476186
0.0651842205323318
0.2792527684296871
0.2074887404037612
0.31803326843188384
-0.09092299608697496
0.343884136210299
0.3174557603129744
-0.051593849650728774
0.23179256403467696
0.35335939719870435
0.22813678902531176
0.08439699767052217
0.21342304894640046
0.002532870344501892
-0.02114430864949135
-0.11308763530788812
0.3211527636795203
-0.17477474793319658
0.32559443472632127
0.20168753101696374
0.10318992374593522
0.07198866951972327
0.15297263417899482
0.10118385801557539
0.14663118718350632
0.21094859024782842
0.14724105691198092
0.10456777718558802
0.3298971936692751
-0.05040280965210231
0.25405732643679446
0.3511298541893209
0.246761796865192
0.24884978529839585
0.2067029158532669
0.22324656532166914
-0.10775856359229219
0.14304428508754186
0.32258220136046606
-0.06856836511523312
0.19839161147429257
0.26117252538425556
0.1731999441443342
-0.34479797023278513
0.28597557977039456
0.24842118531694257
-0.017832752417164865
0.009827753185933596
-0.003900791321625352
0.36211150428881733
0.23140991848798464
0.24345480198367186
0.3036796578323018
0.14569033830386136
0.21895087492232834
0.10829263553102508
0.16655542435106835
0.21672413173415833
0.30855154222982684
0.3099953287262683
0.22395669374799432
0.21898537660479606
0.13715515037011344
0.19570579930812632
0.23145933856705575
-0.08910180788640154
0.06550195621182947
0.18191661421874938
-0.20715434708715197
0.11860794889390341
-0.05139052019726176
0.20630960055311126
0.33645669447069904
0.09789699164216548
0.20443228341350628
0.12687486172019125
0.1303534830701077
0.41753961750382684
0.34889807969056286
0.13816998889175985
0.2163398502090751
0.36943372951333364
0.13316846314692266
-0.019374784878666396
0.25252927405844994
0.20634763423495173
0.27723636339377844
0.03769461472055202
0.22739514155539825
-0.651442743300789
0.06723259034247597
0.26144044692838014
0.25439948379076716
0.2203064095208604
0.22482707000222102
0.09405275148135456
0.08138167240560601
-0.0461441224335305
0.38031858827956544
0.3400276246020434
0.10179976178063421
0.32012622697746407
0.09045126639904566
0.3175141206025646
0.15862404162732247
-0.30735847467852384
-0.37014797123569243
0.3921503243452206
0.2990420396174616
-0.7724184941910013
0.19131485435922457
0.036743564211698054
0.338328566806421
0.3689303333493576
0.08334247021217395
0.34758344147761927
0.10446578786648497
0.4429399483503008
0.08224390332214743
0.045438257090135103
0.3393699250317702
0.2929108160072885
0.16821749463183894
-0.025206596730175113
0.06289803657325893
0.2755051702129472
0.382016350031414
0.29481791671925817
0.38908142469340756
0.1480603790547747
0.22256389403920435
0.18064252352147808
0.0926443514494355
-0.8178527465250482
0.03453147943112339
0.14633464321429174
-0.29103780670587265
0.08228346314215623
0.3514042241211252
0.22324838083539766
0.12030719592535832
0.09583233806654712
0.14746136966512025
-0.3772483457736816
0.37402670620061657
-0.12100671068610813
-0.1349702107392763
-0.39756412588397116
0.3648540184793865
0.36212402284395956
0.13539687105505072
0.257673684175204
0.3757928383097032
0.39322343796531667
-0.052679133468750194
0.2563081369474386
0.3269116680718367
0.2881461511738728
-0.25031576424147617
0.26925661424848857
0.179833528584753
0.45616044271154915
0.2140423957981381
0.4463245018935505
0.3190146722843592
-0.008763844302486778
0.39021216446389395
0.47915240172695883
0.21313697551389832
0.21649013796135624
0.1579585324446275
-0.13896738115193719
0.4071591087805305
0.46056802446287354
-0.2155277642303257
0.25469472506843616
0.40751979501563196
-0.6197268774859879
0.18359589275235116
-0.04031932712008324
0.3568052070826351
0.18541947322163432
0.3308201823626762
0.3713877568003192
0.30612983666095755
0.17802704199459668
0.3466510337068901
0.45107905519449615
0.2866254259057144
0.3248707614551838
0.25839746124169616
0.27803400478699813
0.33870720996836623
0.09575775369462469
0.3933464137680515
0.3843384915794625
0.30592640470081345
0.264917428965423
-1.1220448298190184
0.4028917884333897
0.0633523161230028
0.2863774801775004
-0.6727912087168364
0.2896049936059952
0.15061388009973792
0.3364566540934687
-0.13516403046326697
0.23530987182294455
0.25444911601542003
-0.46584134415485856
0.3677942139115842
0.2772341426403195
-0.06550119803493037
0.12024340459089261
-0.01220672698486458
0.2737107574984108
0.2551234373044244
0.13313662232733725
-0.00399375461017859
0.298866463067057
0.3151906442192449
0.31055872415724206
0.19853201470925436
0.3226000618156718
0.09297488129866016
0.29888111408372464
0.2729906955710716
-0.03418818155111525
0.3728318144834057
0.21159169018290125
0.31410058184860373
0.008118475155986016
0.17835625371685904
-0.11857840647031437
0.20335517681789245
0.13739874205084135
0.3047663569071323
0.3693961531619344
-0.01616896736284057
0.31132893034757586
0.24920067855603922
-0.09867418059323607
-0.04266970372544132
0.28070371489258306
0.24480844017860326
0.04880363657313058
0.07572216681104227
0.13210653310649523
0.09593863453495433
-0.7997879579796159
0.282947155211658
-0.9913926959021477
0.3504310364600345
-0.08184662141317633
0.1307669593110229
0.1687989528589266
-2.526199373531203
0.08074427914840482
0.12676195297785786
0.15375500519598934
0.26370118091167394
-0.24064255415268943
-0.5908281160502709
0.37540377143907133
0.36785980050744926
0.03067325344554711
0.341147540252475
0.4072797018850808
0.3694769488278803
-0.20362413579004324
0.3572829375836241
0.03619722878220466
0.3464616068079137
0.26321458150028904
0.3310679626448352
-1.0846872203200701
0.21348783196403365
0.15752751667645665
0.37461462154309944
0.13508029984474101
0.26435964639984577
0.06390856829910246
-0.09790954757136305
-0.004981777588757397
-0.008582456445616171
-0.07183471909407158
0.35085160443182806
0.2279057880039312
0.45520948657858223
0.31080594396191064
0.22560664804428737
0.17850764998203061
0.17884138302165453
0.25974916129642134
0.30224661879559456
0.24151623228687363
0.10547843241580568
0.16582080879411432
-0.14194304262860036
0.04163169069257122
0.019545653690442366
0.20543805518450137
0.35594634450612017
0.25410686800036153
-1.3524287479664063
0.07093161156633887
-9.062572810214498e-05
0.14271792949271406
0.44715585935345237
0.28640462868394817
0.4190936541224831
0.34691485288879176
0.16371940137124663
-0.10573759979545594
0.362019123512605
0.38508508779556727
0.40198758430573356
0.4075831410417506
0.3520587067680421
0.05846045501769093
0.2946407554574372
0.12805407645418992
0.36517910171129364
0.3897090361538599
0.38128930600618144
0.4206440842229933
-3.257732803592534
-0.05056624258025055
-3.5442821416543913
0.2670744144442049
-0.5863409769730163
0.370459264804012
-0.005327306916542707
0.2183604706792891
0.3699532971966635
0.2850724659286351
0.3785397907658328
0.27038721306195396
0.2752714326093614
0.3549398394183956
0.21308198436137515
-0.4333123796295282
0.3294674814800146
0.15542763878685523
-0.14795399598516912
0.38978437388536485
0.3785180261104917
0.4070250312695806
0.36735071448752166
0.2734608247032504
0.3768530917895745
0.4769491210104307
0.3502904234868013
0.25315496178388264
0.36191126374315974
0.23329654020644708
0.3339143757072134
0.1832268914480214
0.4372364917741955
0.29052797694014343
0.1769429967140061
0.04480026724528147
0.38886289876449653
0.3765571671107548
-0.2501117386939825
-0.07804978970616205
0.42719026926869413
0.46329754402577095
0.33493422342092416
0.43498602991281377
0.3093984577601379
0.4501410524716142
0.3320765795472038
0.294115536614613
0.043832619970943065
0.4003879873340385
0.27486471067299173
0.16168772169599072
0.19207008222495398
0.3990743615248241
0.18384086782997955
0.4052944663522366
-0.20565326597003375
0.4104321580132849
0.256547284702377
0.41522186670103395
0.4706564914711404
0.23842501785450182
0.03384440922592663
0.4384056962563414
-0.15284776159524038
0.29710188083205913
-1.3527386028931436
0.48086689984519587
0.3751260781189317
0.2689222822066569
0.4533154236946162
-0.2664282223818535
0.4010721963615315
0.3554983860643578
-1.537127484587963
0.1507154085710421
-0.05437553573234899
0.14558285578503766
-0.09150294584596808
0.4536366353701326
0.3217994307209795
0.33827664459871115
0.3836965914485736
0.33817121518384363
0.3414133653872446
0.11952057041433828
0.373909413700208
0.47211295233271516
0.36844901236279737
0.08615737973168114
0.24927909860778813
0.36246602710907533
0.43548349292373073
0.20802083035903296
-0.4813197418742904
-0.07486748822344003
0.317214568016696
0.3081255913889912
-0.10998544708529057
0.2827199397564788
0.3162876314515565
0.43052484153993104
0.2976626195997758
0.2860495181971126
-0.5681420806564434
0.2899384527138602
0.4281973068469781
0.4310324583792467
0.1867713116864021
-0.2526251444957698
0.40782353971634266
0.2708296898629161
-0.005866075125259718
0.22536473135408697
0.4460293646101462
-1.366422607977564
0.06477688433515455
0.3194988884189689
0.2209644646477235
0.29078837811739605
-0.1987651914370755
0.35580460367137634
0.40656883479610684
0.41046690062016
-0.23195369584931624
0.2086000638547315
0.2592297736176898
-1.0740115194779818
0.3013779013933694
-1.3573908190400745
0.16053983505166664
0.2677627210279465
0.293894331851155
-0.03260011731800028
0.2929471925832627
0.3813733849957958
0.29736104456832935
0.16325022452312898
0.31763320613913537
0.27347264085719963
0.29725359675508234
-0.01964412579318031
-0.14169977113730725
0.3658387898248332
0.3902185822899998
0.29001620699072705
0.27403986529358887
-0.21571431362031634
0.376815649839583
0.2880378766192815
0.4134878041408483
0.08831818951870829
0.12544368117816984
0.13639855935419354
0.4396505420515403
0.3914256978826888
0.375097629876164
-0.27764482272815805
0.03357650899142939
0.17492222888807313
0.3370847811340294
0.34712484088902773
0.46970706656316946
0.47538196949779243
0.11124251334523583
0.009002691556074138
0.4023969757085765
0.33718351605958974
0.2278567368939674
0.10433433294629219
-0.459214696393624
0.1264808565466684
-0.036275398728289
-0.01597130634897248
0.4207286562364548
0.13904254127799048
0.14172872481829724
0.13904467431290118
0.32883343234620427
0.20533780913850802
-0.22678514149568718
0.45992457578720275
-1.755359296213633
0.19410031736280992
0.11489843490588147
0.133572000934719
0.07222475505166592
0.392996581545521
0.37863940418976594
0.39525135885901025
-0.784502972955833
0.2849418757839389
-0.04006997050836558
0.4162285517240014
0.45922771906787363
0.06893479940622183
0.42121977246552633
0.34052344919684874
0.337084160599342
-0.04634250140570073
0.3466193188925541
0.3398010208755705
-0.07491468683482816
-0.013016821691302694
0.24360796587796085
0.3952397604510558
0.13172812790523292
0.4063922315391149
0.36962002428399365
0.1992122186947473
0.2537905619939144
0.46864923449103
0.3110591723686856
0.34635240858381267
0.16010264955660425
0.270380467254106
0.11496000271615064
0.43625912228997227
0.39791433773367646
0.04571874172792861
0.2504640405316556
0.23673703579885913
0.04659874017498822
-0.4698443476794444
0.4203888336860605
0.3525283878821489
-0.22147679988416968
0.2567349782306209
0.22082076374368098
0.249648796544217
-0.03376294970415372
0.010990293713290855
0.39797878600498104
0.3264759739984886
0.20743980673744822
0.23385365709016742
-0.003426806747005129
0.3628153559269213
0.4638277716321712
-0.48147707251499205
0.0389405999481548
0.23502018738870312
0.28324297710872504
0.3148262157672558
-0.17084592523893594
0.3015871338892765
0.3497176600979992
0.3151147317813562
-0.016408959196467676
0.3243993815535101
0.19889342497837437
0.37032493231475594
-0.48387846524942
0.19691035663594714
0.061154037746416756
0.32845828489700263
-0.10414102894373567
-0.09793744531620807
0.3297531249003136
-0.22155212161702997
-0.31008199881036025
0.29262724184414557
0.05098756299001106
0.3127200832229653
-0.8034785638541004
0.43898971928113906
0.24110457376133393
-0.3558558745641571
-0.11162867809820198
0.34529105474190325
-0.012357641501891226
0.16509569493250092
-0.8023437646227207
0.37224098085605084
0.340707274065179
0.1691371296253436
0.2136985697607705
0.14050058395047188
-2.21413450516859
0.3614186679840564
0.03949657115376737
0.33320112225582077
0.2898206974456747
-0.810849002080402
0.20642349606184068
0.2000547084884205
0.2632333972809632
-0.9399938138628727
0.18101883958108067
0.28140855830238015
0.3817525471665921
0.46112983570543165
0.2320415378970826
0.16416255447862943
-0.2810003268417074
0.22001984359396554
0.1673553420338008
0.13872810806618902
0.435286092302997
0.16220362800147042
0.3377304064721648
0.3651727678123732
0.40846075639118373
0.30711744115875284
0.3128469801576819
0.41314301044587
0.2614880290002347
0.27827703930747894
0.33063544938546785
-0.0009730289481318932
0.3674600193295875
0.3107406843397744
0.2484376315331548
0.42941145977498774
0.3288649246698362
0.25841422052263296
0.4104108056298752
-0.1361241654151577
0.1250461322876455
0.3661856762572845
0.4040517558910662
0.1631969515148569
0.36908668737461464
0.33440332881760915
0.28036664786151894
0.24287854306067602
0.4086840796857564
-0.10479579256093763
0.44534517074992536
0.4288123380376348
0.4085467045334548
0.3423481143135591
0.38001655105373067
0.19022916993801137
0.3446890403371039
-0.07806629404211285
0.23665180336366037
0.41403889252100257
0.07172731896981865
0.34631430297111554
0.0729417974754667
0.02942053094465996
0.296876109218729
0.19128299014056654
0.29923868856194286
0.21531459648121748
0.3541371073777864
0.28606007708609293
0.3743865236380751
0.46518308838854977
0.4575770566529974
0.06733025020319194
0.40394680403901406
0.3935065783562396
0.06520517881306676
0.47106235241988337
0.2974191503001812
0.07007348793307755
0.29940726153129743
0.38831122183903977
0.4240423458555936
0.36476431270510756
0.140832081539214
0.021424435707024014
0.1391261156564686
0.2824353106192284
0.0071991985729325525
0.4614071347274266
-0.5064963035241226
0.3319625952974662
0.2287616748337437
0.2538801651662499
0.4482618948488017
0.2702822341511977
0.14632948705443893
0.3546368029238049
0.1828684534554461
-0.2761863631935223
0.2807805470943232
0.3119650579124438
0.3035142175704544
0.10819868845614244
0.39411127860764444
0.32930233882142157
0.4525672587396132
0.31084493362367627
-0.059467213361954596
0.443442932656116
0.12490712988556513
-0.0499107513921514
0.23060712328920585
0.3751621016614925
0.22325302083322018
0.21021516304790117
0.2110956098926935
0.2926715872590065
0.34129282282497353
-0.640887661839814
0.3381719339652436
0.3162746015578001
0.1215870051215181
0.31195716901960097
0.1403551438470379
-0.22200696131714692
0.34072805872897194
0.2768840846780777
0.06750607068907422
0.02075343023986992
0.3383590732858972
0.37835190073221414
0.360747473043486
0.32793592675689864
0.1950914084989861
0.2977342589465756
0.13377193433812656
0.48270257729958294
0.3165948400092168
-0.007481652628591129
0.195498037731688
-0.3112630010238149
0.2424526970144525
-1.2969607516478072
0.05992961097492655
0.20085148712120177
0.46456008684813954
-6.750914293438634
0.11178979049856586
0.29866884584247483
-2.9629435652521017
0.27872213482844566
0.36303451831095784
0.41138042086258136
0.3163792179148712
-0.3230480627732053
0.2927307403495494
0.14341310915328098
0.31218195389567893
0.3486865469195175
0.1461941375419168
0.14449831715402495
0.3322150201264174
-0.02957633469319787
-0.17964107585297928
-0.44792504960896773
0.19054615238334977
0.3798876866840707
0.3563352201876212
0.24824368061502977
0.3653156586577946
0.09484169520943397
0.33799434328012873
0.0028505900117391514
0.47001895715274816
0.2624186217713048
0.25487330884025994
0.16249959751135862
0.2730124160888942
0.12211320187748775
0.28531209903117444
0.34406591393443536
0.22003479060944992
0.3612420921014198
0.23891717428772408
0.37871746642162685
0.35158012187425935
0.17785492857289614
0.41233990610891313
0.26855744153674677
0.1393065560326055
0.480892866569381
0.31540670974646323
0.3130309464386243
0.40211470746484496
-0.11838609132564382
0.4141151324349411
-2.3599442471238636
0.3142784970227941
0.24395338831055707
0.41483034075008224
0.0686309738449456
0.22200904116963815
0.2135099392315018
0.17094845433243439
0.3451635782196191
0.30838189379380054
0.1821186121950133
-0.2597093646661718
0.2474274224486735
0.3138611365813766
0.1825509367497482
0.47303747453029155
0.43250649221010895
0.07319299867934381
0.4062159806543365
0.24757036263806892
0.25107503646845464
0.42985394989836134
0.4291352349798228
0.26320944607626184
0.17381605202812755
0.2241627157391785
0.4933007819522788
-0.01701957233216056
0.33977682737720827
0.36098658057818833
0.11339061382427845
0.011569699192663041
0.39167833542940605
-0.4172796283781963
0.4527176366863139
0.41737875357737786
0.47103889062247223
0.23458331895204487
0.1176753126693163
0.3878961961370536
0.35392866414394775
-0.06542163815020652
0.22440285699101514
0.3775080478927487
-0.21125594374390855
0.3704578722599382
0.34864432351255925
0.1051001611389718
0.3532569331838825
0.367539891119146
0.21642971573179337
0.41865016952442147
-0.9986977406982114
0.1559769919218063
0.47253971258992056
0.3843751415792632
0.06015139672236364
-0.9214615410433495
0.2963841408626778
0.3062786870723836
0.4068371173044185
0.457522045761778
-0.02100925857642777
0.22983081738504457
-0.004977962165249372
0.29758602926503774
-0.21178378158891187
0.21197462587739652
-0.25197084673155923
0.14890021350629457
0.1198393462078921
0.22818647696046607
0.0504963746311094
0.19573653755939036
-0.16182254097441318
-0.19677443261095784
0.23863901950702615
0.22031214221971268
0.362662328031633
0.2977318705311051
0.3681791081351236
0.4798547349909783
0.34436244337016153
0.3286336109794816
0.3385435659075829
-0.7862687094487555
0.17084815438955447
0.14502319024881566
0.15251031796957393
0.07684193776967851
0.3456861119356376
0.34234636584547673
0.33875232602302807
0.18629198661595453
0.4737355368791814
0.13343732221795346
0.15053338390265236
-0.06698432768190976
0.034719133170298455
0.085661996764129
0.16741802207585998
0.31149610689739615
0.44072782121672033
-0.7502844001120876
-0.026741808873424255
-0.16081711452133363
-0.23172480324257383
0.41392776340604037
0.45064396286338737
-0.42457568061344375
0.14469243493219047
0.4421569245087956
0.11741259504281476
0.29658165618771115
0.26199131004456183
0.2871605359146665
0.4515021533858276
0.19052690235030068
0.2288539292284697
-0.2925767076436637
0.22940614037130108
0.03505825102935056
0.28713463951465423
-0.018663740563543807
0.3222270235648049
-0.044206143452775626
-1.10422660287736
-0.7936839948657166
0.011699609957075363
0.29339445227996613
0.210815156745078
0.1373796394057349
0.0781975025311335
0.033083136484433506
-0.11803285991357237
0.34927372809636814
-0.20602941431425703
0.4678098407045936
0.3025452064347066
0.3505827583227089
0.32285861506317715
0.3603011289462471
0.24580258355155304
0.43879504022635585
0.11138840623221563
0.13913693522390058
0.4411815774000095
0.3029460104194682
0.45094275812085555
0.43355439236513377
0.07762038538319216
-0.17832830870613636
-1.5104358326917366
0.20534292027738976
0.10373179453632658
-1.0199978789511812
0.30991512574965874
0.46040062403151233
0.3815508427535757
0.31720505456737486
-0.3610116155988816
-0.6275635567441882
0.44097147534397035
0.28372292270644695
0.23083460469661093
0.3300801456790864
0.2911297374250975
0.32587645313825064
0.33256568945503406
0.27615984155766005
0.2322314922528314
0.3969025282004702
0.10259828582802549
0.2334853714378568
0.36379796149339694
0.349146295971989
0.25969888735247176
-0.5657687460580547
0.28208530320729364
0.3510435271295424
0.3505667057010302
-0.337260802973515
0.44415404766311095
-1.46226065186319
0.4037964435833049
0.10706879845886358
0.20229700428432085
0.25366882832337084
-0.264591486393318
0.3370276113500718
0.3788380028125661
-1.1404782529063557
0.29035303293099346
-0.21896790672032962
0.3777343579992155
0.2995741490071092
0.1749509152627881
0.42954268743929813
-1.3713473743614562
0.32761104287764675
0.2643444632986757
0.3676938296658914
0.4214938366398362
0.21015829557547866
-0.04545040178543713
-1.2561206548161221
0.029468980178536608
0.4382805529470066
0.11378830138498647
0.3742534769695868
0.22650205394475154
0.34593178148780485
0.34215893112498663
0.37762818530976366
0.27802290081603687
0.4048127795325359
0.26256108521287064
0.33582210564538273
0.4197460349437542
0.12586926739374232
-0.36596377007026637
0.4512291678036195
0.37063456317822485
0.18312901269569543
0.4142068745369924
0.315422369001074
0.32028407078119214
0.26220534384575694
0.32433419362917437
0.40912257160831655
0.41095618770375003
0.27052285914541846
0.15621801537061392
0.38133372411240113
0.4767104556128925
0.21226180297797936
0.29949947990812575
0.22300449740277412
0.25265634895532507
-0.25037464992061653
0.18011448364826543
-0.4161265441427223
0.4688862731816394
0.3543081873191247
0.056042365729384425
0.03277488188234329
0.2669380663236129
0.2927120874064814
0.08393890096302675
0.23425164669016635
0.39515303419152936
0.42276071266493503
0.28269638640909023
0.2699005095402922
0.022387693328017322
0.36800066043199997
0.39434673726282216
0.3064943723783015
-0.03702346422138858
0.3618205794574032
0.10705790756507833
0.23969976580622976
0.38623681303086627
0.17777174506585708
0.44081191016373317
0.4429450698327177
0.343345286043365
0.23409928471717806
-0.018977669799269736
0.08532937485286318
0.37139414090688183
-0.01200723873003251
0.31957165460851833
-0.36988420510671705
0.06674697829247678
-0.45641956214140533
0.21469761183843006
-0.8738888786923265
0.22394697074428788
0.2435895263108684
0.17350371862313257
0.4627040768771884
0.26622364327103043
0.3210225421286627
-0.3065015597885604
-0.23093267574109821
0.37339507804314587
0.15457865554833605
-0.052893879754770556
0.03006873967603757
0.19185716386461527
0.1433813660390892
0.2438271844693149
0.038499122517782314
-0.49871017124262995
0.34690429603409767
0.40846986241737127
0.0887235443348035
0.4210925224767828
0.2693012965275008
0.33640650987060927
0.2657042427979547
0.160144402991379
-0.11906963173521701
0.16577125704067808
0.37455418058139167
0.4591124948459843
0.009802973758946287
0.07541853304273222
0.3004447064202301
0.2307918509841898
0.3622886725198954
0.45461648565667906
0.19799420086348402
0.418608348007834
0.15960167816944015
-0.35792667173904724
0.4580854156045873
0.06159754600891593
0.1230284379790394
0.058876250924635776
0.42036595547862265
0.3553620943302994
-0.49816001097870477
-0.18142102219471723
0.30303632244900025
-2.23137947666565
0.2767529413030785
0.34260525475754555
0.37978646659633475
-0.3441996633172425
0.32747935550721774
0.2425113801767539
-0.38455396074588166
-1.9424922390766266
0.09873490498029897
0.28382546403738546
0.47828159999207986
0.29288959882275317
-0.49211949712132874
0.40893109621423096
-1.8807024552999017
0.28256621420944905
0.1117727883356015
0.24468217756060517
0.43709719908752553
0.3795758121662275
0.4227742381575086
0.2055913141958441
0.3788144089097488
0.3643131600488897
0.3033145420641945
0.23847565274149352
0.45817623260544854
0.33649029432753924
0.4680349869937471
0.4567348262984525
0.29456685841999974
0.2515810707140065
0.43665832735081034
0.4657415358890125
0.3791697906376823
0.44587580135528043
0.42683917690643863
0.21778876826541188
0.3174494985992169
0.22673847876159697
0.3614755807885241
0.11594584290454613
0.43787238044279475
0.2852224477619948
0.3524186806465054
0.39399761814111356
0.4307230341776008
0.3421528059948099
0.3159307179461911
0.3592376547783471
0.43703224039602007
0.4316949778170568
0.30981622857389524
0.4494082102598691
0.4525749700479319
0.19417415261587473
0.28324029566810704
0.32309891219171644
-0.06638240064616174
0.32988983015997697
0.2877960294341003
0.41746812895081853
0.35474694925159067
0.303087470623399
0.415354586180933
0.2315752436355058
0.44771822217084156
0.4574494729379096
0.44969422721477054
0.1611307351634883
0.38345277119098936
0.3586571419035559
-0.032479118190247847
0.21629898649046486
0.2898601681508929
0.4159196531852207
0.20725739909582103
0.30952719258288885
0.37726176439511416
0.34926036009949574
0.22035343443523353
0.3479430202661965
0.4448831432188928
0.34173315401684734
0.2046611003029702
0.44426588092476793
0.20797169909205238
0.4353524649318987
0.13846421204311143
0.4825019533410036
0.0597522368317151
0.020470693152318198
0.333348890457755
0.20519276909033274
0.3360372205234585
0.21723631606535787
0.32065517703142976
0.4040752285875633
0.4501510055576741
0.44625379462111203
-1.5595918979542498
-0.2973986224802626
0.31296149168734827
0.4001725341089625
0.2460853653909032
0.4171019668472263
0.3747990573261363
0.19423314914643142
0.20742364288832654
-0.24112709268694466
0.41421516915687007
-0.16581447483574385
-0.5303029149433713
0.2507718271743627
0.2389220524481005
0.46889505646772545
0.18020580688123977
-1.5967601875927344
0.2980673328753043
0.34343007793777136
0.1705568324071905
0.20703587126599593
-0.3927801864043263
-0.4911840061626118
0.223645974682876
0.4211615100727239
0.21322556390237835
0.4683349676366169
0.28844682172056757
0.05560071228294894
-1.6690875599282462
0.09593654223841586
0.4720669995839773
-0.3687640202366179
0.27071559423386404
0.26430907732343734
0.335280258355083
-0.47988523100947933
-0.20242155106225046
-0.07905951903775976
0.23251637131092684
0.2685395193020094
0.2622231416501335
0.24990174641166463
-0.5079653399031983
0.05950397824647674
-1.8845314418656098
0.2962874208180025
0.3739100769339354
0.28564471256678625
-0.8795197259700196
0.43862156625672966
0.24217774189620012
0.4177104300917983
0.12762414339730638
0.07976922853779767
0.048369720696214924
0.4290617081866322
0.30190358207745943
0.3999716342977006
0.20754244601004784
0.3263953538363271
0.4188971904184853
0.1157444453923599
0.2831102463115599
0.30135260197696456
0.32421000281428203
0.36544720798877417
0.21478069837514902
0.2504852202275539
0.2982246660944524
0.30291732635170476
0.41045080916270943
0.34828075358271215
0.1315916560905725
0.08838189614348291
0.16213489247733526
0.4856494741831568
0.38718075356681547
0.3776559712487546
0.36852499216244383
0.34551509969967353
0.29440151124259595
0.18537521917400474
0.2929956440052254
-0.026879485790102797
0.17525285399686913
0.41286243541138407
-0.12391451106720741
-0.40973102928164085
0.08487374388078095
0.209164639524349
0.02916796421488016
-0.25344981706953273
-0.02072979783078377
0.24651860222164612
0.464582928615839
0.3960632043038164
-0.010467685615442202
0.3179569374696605
0.4541961162502459
-0.054457693343481606
0.15795525076172134
0.44841153536833184
0.30286666103193416
0.36192614567780573
0.21067123057322323
0.06134382850507597
-0.10701007991257805
0.18857857802385353
0.3897419762592801
0.3661866405110432
0.39340293551486666
0.39627207918295204
0.14602757826074725
0.4674018966987517
0.3100929180598757
0.274858068838728
0.25480323952470463
0.14338161847458925
0.21346704919367987
0.4297023469191015
0.3555413552588004
0.31861700811427196
0.2996006237812161
0.36527877974291967
0.4385282180810096
0.0854435540770993
0.1520316182499033
0.24871947816504952
0.22049489758978785
-0.32520489015241316
0.3529388654380591
-1.8749927926926504
-0.6530870853777224
0.4611991489507382
-0.05352766244305995
0.39171434597081417
-0.014004613507401453
0.21299213403958372
0.2809407917835658
-0.25961601472834794
0.11153153087373097
0.21742518274548084
-0.3576380859496313
0.29603105469996316
0.3346950204591109
0.043174961980312065
-0.13084287470007472
0.13415654646751207
-0.36592953248172266
0.06543388299887548
0.3465024999575905
0.32033621780156046
0.3139120343638814
0.32933732134046323
0.3654190914344294
0.30560873036617264
-0.026953405023975474
0.2622983570867942
0.23099988963700774
0.4563569956801635
-0.06757541025708191
-0.11518837742402344
0.34987069347141186
0.3413930523703934
0.29207490921137014
0.31995902610816707
0.424014384593093
0.34641782735735005
0.3963633489085114
0.371554047363185
0.28505569780694395
0.32467364801958276
0.2529456529409048
0.3418537946678363
0.34048434070927563
0.38506808065630405
0.43988795868168573
0.17796965383829316
0.44724607171921354
0.3351215867370603
0.18662810052527717
0.21983905078249155
0.330502634310237
0.4768952106986372
0.31777615197123565
0.289036071388615
0.3007319384078847
0.1538407947534584
0.3876667384512812
0.4578690222786069
-0.03475572921275216
-0.5717760304812565
0.30517625330622894
0.18715751198551855
0.3593505704370463
0.23830451865275398
0.3182624297976918
0.41360943080420215
0.049978772497962565
0.12577907239064828
0.4751626375328155
0.1911829392557941
0.17186377360040678
0.17020692045936908
0.2993673151298785
0.11188832201876936
0.4307903196596534
0.09813684498664438
0.10462816002255504
0.16411759303515733
0.2946400453524022
0.036455132801055
-0.5879136196136601
0.005765092199014055
0.4279798979659501
0.22641997326223795
0.17758973321220434
0.35486637274117183
0.24347687997852363
0.3669146942872704
-0.05487758559550848
0.18896386746942784
0.3870397643216197
0.12929382348623014
-0.17396664614206658
0.23717597930373435
-0.08157559689603366
0.34005781209486374
0.2769596980131189
0.37839964594043274
0.44758286214777343
-0.2531351311127161
0.12133344103786142
0.24251430688150727
0.32247464093996137
0.3855989635079141
-0.03420993487804602
0.31421834957026273
0.27289539787323847
0.4398202612612162
0.17755634457193648
0.12349660654425798
0.43261175039193833
0.1664560477083188
0.04110608511090763
0.13073316150756964
0.029993509731803758
0.3587467935881573
0.3184170720953931
-0.07911065385809446
0.33208900844908495
0.11215069017051438
0.09744102052215797
0.014370588693578212
0.01274650494545293
0.33998321226057143
-0.6046353279395398
0.28753809087283877
0.2823195465979146
0.32372784972663765
-0.2682428802142549
0.021256223609996627
-0.19261071426813958
0.2872884871296998
0.3025140240655946
0.3273648925386109
-0.08157462795981363
0.2221469983638104
0.24111357423622554
-0.052040752196018
0.17039912589324807
0.27536003286051086
0.2605762309210947
0.10692108819798735
0.12303552507804644
0.26371638286501825
0.21358606989296858
0.4561936321196399
0.25521551753632643
0.20755932295797286
-1.1439712696525388
0.46356027723926974
0.4054405618577446
0.037570925664626775
0.3818237225123826
-0.09423775118434952
-0.11678744619198844
-0.05939627311764473
0.15985623182606723
0.2842922381581511
0.15697323793985968
0.2579055457484861
-0.057696335105501206
-0.05089647737557468
0.3463796643091561
-0.9631005763209175
-0.04519804660910798
-0.481304042622515
0.22237448665404003
0.2425548242603498
0.3578529429303856
0.11026959291323546
0.20200720222717028
0.22542079113915975
0.24487091414556506
0.38618024440242565
0.2554975084542759
0.20271630464979795
-0.08458073129705679
0.195053857086951
0.348861196768212
0.40827196892868534
0.3526442627672447
0.21657725610815415
0.3875671132355476
0.18840405860311904
-0.044617432160950155
-0.27143099677548155
-0.05837808559779478
0.3938402644482532
0.020861805643311138
-0.09105936401533021
-1.3348365819097827
-0.11977369834453078
-0.9908254287983702
0.18768498477704632
-0.07569372215792736
-0.044612804826646424
-0.7507383517676873
-0.2189485963344221
0.04012560273379551
0.19093998897054365
-2.305065976042561
0.4166268495046255
-0.02648214128139703
0.28669018401206325
-1.0318713422864445
0.0217692911631584
0.18174523650394425
-0.9156864849944322
0.26503224768088446
0.2755183384682216
0.42594177127622773
-0.44597202266636304
0.3716881156900336
0.35980490588411845
0.1748417191975865
0.4468371414477101
0.0848417807835411
-0.1266902029608611
0.33388245911881553
0.06776045869937147
0.04148127900155102
0.18679771170146947
0.13700836358079427
0.16936102582143076
0.45289026633179696
-0.04537869879708867
-0.6175076713081571
0.16713343422201316
0.3310529651570884
0.10018245069248388
0.41254998805424165
0.3806507983739452
0.026093356308731552
0.3052652240783612
0.32541598209893385
0.40958226755662575
0.24672018199964535
0.13562385338058547
-0.016481429847096107
0.321195072219031
0.42590797682478404
0.40587621819234354
0.3036316401754029
0.41279040156522334
0.37613174482986533
0.15924159043515823
0.3271259554898658
0.3911108372564886
0.23158814245702153
0.2020146292168255
-0.2913561188805187
0.27538037201421267
0.29243328087982035
0.30432571683505416
-0.13361405635680312
-0.30642021785927376
0.2912766478621308
0.3579551875295918
0.35504548206001807
0.37998474857967834
0.3033346681905911
0.38942502674650736
0.0416737483927162
0.2621198657603739
0.13271513310090477
0.2228295995665452
0.39328250943662596
0.25968341949359514
0.025235924991421466
0.3347698527247849
0.33985521674712105
-0.14447469145347436
0.45872729015314756
0.15486587700085908
0.32827978212776776
0.3394858264803845
-0.04931474008684422
-1.587496738738154
0.3682204389204269
0.14569977808395318
-0.027736137438469255
0.25972298535339716
0.39053210771121405
0.0729840440602359
-0.4982590194988237
0.35324906316513627
-0.1311967269302251
-0.028881157839616867
-0.7896141112426502
0.15455236275600337
-1.3015682557751596
0.0685532943164679
-0.20773598878517496
0.29831394941005607
0.08981949700628611
0.4539882828317739
0.0343646801651995
0.21554135172772848
-0.38344899341207495
0.20187952249569718
0.3716935215068834
0.21693290108274027
0.2793665877649356
0.1403396458283458
0.35613894138082314
0.1798050007625583
