0.4652492058619394
0.45077406571747924
0.450774682057079
0.43940293324117996
0.4379996817457653
0.430399282145895
0.423451559237561
0.4129881039125055
0.408286701898703
0.3971006417014761
0.390835985347914
0.37853975960230024
0.37706877296852553
0.36669831796981894
0.35608863630309173
0.3541515644780826
0.3386173607006874
0.33291628968706233
0.3356508916412922
0.3208332383801035
0.3173583141711833
0.31349992595600906
0.31917935265313657
0.2972523453372825
0.296986815365062
0.28304281824755323
0.28940314388061794
0.28010994843164466
0.2818500403838934
0.2690515451936558
0.26246694993689335
0.2745360863039248
0.2524940389766287
0.25882621443092324
0.2546685126855624
0.2532421279813676
0.24728091875828317
0.23883000622247574
0.22414198883428332
0.21806357698627576
0.224798222806515
0.22442121384468694
0.228151521613924
0.22184876228361766
0.2166191997451135
0.23064505726448392
0.20843844733177902
0.21822372186595207
0.21377592794759764
0.21690062002988164
0.2181884656215416
0.22591917561289498
0.20182481021434717
0.20982684027865095
0.20393889250285974
0.21709765476341175
0.1993167355376213
0.20193693625960873
0.21474606547629366
0.2046383624541564
0.21712762664792234
0.21231297312694947
0.2067465673017697
0.20281832877202616
0.21023133394231225
0.20832800817876101
0.1966317638197559
0.20521354228287042
0.19648030554056023
0.20935320408980457
0.20729119809675828
0.20932880569188755
0.21438100786903175
0.1927697846843125
0.21198078779273605
0.20137170068864324
0.18345716225767683
0.2013613891317857
0.2091584384618696
0.1968241863110161
0.19854396669198765
0.21382624691803015
0.1843811697252829
0.19249643829407276
0.2147392508368825
0.20485574884710966
0.1968996744512484
0.18242471900136126
0.19449209725841798
0.19328042212307772
0.20868108135975766
0.19568469860774307
0.1817138577572181
0.20184922582381515
0.18764483447658964
0.19501675645580185
0.19861412028685588
0.18793521602805485
0.1971179933420456
0.18034413880826672
0.16752520745889182
0.19006708708321635
0.1993256805824304
0.16431329436078734
0.18585021843395494
0.18004201186631036
0.19078753427979894
0.1909239954291394
0.20990853677177118
0.17920195233626796
0.18372195439581618
0.1747505020358801
0.18106843580035387
0.1634693949726334
0.1538528442649249
0.1857747436538344
0.20987563823187505
0.1603629994005153
0.1834395537838565
0.14129783843550747
0.1769027756649052
0.17239610010977824
0.16175606542885612
0.14986961128842285
0.17171095992985597
0.1609003669353516
0.1947344253275748
0.1334572434587386
0.12390446769356617
0.16191348263281513
0.11983862561393421
0.08557890425450154
0.1314561567461267
0.14635889084680603
0.16694733049526955
0.2969124867316938
0.14228255598718376
0.15827538536293656
0.20620988212686697
0.106647554348205
0.15001230729964277
0.18352950277618507
0.0369735421488388
0.23934209979186843
0.16709710886507767
0.136053609255945
0.16794134114834897
0.1408334051907717
0.15590712857074807
0.20030184496322134
0.12024802881495278
0.13582438779568234
0.1568030689190661
0.09585628323097889
0.12777805323923963
0.11286519318816135
-0.05351889347250327
0.13150596897331052
0.078626896679243
0.19329584833760927
0.0971038276824967
0.04458122913854484
-0.009407659508660071
0.14663551585627566
0.045481034699191514
0.20873560737150143
0.04924887750520701
0.13582734385263506
0.10647269972617007
0.08932017547042465
0.23496173590199365
0.09327533961733558
0.12292488613300129
0.07415378585938925
0.12806951602902872
0.07601637208092288
0.08034054164612586
0.1598470478291732
0.09225565455746881
0.11624180378241439
0.17135803915666276
-0.015327504076056209
0.20023589161077188
0.21448073884199453
-0.08102358600920134
0.14847834029689633
0.1804565734276512
0.13452855613723652
0.10730146056429457
0.15681858615103783
0.1763265245890932
0.15751493946495404
-0.06406673873403379
-0.02998823092938041
0.14306362744641016
0.014915768718129052
-0.00036301388126414036
-0.2487777714085041
-0.04985939140914064
-0.04856730025473188
-0.04665178167375528
0.18006832246068322
0.0851358550439264
0.17166862193567417
0.18090544727395225
-0.08854543680569071
0.06977020697392661
0.044567174946071375
0.1754358192874605
-0.35257740488888845
0.22331668689901962
0.15577752505159193
0.17283557750449857
0.3274862475784914
-0.07621021942840711
0.15316592871228957
0.08185986069636314
0.1106230096569536
0.16430551744957078
-0.09058095598309457
0.06547908752977355
-0.11896985948099004
0.16302846441253183
-0.19698560738483717
-0.11138852461998583
0.25667162112901154
0.2312493576848812
0.1613152425639724
-0.006111676160178603
-0.8927002135530289
-0.04935704777365402
0.15369318063366905
-0.4990750252316908
-0.055602220483805476
-0.04510489062648815
-0.07138087283723848
0.016723961211585925
0.2564116995869875
0.24070445284860464
0.414673857442719
-0.0008780614522879704
0.27980092923336924
-0.008075587537892281
0.003931503550805959
0.31869324357208
0.16412579519339293
0.1183078066568557
0.3130886423024819
0.0996186477622662
0.10306596946613877
0.09576559380973793
0.33359967930638934
0.03182506767271559
0.14551997513740023
0.004039556765557839
0.16447564237655155
-0.3446937436903602
-0.03082769017643283
0.06406998056952812
-0.021070700772657047
0.12073351185063597
-0.13337435389144692
0.05776350747195508
-0.00062392935129163
0.15412058370897347
0.10608731002204302
0.029509015860130827
0.11094836520234969
0.13894448670516024
0.05167404451091545
0.1639675962134814
0.16763531231973322
0.004753945081549749
0.14674950376806117
-0.07058814554805926
0.07756968007723086
0.08128070220890604
0.11983277090359279
-0.04446493441659205
0.11922124411198809
0.030103955363544654
0.0014787815677393956
0.0011918120746949867
0.035207463464431266
0.09621172239706038
0.03541092980336097
-0.017092196815142735
