0.0005056170714293956
0.0049995133323782895
-0.00995908931106865
0.006935985082913117
-0.004183015200269101
-0.01584577235112124
-0.006477067671218505
0.005985751739673773
0.0033225003260996437
-0.011474766329454798
0.006186696890268814
-0.0008798692834027545
0.004250723964870215
0.0033225314537233537
-0.011568162609191428
0.003509971530825316
-0.006068872830974021
0.015469793290157272
0.007233416087478579
0.00046135567230164804
-0.009829916534185322
0.0005443273886515768
0.0015989293507262803
-0.012089481591289206
0.022233602169111685
0.003942952147143916
0.016923577152381537
-0.011128121538537731
0.01635747541801529
-0.013609655918364936
-0.006512258333298
0.005424513084033299
0.0004800624719068911
-0.023580736330115572
-0.01105584043819401
0.008378363539201327
0.02087870868283119
0.009148409578006828
-0.002762033542650379
0.007965118987249309
-0.011437985718462248
0.0050991978297021704
-0.01347460295091466
-9.360100629907888e-05
-0.0013070463858816004
0.00802086613629358
-0.003029639671284725
0.012020025898120373
