0.5541478434213154
0.26083673081303926
0.9628772249714982
0.3918205063299857
0.6386475245436439
0.39610290988912866
0.2940659414121957
0.4896114588947466
0.20579685325497624
-0.03840711934893884
0.45292598060044986
-0.07096121435676635
0.04900177481296651
0.544542220267878
0.20124682504869712
-0.15400726734309644
-0.004238326761855555
0.7603960130251822
0.7231576277364952
-0.8229349266201043
0.12842137165535514
-0.524530771073977
0.13557554325823873
-0.10405442047287562
-0.16526113675272702
-0.03259701576628749
-0.7576543068754584
-0.06595140624058538
-0.0763352244374401
0.5136730601136461
-0.0350396604017461
-0.16927021934195477
-0.1117887925914345
-0.341044958154534
0.01298019333633576
0.1269898251924101
0.7841195870285607
0.343262812950304
0.3532667183234828
1.272927033641319
0.4170369164468604
-0.24138359596623513
-0.12814084596583208
0.4129162964267141
0.8995316123023513
-0.2925949870247654
0.29092067297744856
1.3774048672624708
