0.956136148003795
0.29544335518090453
1.126175793684823
0.8582721435312213
0.8446289593942626
0.5373416085528933
0.23557881770225983
0.9294851969596165
-0.17741307025390265
0.25588767584370214
0.2162619627540269
0.24247503641874085
-0.05351353842761981
0.37284092180065
0.12167716480690902
-0.12963317920573586
0.06814487006830766
0.5110218822871977
0.7992199379617954
-0.9799173185728566
0.26012157606050934
-0.39233842678286857
-0.11707543094910575
-0.23088726325839076
-0.03280372525136466
0.1176004023275569
-0.4268523587371441
-0.07862404886488436
0.07970091340904896
0.4290744033103463
0.1478660563318539
0.15905430076510146
-0.16741501315474425
0.12224638649801652
0.24176987383425813
0.2741788733913188
0.5885232527961567
0.20378682363127065
0.24393237436300977
1.1408319838292615
0.4401466098675035
0.6581568111182134
0.5825729796131168
0.4541558410511558
0.8304484855095934
0.24809246347688133
-0.1728624665019701
-0.2846571788339899
