1.2868202912873554
0.32312139248684574
1.2814298708756295
0.568515480034654
0.5652105472643436
0.7027996250523266
-0.35342102792444496
0.7662518980879865
-0.241626995600218
0.0327294689372896
0.2766848850110836
0.20176834565825816
-0.049862923697484046
0.3779725873149047
0.15921240586160765
-0.2868622584891977
0.46425041530033373
1.1841683850364542
0.546162499043793
-0.8701597254147653
0.04936532509961901
-0.446613745268148
0.15905944566662877
-0.07127048124874913
-0.011300628847867351
0.0916944294608941
-0.563820677589071
0.20775297711627572
-0.04140076096689941
-0.04680432361427882
-0.11676216108126701
-0.36705769350151907
-0.07888875760400366
-0.1706192287054003
-0.4241427481427711
0.17853094300948466
0.7096227163158796
0.34641093460023803
0.20711516515157638
0.9900811519101533
0.4669119828601455
0.24853112748532571
0.5821316599830926
0.33559001516063797
0.8992745367072663
-0.21424991618871406
0.06331242849874635
0.07738332396118537
