0.019755152609496934
0.017386825616971534
0.018705108298307387
0.020622854998521945
0.022250612012120988
0.022390659500153415
0.022397240074608304
0.022194982091186134
0.02098909700811943
0.018988252131879248
0.01737462342008714
0.015686251411905
0.015421792167955643
0.016096083577415026
0.01812091931462039
0.020945429412171177
0.024287914132654468
0.02825266479234794
0.03313632097709079
0.03909713740542855
0.04577895419547979
0.051884803371251335
0.05775602590126878
0.06346649033516749
0.06870714275392124
0.0740936831793809
0.07874514789799487
0.08331573206877785
0.08786444141599666
0.09206343485228932
0.09600967501459265
0.10012317118854493
0.10449820495438518
0.10924684059974994
0.11389192018624444
0.11847736901745651
0.12393058766613635
0.12977110416255483
0.1355213812150449
0.14144182744432057
0.14748673025110565
0.15343373484249903
0.15927340652704547
0.16584055783958515
0.17264953317170964
0.17957922956740896
0.18668554266257303
0.1942506761895771
0.20227585854499242
0.210155389117243
0.2182104928343096
0.22610396630857443
0.23402210692867587
0.242654936983508
0.25110479852993833
0.25964313583682813
0.26799972196819755
0.2769152771285363
0.2856466355604284
0.2937083255101453
0.30110046254117206
0.30782463152243345
0.31381302928272037
0.3198482098536245
0.3255050371838964
0.3310964983783487
0.33673066221302894
0.34228790597028586
0.3479599575046103
0.35335130021052835
0.35888259143602197
0.3646936453733615
0.37055293624607916
0.3760915548619465
0.3812818515892319
0.38631459397397017
0.3906420671132302
0.39555894830263755
0.4010022552908281
0.4064034505579635
0.41197760141890183
0.41708913099523354
0.42156031327761606
0.4259111357075983
0.43042495128777414
0.43485097390915944
0.43884072142104785
0.44240866497586423
0.44667210582552996
0.4503199343889982
0.45472809351242305
0.4587030325744734
0.4629647056505754
0.4668161920028497
0.4702164724021855
0.4737409813534739
0.47700953895592124
0.47994864289133476
0.48276751290508607
0.48632146130546405
0.4896645898722145
0.4931577138702444
0.4959940293073142
0.4987419343599823
0.5015540115235929
0.5052839825842769
0.5089878228877261
0.5131784026762086
0.5181462892261121
0.5219787436064991
0.5255429165630339
0.5280119375458443
0.5313518244731136
0.5337254380472602
0.5360044150426589
0.5378742319336794
0.5384400325793252
0.539154498145463
0.5401405003913715
0.5418427657819271
0.5453589375041977
0.5488100247578989
0.55147341485112
0.5541396999987003
0.5564142837379367
0.558301865733203
0.5599269901654713
0.560945633301516
0.5615276084798105
0.5615508735514575
0.5619496606248021
0.5619290541212719
0.5621954281287974
0.5626311621571529
0.5620227846374498
0.5612945786773307
0.5601681867297006
0.5587193708600658
0.5580090813826464
0.5577382401428379
0.5585852540362839
0.5607347929457484
0.5619017529546246
0.5633960663783965
0.5646202412664789
0.5664974932680823
0.5692005164209065
0.5721823938444961
0.5743650427591955
0.5759340069516848
0.5774184269224207
0.5793644342786854
0.5809494974752574
0.5821115568329264
0.5822154599263923
0.582265287400016
0.5812529877012103
0.5804709449481912
0.5796859535017341
0.5792150287983723
0.5789321703795627
0.577779537729082
0.576906131004132
0.5753139825725383
0.5746539026867378
0.5744303747855898
0.5756754878128425
0.5792526180359279
0.5832047170076744
0.5878285255606494
0.592073289364695
0.5949835003502204
0.5960343218238341
0.5968439920824024
0.5974209253436312
0.5977914154425205
0.5974976740663794
0.5970490776298214
0.5968262392014085
0.5968982384156333
0.596749415765622
0.5961542733993286
0.5959446568311213
0.5956037747385324
0.5953469924290609
0.5959399506153515
0.5966541067300811
0.5977051884959462
0.5987619199179134
0.6003204238318178
0.6019963150987192
0.6035343273528182
0.6049502175727164
0.6067173718906034
0.6086656736570177
0.6102179990696457
0.6120395340420857
0.6140520957901036
0.6157243802678872
0.6168884609870582
0.6179957756576585
0.6189706573439764
0.6197877457789008
0.6208848293860767
0.6218354539697751
0.622690614344973
0.6240520138691616
0.6257670741556369
0.6273305216216645
0.6284540456817168
0.6287630530001397
0.628564948895049
0.6282237224542137
0.6276156912983174
0.6275176729277286
0.6276080759913377
0.6282097346900767
0.6289732941653539
0.6295139725945199
0.6304439139812142
0.6308758187885934
0.6311154285749462
0.63173512771511
0.6327805128766901
0.6336780351595542
0.6348075118427063
0.6362688859746424
0.638057407222191
0.6396646189220238
0.6413557796654664
0.6421298141233766
0.6424866461494136
0.6427321393239811
0.6412497891070849
0.6396729387888666
0.6385457460099795
0.6374296952583904
0.6367344580359654
0.636816885916596
0.6369600921293533
0.6376702058609718
0.6387555823519726
0.6399902464665244
0.6413072022631883
0.6428694457501319
0.6445202318585536
0.6459884434025986
0.6474536931750096
0.6486736185609449
0.6497962319429617
0.6509178862034639
0.6519100717457743
0.6527970864504472
0.6535736304597627
0.6543774093477271
0.6552899628504615
0.6562107324071168
0.6570825653246897
0.6580755521393333
0.6589545783585938
0.6597100673166049
0.6601951880116557
0.6604511153887173
0.6607848676812269
0.6611180314106226
0.6614202463654458
0.6614042538440849
0.661256622950917
0.6613521486275512
0.6613650848755012
0.6615284442333277
0.6618645346574356
0.66221523743464
0.6626805554516683
0.6631246822372205
0.6635579066202271
0.6639058971183815
0.6640531661689211
0.6643224499103729
0.6645308493878125
0.6645469370798914
0.6646492029420671
0.6647893776777511
0.665089429389533
0.6654810959888892
0.6657362729449211
0.666158082111748
0.6666365140359203
0.6672610972080715
0.6678360238770273
0.6683839465692013
0.6687644758287424
0.6690268686538089
0.6693023263498862
0.6695732045279741
0.6699673281640709
0.6704185065655389
0.6708547696789097
0.671332470536302
0.671737780109925
0.6723054570232103
0.6729761526054095
0.6733675115608345
0.6738662136272678
0.6744524975147485
0.6750660535942481
0.6752129751488517
0.6752373240909199
0.6752828010999825
0.6755282157611368
0.6758122639476445
0.6759182550888356
0.6759339254073028
0.6760880414607707
0.6763116999079155
0.676611437391083
0.6766598346490257
0.6767264872355248
0.6770887169114201
0.6773847771814075
0.6776987509218493
0.6781487522886267
0.6787360489664632
0.6795107587783381
0.6803425548476072
0.6806929329661667
0.6812450996152615
0.6818330175289995
0.6821802399608912
0.6829245963327107
0.6835367429459591
0.6841518113248559
0.6846530968863035
0.6855360933544539
0.6863715260717013
0.687200995692843
0.6876976901970402
0.6881292852364154
0.688432547370658
0.6887133327776385
0.6888599644253414
0.6891562402978861
0.6895752406733374
0.6899697430692404
0.6907153652309578
0.691739209914214
0.692836762259
0.6941129814444857
0.6954638729098399
0.6966478619081453
0.6975774413879845
0.6988395450086071
0.6999563562611396
0.7013175807448663
0.7020438544245092
0.7026617768173474
0.7033480188568373
0.703950273282799
0.7036346546739686
0.7035731633655574
0.7037073888341835
0.7049657301703252
0.7063589362145434
0.707999149996281
0.7095489263184741
0.7111322151102568
0.7134119096703165
0.7156888180530439
0.7176141402000504
0.7194579330897344
0.7214749304219389
0.7222340508570051
0.7216994620005529
0.7211556612237013
0.7208447686516486
0.7212831171173868
0.7224713625445853
0.7238150656686246
0.7250042155189707
0.7262661649054211
0.7275985011596544
0.7289228709917214
0.729896146313783
0.7306910269752286
0.7313755183937765
0.7323950260829816
0.7332383543640117
0.7340201946931573
0.7346622717551555
0.735360080320116
0.7358906569799604
0.7365781782972379
0.7369602787587873
0.7372415887858708
0.7377131303206164
0.7381915214980883
0.7387177966363057
0.7397288528725338
0.7406661138653851
0.7415967711196717
0.7427232580893766
0.743776621103409
0.7456700827955022
0.7472991612399553
0.7485415393949653
0.7496388443102345
0.7505552263767256
0.7515322362482756
0.7523949788452617
0.7536218179810158
0.7548166319813057
0.7555947287625121
0.7564703312575592
0.7571944715906775
0.7578853272635552
0.7585877483242629
0.7597450161642213
0.7611061113522196
0.7624692505107797
0.7636641046643114
0.7647959693308847
0.7657356670556809
0.7666462049303775
0.7678806998981385
0.7690326794230568
0.7699590726073092
0.7705625531217463
0.771169562354452
0.7715237317463457
0.7718645282972039
0.7723494301625015
0.7725690768170127
0.7728837251798875
0.7730020818233037
0.7730905821265465
0.7731984523187762
0.7729860235638784
0.7729330386432575
0.7728758145060515
0.7732323487720898
0.7735109228155227
0.7734727535862949
0.773533481767443
0.7741275438509325
0.7745335592118174
0.7748861826138264
0.7758764431922855
0.777276248375212
0.7786420957869059
0.780331981933137
0.7818708707350637
0.7841791291104059
0.7862141325023116
0.788310113991727
0.789962545991431
0.7914667211210045
0.7929303720756368
0.7944523865763403
0.7961564187499118
0.7978599727862223
0.799902627628454
0.8017264527878254
0.8038387554451425
0.8059000011945813
0.808077610296061
0.8094517318810825
0.8105443056704305
0.8119403256836587
0.8132837092536618
0.8150092407858978
0.8166648042536605
0.8184242216023053
0.8198397958168024
0.8211441166895386
0.8222680435868978
0.822318515835495
0.8216781700052348
0.821263023013844
0.8208604847321159
0.8205487670305582
0.8209429858501042
0.8206870944112379
0.8203357435773391
0.8199150604274973
0.8194376303937609
0.8193735131354157
0.8194923134890454
0.81981884975672
0.8208279565917492
0.8221165705902245
0.8230210187258901
0.8237793291022792
0.8240359031437136
0.8242358621375531
0.8247847694743281
0.8253105100014372
0.8260060486880904
0.8260819612198186
0.8261578616779006
0.8259202178861372
0.8251906899904019
0.8241256469387531
0.8234189691117793
0.822690677338193
0.8221700924501008
0.8216894933360075
0.8212437394291269
0.8214984959594475
0.8218220719931888
0.822107416019803
0.822282110740757
0.8223557759412788
0.8222942689520479
0.8222043619332736
0.822085817508058
0.8219938942814218
0.8221697427592193
0.8226887417687067
0.8231428584984173
0.8233899731713636
0.8236856565398809
0.8240911453268907
0.8245649613131213
0.8250627180615894
0.8256329210581851
0.8263251560201044
0.8270007894513215
0.8277744472207437
0.8285584489225707
0.8294618455305706
0.8305125789684843
0.8317155382367825
0.8328789477204583
0.8343885764990536
0.8357457513014243
0.8370165612322807
0.838045232554692
0.8389058003097245
0.839590568589359
0.84027022650477
0.840980516968585
0.8415487527577947
0.8420417418719662
0.8424018504256782
0.8426164228948423
0.8426820877123756
0.8425636811991664
0.8425074641074674
0.8424740109382852
0.8423821727219811
0.8425859723988752
0.8427850780198276
0.8430366759117307
0.8430278236359061
0.8430734706128935
0.843073174261076
0.8430389281430136
0.8431224733733331
0.8432710631217677
0.8434674859806842
0.8434872015796002
0.8435359943893258
0.8434152595482551
0.8433863810840525
0.8434526713269908
0.8437945099337565
0.8442843267779667
0.8445080699932276
0.8444643730997041
0.8443882240564233
0.8443268457442841
0.8444722232639352
0.8430316816288915
0.8405581556954045
0.8378574454980149
0.8348253056421746
0.8317156210739071
0.8288426402866732
0.8260894487984801
0.8234292669739605
0.8209202619977581
0.8185124050524346
0.8162166656167683
0.8140899743697081
0.8121376493905159
0.8103770955247553
0.8087928881639024
0.8073400056744543
0.805981320258264
0.8047980559424874
0.8037396250228709
0.8028333315680699
0.80203074468644
0.801289863407496
0.8006759652111388
0.8001551608718879
0.7996962005008353
0.7993011041123049
0.7989584329800702
0.7986928459779914
0.7984625101822745
0.7982460811814045
0.7980613588853575
0.7978848130606154
0.7977097262286307
0.7976021286652399
0.7975129243056337
0.7974477887810975
0.7974654033494895
0.7975014716183182
0.7975515541766053
0.7976041238880048
0.7976685516156006
0.7977698704708694
0.7978868184831532
0.798014399200397
0.7981365693861697
0.7982607190124962
0.7984103665918784
0.7985483579223522
0.798702483191217
0.7988318434704831
0.7989688465964164
0.7991260892863654
0.7992947190142822
0.7994611963170078
0.7996203818553659
0.7998084990545479
0.7999815424913388
0.8001740707014956
0.8003555704564614
0.8005429180429043
0.8007163391015645
0.8008827077269586
0.8010678168207852
0.8012771898628032
0.8015020430574976
0.8017373821168282
0.801935745803625
0.8021222952722455
0.8022853174028495
0.8024183375024525
0.8025603310020816
0.8026936404901173
0.8028169324683857
0.8029464853200371
0.8030690345038479
0.8032030643666359
0.8033302433476508
0.8034597560452521
0.8035675389773731
0.803697641282295
0.8038271111686405
0.803959468376457
0.8040905733528386
0.8042132343657378
0.8043177247070894
0.8044045566668488
0.8044729761515962
0.8045445972011407
0.804604152822293
0.8046621024943766
0.804687951775055
0.8047658331936666
0.8047655289321186
0.8047964912481848
0.8048155671669875
0.8048557434334822
0.8048779176655567
0.804875294175848
0.8048570546498092
0.8048445963160888
0.8047926416478025
0.8047511315491825
0.8047718670240246
0.8047498570741393
0.8046800233515493
0.8045873219201554
0.8045217542653734
0.8044283283029855
0.8043689384588051
0.8042851110579176
0.8042183508687636
0.8042914189962617
0.8043263188538843
0.8043031561127761
0.804345510749705
0.8043565324392646
0.8043347916076161
0.8043298068283776
0.8043916970816796
0.8043779852913484
0.804352731362009
0.8043055104351361
0.8042287452775407
0.8041779497783528
0.8041215214471891
0.8041200620137703
0.8040968257974764
0.8041761935917314
0.804192482780521
0.8041881611798307
0.8042441989592084
0.804385706265596
0.8046852320258917
0.8050033871885318
0.805295992364415
0.8057203560428974
0.8060467108117721
0.806410680609728
0.8067429879859569
0.8071046654266608
0.807537109793774
0.8080963002237493
0.8085629504352776
0.8089964680482148
0.8095625590142702
0.8101380557201003
0.8107497398597415
0.8112891077706046
0.8119148836151084
0.8125690097020392
0.813346171536188
0.8140618599820798
0.8148064471248992
0.815475602958654
0.8160371004705775
0.8165609197570549
0.8170143904917193
0.8174902465572179
0.8179396053630033
0.8184264123499755
0.8189432670361337
0.8194744347021192
0.819912125242542
0.8203182942746963
0.8207726915798897
0.8211510028883453
0.8216143006481251
0.822224525938932
0.822719684540194
0.8232790284212894
0.8238604864838268
0.8243944482050638
0.8249433584743542
0.8255112463074916
0.8261074232303459
0.8266616691800793
0.8272583411341697
0.8277924876987949
0.8283313800804587
0.8289836121587075
0.8295855056387434
0.8300952919258089
0.830738179040537
0.8313324030224086
0.831888397282134
0.8324295554701584
0.8329307027233899
0.8333994596977186
0.8339523914895051
0.8345130308356075
0.8350845831976831
0.8356621177570713
0.8361081302032523
0.8366637013831728
0.8372487095187564
0.8379179609046261
0.8385974114220094
0.8393206440536336
0.8400310178410358
0.8408341339254393
0.8415881741775082
0.842436527613268
0.8431355195264512
0.8437951686035072
0.8444322486868422
0.8450284907401326
0.8455768223773698
0.8460778217023159
0.8466245464692462
0.8470992920121397
0.8476774637654618
0.8481890065106882
0.8486973197457719
0.8492124191962148
0.8498136288009877
0.8503725494233508
0.8508615236725559
0.8513433969418538
0.8518304086270828
0.8523126679231661
0.8527082463847842
0.8531047840266935
0.8536411280411732
0.8542546206196809
0.8548937026994358
0.8555237333382637
0.856008059611729
0.8564730030742203
0.8570673809475826
0.8575855545023809
0.8582900314680852
0.8591198247953953
0.8598050472484046
0.8604246328970409
0.8608925077149879
0.8614523149312722
0.8620348753374875
0.8625166053516004
0.8630165173405291
0.8635633944406196
0.8642089756796073
0.8646828631820922
0.8651237984999768
0.8657285902383947
0.866593243504586
0.8675621179443279
0.8685113124874787
0.8693670301502084
0.8701431394869945
0.8709720905475058
0.8722134449365875
0.8734740342982292
0.8745846792953842
0.8756420333023881
0.8764640345996064
0.877486894138484
0.8786033453565552
0.8795431183215777
0.8804579867992595
0.8816622519380486
0.8830589234907533
0.8845570551919093
0.8858476473492725
0.8870667746126617
0.888205116159462
0.8890816454016448
0.8898501832836596
0.8903268495473055
0.8907604308559549
0.8910715541319929
0.8914330137980323
0.8917146987578184
0.892078057577699
0.8923464979130012
0.8924512139563302
0.8931005953970221
0.8937131874500116
0.8943383255909452
0.8954583390894464
0.8963307374384116
0.8971226265517669
0.8983700062988962
0.8994599775995467
0.9003880070656481
