0.42315184349850443
0.4927093923291828
1.0592451623155772
0.585235872760754
-0.5183024929500362
-0.532948124425024
-0.6723471902385891
-0.9357995799609319
-0.2172149061717123
-0.16066519628793272
-0.3467396539998362
-0.14050935668989478
-0.11482571021503868
0.40620096934462574
0.37608196098105834
-0.21275228197523807
-0.3212852203688293
-0.5661908450012043
-0.264237539904528
1.0015192237344717
-0.2593078766667804
-0.22182217549010233
0.04562678726961794
0.22459109224700266
-0.16769904717708664
0.17749414478585732
-0.0885240783264625
0.020063332966347637
0.06627985856644619
-0.7450230038054506
0.1507835632403364
-0.13862261012761984
0.4133839000960954
0.3032581315674088
-0.3749010572468264
-0.0021266329924131593
0.6282925668847584
-0.05402951542598785
0.38205468800980924
0.6523104832093594
0.328583963912108
0.7773874465794735
0.8547100703854479
-0.19200649862467914
-0.34779588691514235
0.24537642940558851
-0.2220953034307131
-0.34803768360495935
