0.8048947546158375
0.4846397789360958
0.7152914704559608
1.0471113092851525
-0.320513509229898
0.8789492995402901
0.3518592982519397
0.5040277137270925
0.8039256287547063
-0.14687959422718624
0.1439320796205507
0.5905207917386478
0.07458985910111608
0.40189544188499426
0.2871596428313203
-0.3204671787486636
0.2548168977715471
0.8406175658684153
-0.5294562861506268
-0.6225808465779579
0.1294185281817889
-0.2740483973323749
0.15527791212305178
-0.050612580362441595
-0.04326953789233795
0.2801439425849175
0.41107778026058145
0.19661512017817007
-0.10809069172485465
-0.35773084803779337
0.421635447005338
-0.35669982784691256
-0.17899916920096542
-0.2934773991284328
0.12967488891428103
-0.2886859236791469
0.6925845951099027
0.4933476416702752
0.31746876745422814
0.8036296402707016
-0.026221953334992665
-0.729313097084297
-0.5601296656993268
-0.25486891870310996
0.8700121150571198
-0.09295181420142062
0.14919664123179416
-0.42892592870764373
