0.46671489623762785
0.4500154252537948
0.44867191646409843
0.4369749570791418
0.43912347016805026
0.4289554983389828
0.4213415331582931
0.4115950260144933
0.4052105401465162
0.39291356623684365
0.38424968099705403
0.37580651209510113
0.37386379648945123
0.3578995375013093
0.35461939203499626
0.3493895606574359
0.3304880060591595
0.3340570524518073
0.33842281580627653
0.30329247737599535
0.31167367309775096
0.2936663970274267
0.3113670119330124
0.2894122206458797
0.2886118677096082
0.28530028159877546
0.2844916245564911
0.2766146087142869
0.28158767297597537
0.27080583224662846
0.2744827656804576
0.2593923485020787
0.2527976874342576
0.26647641260431
0.2553735041446661
0.23932409224929196
0.2540417366863414
0.24447003133710637
0.23510896080837917
0.226571248642795
0.22585147284180124
0.23667710020010008
0.223398950594622
0.221015979771232
0.22079167211538459
0.2240531246993211
0.210475346918918
0.2169308299536481
0.21532944395370984
0.21668721484464715
0.21180546308643888
0.226711174129812
0.20059930951330568
0.21288315866029422
0.19849185107560585
0.2118244039455801
0.19671958572942644
0.20215216305402173
0.2119570782811352
0.18727557415563956
0.2176646783292966
0.22010505896405846
0.20452437937621992
0.2106238168979181
0.20029442013340504
0.2043204664737467
0.19764948495237838
0.19563095164061356
0.19953442722858944
0.20589723323299647
0.20795173727960425
0.189667718710329
0.19503265014752913
0.1905867623316908
0.20426128389806836
0.17288485732628234
0.18289762553905897
0.1908234209442145
0.1975243994282832
0.17497209794367719
0.20218283095413137
0.19510151902801598
0.20981186955401365
0.20978020752913146
0.17474773300516833
0.1902705783975963
0.1872968284070261
0.1666215010887538
0.19315623670298354
0.172706641017616
0.21304984419825235
0.16460687616744163
0.1667858705051855
0.18136117016363534
0.18403963330958306
0.1817097924673547
0.177783130340463
0.17842153798571042
0.16146371935691517
0.15404725889698623
0.1465568515859308
0.16570191064267675
0.19033253672238498
0.15943948268419006
0.1707136553425972
0.163598558930783
0.18127805149221649
0.12155888509039242
0.21943109319280435
0.14136120242982259
0.19055719964387868
0.16271618589456255
0.11000866781638025
0.13176667443627904
0.14497855270474852
0.17581957588690889
0.17935716543718272
0.05643087440967065
0.09844380641358097
0.00037875638807832734
0.08813046486092191
0.1360773522296973
0.059837501385246294
0.07986257270057784
0.15688007757669475
0.20736588059738498
0.004971387232266755
0.025888078699060457
0.14328545734602555
0.17287834390241635
0.15523021030942047
0.14959081953316983
0.2154330786319233
0.18554357368708718
0.15866317912355182
0.26610530296810575
0.13874158242622292
0.09027456304598813
0.21851896136907828
0.091126698953305
0.058009418238897215
0.1698260125876082
0.059619960208646294
0.21088027744418802
0.1847809701592118
0.16730581683644308
0.1538527376698387
0.14732764006185883
0.14520694387540667
0.19272576173832434
0.13537965803750646
0.154304570931856
0.07540504662112035
0.052877594324227783
0.13469271034802766
0.06011506998537908
-0.014430278061081325
0.13367399969961652
0.05657432589387684
0.17047566639809203
0.14736646537135678
-0.0435107959233515
-0.10629372464124764
0.02350199375919748
0.09351044364339622
0.19760277259756254
0.008320706704480596
0.16953242431833843
0.17839668940582254
0.26838727870273865
0.206139751216056
0.1541657382469387
0.1595066046349769
0.10442551763824687
0.16131214616654338
0.029596073967599223
0.14184654652362466
0.1842408208845558
0.13311016404185866
0.10165906892984605
0.10416202068596658
0.016099419334502096
0.23274581759603308
0.19111165453012752
0.004449788999750792
0.1256202027688995
0.20820183115919244
0.16096547543362238
0.10615480613341421
0.1301205474088732
0.16899845018635218
0.168376711254215
-0.0029918864915113863
0.008979098314982281
0.15313972614029142
0.03552580751848822
0.06065293802959454
-0.20057731989576078
-0.10618397964011728
-0.006706912853039815
0.07956653929224866
0.15898326318680622
0.18003078103908293
0.1645957940388656
0.17245931792618036
-0.017721274183635338
0.08380248658032546
0.1027613723586907
0.15818417098034993
-0.6246269663307173
0.23298328370923582
0.0567825402805025
0.07192191797218939
0.34796347259251803
-0.18866243446882947
0.14283440000656705
0.12265089820258951
0.17879890352157396
0.09875733715075613
-0.1262807435383324
-0.01559774375107037
-0.01863507929021546
0.2961938615554093
-0.15379252568691248
-0.6034556570057032
0.37237508299691735
0.3391804951572409
0.18388416582775802
0.16769525255178136
-1.004412413919025
0.05753088997136474
0.26359900204633496
-0.4136230878211842
0.07304291483643693
-0.32049758494465796
-0.042329467044658675
0.1793136599106877
0.27230874417228557
0.28504694705444156
0.32772263248193556
-0.03816800645219631
0.30884867927253434
0.10823954087488374
0.22339809822596668
0.29755434640810696
0.20803081504999188
0.11235166086698256
0.15674317433696822
0.15971135245744145
0.1540597470309577
0.14508967010455415
0.31513642875706727
0.03981472520701107
0.1086814705740885
-0.04740518220195955
0.21338031956319153
-0.28275944877389625
0.07996050638831187
0.11121993955912235
0.006634041053848183
-0.022433934328730643
-0.025737047150853787
0.1865808229144179
0.056563137048467604
0.08775796981394884
0.07461417910778023
0.18984462604943447
0.14002866877437575
0.13262875241303235
0.16279301540255098
0.19915072939703005
0.09593939936970608
0.06935438558171625
0.1730723334510298
0.015732753959934065
0.15835462374440812
0.04299731579647004
0.1655122654032553
0.03995999464239619
0.15296444546229077
-0.0061580926849571505
0.09353056027888801
0.14798914627003007
0.1401915176104787
0.10032505140525116
0.10272041444651153
0.09919362265421566
0.2508113163218484
0.1616141146274936
0.07615095285285844
0.015949537949499715
0.1763991435094438
0.16465852884786497
0.09943676404405166
0.12783434679554184
0.09733283928846709
-0.04916641209538708
0.021259150194806398
-0.015058517323326748
0.10410660662306376
0.20009653118353754
0.04674497948603662
0.16008845066444333
0.010185892858683432
-0.05658827039182157
-0.06423842573255656
0.14028474716623235
0.11027545365503194
0.024126007591121934
0.09594519278151065
0.03778205649479138
-0.08011498696351071
0.16988344184448534
0.20432969811624452
0.10908797739679932
-0.11258277035656272
0.2830451414713062
-0.051335849703793235
0.04624761408844685
0.2624993245849294
0.009018346094495533
0.21181093495548553
-0.021397765911779
0.12976973787791457
0.05138343013378843
0.0752664126274169
0.2486145140643749
0.07052401213724041
-0.0905101872135371
0.22772041229373535
0.19838492315818307
0.108077410447044
0.09024354912175975
0.1600886665031011
-0.007018566969485107
-0.07329647828822561
0.0641963750973481
0.21235286866009345
0.12930178683606525
0.010116007247956194
0.12038570746007032
-0.019020262660786824
0.08086624659883118
-0.06902968696693801
0.08479578462326426
-0.050977513692787246
-0.2195703227235738
0.16055832038077622
0.2922525574765974
0.06558550383978651
0.12352248992677856
0.1827626623438796
-0.23070392326527855
-0.0014308684856517706
0.06661096206222811
0.22998474561398813
0.1977023418507573
0.0029962227359723315
0.23241242041023114
0.20667723524735476
-0.5285634771458436
-0.04820747551510918
0.08716461087819694
-0.024351981805693867
0.1961995020410527
0.18197711619647183
0.2282228531258132
0.024215553216313468
0.022596552324942787
0.028371935385835767
-0.06374942325111477
-0.5835340552571542
0.19738214116028063
0.10574996004968862
0.002580262719445725
0.04579124860472622
0.2725100915414265
0.07630096810002085
0.11507006577633316
0.07929890939412743
0.20605821100636268
0.13085980835230065
0.09584554057897032
0.023838556818961854
-0.09466418381552699
0.04963696325993355
-0.09181090272227466
0.1731964509995526
0.09490670801765727
0.1439011262251712
0.016635009538942813
0.16769850357891952
0.15117598098720364
0.21961915057296005
0.01459376622982228
-0.003745806134986096
0.07158983142177072
0.1579899080982745
0.19757480714151743
-0.08823121646167764
0.14812954694073743
-0.4093613510882661
0.22739497691080318
0.08137484451069987
0.18150104440843734
0.07516510468570503
-0.18752930319455252
0.10271463566636557
0.09096923736405371
0.10670376994947472
0.05329085636059111
0.03370008257624518
0.16167140959120863
0.19887400921317272
0.031216354449589423
-0.17544771228123623
0.16764677258572191
0.17521037522959287
0.24410661673853595
-0.010108504139720864
0.23101585491947685
0.01693381074987338
0.028529686596921233
0.09405961613555036
0.020768306511841306
0.11576740903946081
0.10554796905279579
0.18521662349885393
0.2051682902636658
0.0501062634264669
-0.005639845467928728
0.25621374259182284
0.045619839842331145
0.15375506434122005
0.16777047714747023
-0.19102739451832296
0.09743951569317261
-0.06209773909242078
-0.0741457537920247
0.10734607610621832
-0.3956386647133029
0.19539664400237156
-0.06641896655764268
0.17014997904309875
0.1149192185986781
0.1457446386085426
0.2504027149534584
0.0532154713582037
-0.1609298731904123
0.13965468512912338
-0.4626818660379083
0.15930155142291513
0.018524869345546202
0.02784044734830604
0.1161815591798151
-0.0032760167057279688
0.22268051555811919
0.001361174062095627
0.2732395463509005
0.038120167461715704
0.2278846475700796
-0.12998063817439987
0.07038041756275887
0.1819243386955583
-0.21347595697102528
0.13732116193848448
0.018722522552898913
0.1629587466409964
-0.26550104589486245
0.1598748832395766
0.06407696895114035
0.1585780952567134
0.2073017377978748
0.038169273128098036
-0.2853750810596257
-0.1398484806737339
0.020037815525304203
0.06980930879824915
0.046587784258806886
-0.3164015844430098
0.1184059885478504
0.17330563412570593
0.22649993716501976
-0.1133717806214588
-0.4215137102078229
0.2209085214873157
-0.046240808048361615
-0.00021099885379050054
0.16898911412750744
0.13620192927543923
0.001460683084802461
0.19129878178286142
0.1825145390489974
0.056997544456588056
0.1288513084791899
0.04213156548839514
-0.4251048861619776
0.09445354055048766
0.29224413146865624
-0.05572462625252783
-0.011556048022603238
-0.06761837203055077
0.1268517684533298
0.053755548451409285
0.08938905958556076
0.0751281565775595
-0.3242543086338431
0.22654955938548665
0.09823914524815291
0.09431619887261022
-0.018677356537449064
0.04652850920720225
0.15812134090782148
0.28111664272760395
0.2603165744712729
-0.13804347390660432
-0.09472604291085684
0.12828915347391406
0.008075217217218544
-0.09142197872204694
-0.07719103286419027
0.17268979407079593
0.17744908305794688
0.04691503944845776
-0.2457933634890075
0.050538769994134036
0.07848850493858772
0.02962747770254237
0.05718372637384589
0.127562659470977
0.12336456894278358
0.1334579623272948
0.10063751921618386
0.1601482404387669
0.18139111731415186
0.12246278120410481
0.16215683755345328
0.20367093555333704
-0.012552609592816788
0.004409954763459345
0.1416578046217412
0.03959940809503237
0.1795214993188739
0.21021672765729066
-0.013183050655094397
0.09407270774487825
0.05545872638390209
0.07933001029913567
0.1889419813759357
0.09508020458344801
0.15770122643813356
0.11474386899625483
-0.05316207559950048
0.1263903114355845
0.07917093078862675
0.027725087198750276
0.023520985377288528
0.14119695978755242
-0.2856226718173466
0.10269354393365387
0.09770203016543733
0.014417039873300008
0.19035525296377687
0.12497925447080999
0.1997819345176881
0.019823353320620518
-0.18847832973420064
0.06682655059968062
-0.148429641482673
0.07210178376664245
0.14697754793793383
-0.4527347311583737
0.18595587310216338
-0.27522310466856814
0.14489299225683866
-0.004121359825148718
-0.43213850078892624
-0.06516136851281229
0.19599150759368417
0.06963788438541613
0.12070027995985733
0.20714109859594104
0.1140561997875077
0.17246910064194787
-0.0586684665008409
0.10123984119982254
0.23417232911528568
0.24171113092044633
0.03967460898769598
0.12886504726480058
-0.22155020639445144
0.11690174349732435
0.1452617026247362
0.004998291900426888
0.0640715602297181
0.16047900671076892
0.042168094477703866
0.2286894855077644
0.04576155179033331
0.14774882972951686
0.024681519655699813
0.08792807641519484
0.1517541961269322
0.13420439772107584
0.0983309103081687
0.010157074276807565
0.06853577208199463
-0.0591424289420186
0.028333717351760823
-0.1717134711332432
0.05529924137980058
0.17532990864468845
0.07302479181275712
0.10429117506424784
-0.04846173156738409
0.14061377928131646
0.06052260187265751
0.09902393170461243
0.05577825371628414
0.07231606932644835
0.07594325419746029
0.031020658463358386
-0.02341168914476144
0.15439595864989886
0.09238675217523845
0.14713065318249996
-0.11484354681048081
0.09098862435691679
0.16217993614453496
-0.01032803352118794
-0.039759376522564005
0.18170305596089376
0.20056920604129463
-0.01582987849748796
-0.15559432281862273
-0.03917299724879897
0.1327005494308761
0.049986551362883935
0.15356213687380998
0.02477196044020702
0.2675499941658371
-0.11528742349644905
-0.08325277048864299
0.0385205575672396
0.09957923283126757
0.11083428158625236
0.06528487679984069
0.12369808824732842
0.11680778900144606
0.1943946546255837
0.03792190446533511
0.06139647667936288
-0.05068297929139476
0.09758154879846082
0.07181527966269391
0.03442460810616654
0.2136549809579686
-0.03168103466916794
0.03962000966200879
-0.18307600030755178
-0.1594347827571997
0.11936516469757169
0.33055327787540145
0.16867377460810323
-0.12349631738351385
-0.4521587922198853
-0.00706584217106343
0.21045499760484215
0.1346053443046344
0.22192726812650548
-0.5081357745760717
0.14915680449669033
-0.09000658433629416
-0.04109486125546058
0.3210357046924089
0.2501232971397247
0.17251372677421434
0.08138892114447127
0.05274539468904077
-4.0387518074827655
0.06662760577075522
-0.05780676446438593
-8.613906994938834
0.364776684978237
-0.3904036508654527
0.23301535905234882
0.3451476402305097
0.4167406630994245
0.4046970890993028
0.39765530743166777
0.48325977812620047
0.43326547984460395
0.4842364881199647
0.4764568249499714
0.43503391177373235
0.4735849606551216
0.49778705865021045
0.48130840818566756
0.44925576968174996
0.4549055593960735
0.480596088147047
0.4372183185673915
0.4900338295573319
0.4958852652537164
0.46619549757889944
0.47398400751050174
0.4745312227919595
0.4881949545084026
0.48763676393190764
0.4868184669928679
0.47415368396079693
0.4548284794662842
0.45937375544710507
0.4926306508552026
0.4652899898502864
0.49081366828089706
0.4806276404693524
0.4843177012883416
0.4992712713434651
0.4863585188504301
0.4824196890782589
0.49778754008076415
0.49899672330629236
0.45024310369690546
0.4799186558708455
0.4876021918689283
0.4722692754181278
0.4896497133535224
0.49114732135734585
0.47158018994038503
0.45899786091916905
0.4978172086699889
0.4860104930428239
0.4882454879717974
0.4854377824057318
0.4809096035725499
0.4722419989663949
0.4862521017391244
0.471630152330958
0.4911698062374836
0.4774679129150081
0.47761808455305876
0.49874096980034965
0.4949149975081237
0.48976005852470267
0.46802121986660683
0.49494285464920834
0.49929437774285124
0.4956626868077713
0.4825889978621293
0.4582053398255756
0.48603055599389117
0.4931482278345193
0.4938058111332484
0.4992948168170154
0.4610924151556669
0.4789595050949216
0.49571236090046356
0.4976922256177032
0.4813170240805926
0.490901972021412
0.47612195185838085
0.4951213641748441
0.4751453442453986
0.44887900265808417
0.4853725081976434
0.45123238897341583
0.4939231781658842
0.4691661314450587
0.47641418185614176
0.4836761074444979
0.4903068358038765
0.4720920210849758
0.4860206979901424
0.4824745869884796
0.48373353565008337
0.46816876514224254
0.4772423033306304
0.47674948675782647
0.4975048203791314
0.4819662159339425
0.460723756349942
0.4804570692153342
0.49079004082314126
0.46314571818363837
0.4626161099903828
0.4776447778400865
0.4687375276595018
0.457631583428184
0.4843652957990486
0.43967170963143265
0.49922174073762093
0.4580743114127782
0.42801233393126126
0.4834187264968683
0.467327051543465
0.4894240570038701
0.48209272624280325
0.49980815019129066
0.4666188458938951
0.4625355399090791
0.4948560741539279
0.469222441807184
0.47232374030071994
0.4749318318473588
0.48370251531492836
0.4583651455295954
0.4827963344755604
0.4513579410301261
0.450058501433149
0.4678716438385583
0.4872216617343564
0.48246086205080857
0.46138086598063216
0.4802803919542603
0.4638600221529564
0.45940619009682526
0.45979771689928567
0.49797914362935025
0.4795478156161556
0.4594825357803588
0.46291521977299904
0.4681632527684274
0.46580119511799895
0.43023194995710434
0.48403375674172877
0.4514284009710463
0.4624402531120805
0.47050237143339046
0.46611513494005263
0.47355277813958246
0.4801145775925894
0.4813254097237866
0.4633345734902212
0.4775919798428383
0.47269235823775263
0.4995241646491904
0.4782429707914296
0.4723176833084646
0.4994061243920387
0.4886219934047979
0.4954651267193329
0.475194453642694
0.4605226604873668
0.46642684868176315
0.49076208872756905
0.4604381348061654
0.4310978841457779
0.47835724502701954
0.4578314079583007
0.4773587270908009
0.4519178560508026
0.43449561052101293
0.47103370192647526
0.4652814027770643
0.4599867633529431
0.4282645529590669
0.4780842113371692
0.4709873270126795
0.46494066821552077
0.4749540524739089
0.4590384234787678
0.4502328114862078
0.44838764704949535
0.45762358215416593
0.4802760973476918
0.442433995269826
0.4757318802892047
0.4864926743710069
0.4823276118808874
0.4359157948028233
0.4280267992047424
0.46894382479844293
0.4677801019037399
0.4630109690529462
0.4590443071029418
0.46264578073541995
0.44443748549197465
0.46209566699476445
0.4492352184536683
0.44847919544517656
0.45289481467570986
0.45884940943767183
0.4381179593483949
0.4330926148956043
0.41509111060917325
0.4309943059131964
0.4755798887103072
0.4396748358220487
0.4671573159758681
0.43101357084408987
0.43226389872044346
0.47534757463050975
0.45292857503338557
0.4052190225245265
0.4650824127318567
0.44655899841860947
0.4238171296004978
0.3806617439194412
0.44963866785789464
0.4602362332151401
0.41916107711424677
0.4472539809357328
0.46238900096357527
0.47891981749567863
0.42887474371017614
0.42928065699200246
0.4656154480322694
0.4094257008843
0.42944782715194235
0.4128301413751387
0.45076259231563864
0.421634607838364
0.42212545446224714
0.436043613639451
0.3974038208656963
0.408933545284258
0.4343296878780724
0.4345381162309902
0.46497137338879274
0.41727079844365755
0.4311199736256277
0.4081573465276172
0.4080294441628602
0.4435162338818021
0.41585748566019537
0.44386112791796234
0.4659892851599231
0.43633941965557393
0.4176295194256433
0.4162290016602729
0.4259682360652994
0.4135891616500742
0.41069497345589673
0.38366086458308835
0.4075353191985786
0.38185774807198336
0.3828877699872268
0.4431504370482737
0.4136353173465914
0.39484280429026475
0.4153378486434177
0.40376856816570594
0.40317991207153747
0.40846592301772267
0.41271679264590305
0.42205981456977754
0.4163183010445979
0.400508262908809
0.4420586695623259
0.42905226433825283
0.3900544740736485
0.413885748216639
0.37559098336101937
0.4165769168469245
0.41392656739989614
0.41949017997552807
0.41337216094348717
0.41850315971564783
0.3893303606997937
0.4048927263233303
0.4191422812813119
0.42630050328423846
0.41007783527349273
0.40071484323716927
0.3376176510818271
0.3957843507801589
0.38538006079452164
0.39832375088797917
0.39889041921112867
0.36184428900707016
0.41875212448432175
0.3949612589181982
0.39743648267860116
0.41742809165531647
0.36923580444518334
0.41330073746067825
0.33977638451920333
0.3514668986905794
0.3653831755898198
0.40095717290621546
0.3901774037494651
0.3675440362648811
0.37982933108951
0.36571121670854784
0.40463657847188855
0.35914861130455583
0.4007122606166129
0.4088635107201162
0.3473087768721227
0.3836922738324929
0.40212777275374806
0.3940841437833355
0.4021333189019195
0.36723539136482053
0.40581086622021756
0.4105137915645641
0.3490437143314502
0.36872298513716295
0.36471387401705047
0.3533416252889948
0.3449036381945071
0.3863003330804501
0.40257835478009557
0.3518018479025651
0.3754843379470922
0.3596577423269729
0.3851441427432739
0.36708697845479765
0.3848459351002369
0.33553475812597533
0.3623422953106507
0.4028289130994031
0.34252460455091277
0.352581000503833
0.36667054658782927
0.4020336354449686
0.3539547218379964
0.3840162273819909
0.34804717102444577
0.3398447017608102
0.3550205354235969
0.32571289917581
0.33489451858016206
0.36114782252277283
0.37851106001468715
0.39724009842456726
0.36448770117119283
0.35780277413351036
0.3147112434533936
0.3588626306225613
0.35223373142470654
0.36483584463453383
0.34803856708834985
0.3174325702782651
0.28892136749034814
0.37717911881160915
0.3207682702533208
0.32724862501783425
0.3053380623925125
0.3238853128244678
0.3340100227592658
0.3095237269035894
0.30347735997162606
0.35511971153698607
0.2729225001602083
0.33479958379416075
0.3709212609702687
0.3514385622984606
0.3495573222572417
0.32214458534468243
0.292384163479705
0.3175728275241657
0.33004551394646997
0.2935521490997308
0.3242349396936911
0.3255553524565513
0.31935505758440774
0.2946104457954131
0.3092752857734638
0.2949071657425036
0.27834894763842244
0.292436094363931
0.3015823380288798
0.3033655514186474
0.29276251923908314
0.27559487676115446
0.2869471105645274
0.31111260442226407
0.3044434352053472
0.3137907280538166
0.2423521812563733
0.32231158213871597
0.2959213455974239
0.2650014492291646
0.2760412860306235
0.3053243392348681
0.24370162447869897
0.2469714353665402
0.3076088121312597
0.28235380693035483
0.25188066140910415
0.31443740677804044
0.22795165643325876
0.1977799910102831
0.2990526031410431
0.2640186290345071
0.251560996790856
0.2513815264362229
0.3192140648503444
0.2856145571493117
0.20003786994603873
0.2744161244712101
0.21563993038885937
0.21485324892223823
0.249614175598048
0.2628477969983124
0.17000062654775272
0.26977885446939875
0.2217269181762222
0.2365856264168299
0.23127234712431288
0.2634926269031931
0.196928263936341
0.21993250470310127
0.28088663369822897
0.2094708449931178
0.23034031649274617
0.24199385432797071
0.22155836909524212
0.2598100894909411
0.22528473970985213
0.280676413291587
0.19137701884378555
0.17672970971505092
0.19339763569402102
0.21732994390064292
0.19011981044240217
0.19012538849978539
0.2624688906223877
0.22086788576917515
0.20070912402924457
0.2170110393948299
0.19753133735636008
0.20011336783414158
0.22891477202634974
0.19785864906618622
0.1792464360776651
0.21854388726221702
0.20581497600544496
0.17178388207859197
0.16397376919630063
0.17804091806993466
0.16704211074076314
0.24332657941379132
0.22237528733853573
0.19956814494063813
0.16952762041812036
0.19924968544982774
0.22339156878431837
0.24200419670305984
0.23209920995386885
0.25751624008082785
0.2617861507170096
0.18250850012647796
0.19258560439594385
0.21838873540667564
0.17339532235455768
0.19260251883582907
0.14037444003680066
0.13557090013427825
0.17254258825376256
0.2302953783933912
0.18708874824088112
0.19327789826264125
0.1344723680910675
0.18560768838160918
0.20680314166877212
0.1783206905213502
0.21068676228245803
0.22604421207814795
0.22914453795060596
0.21656762493154713
0.20294364323077557
0.1688585068829972
0.18421269316327282
0.21925666612616806
0.07589072529180146
0.1780829446620854
0.19950596537699716
0.18022840323593287
0.17026310561606534
0.18485791550768033
0.10302795115700708
0.15035720071515973
0.20874172820084685
0.11550223048708941
0.19553051182835446
0.20190842915924623
0.15347172470638298
0.09896611040553477
0.1376636410218397
0.14088204797944842
0.22806363126157014
0.168598646193512
0.15514070682276804
0.20168187250391717
0.188521963495613
0.15880698537369403
0.1481249135987756
0.19692896438470903
0.14138212458838545
0.11601149197264404
0.15191377975676712
0.16767054033131978
0.14299437878187837
0.11172242195836318
0.13546369480761794
0.19948359121765252
0.1453330751736378
0.19997287550788384
0.14001497430305604
0.17933534434927478
0.18920024787448786
0.09427054975554428
0.22329528568124762
0.20411839198689108
0.18979710262168475
0.16309155484277366
0.17815662045955727
0.08931773687059796
0.16027638346754347
0.2501241401620875
0.1384442710189766
0.15092651528483675
0.20695183221748403
0.14640413917326683
0.16006598126302696
0.12599544798405227
0.2081190385731243
0.17546666150496992
0.13748837259577135
0.12750326496505204
0.198341685020122
0.19196516431979888
0.10738103294385032
0.22879541792836394
0.17520464630703836
0.09518142270221092
0.19818404674588863
0.09467908204260417
0.2521836055185722
0.1521744703962954
0.14864541911443008
0.12830941024452852
0.1698768666869223
0.16885336976181958
0.17942071751039834
0.11534232916290804
0.12132407756595914
0.16776557173084006
0.1926285092075612
0.2252608854870955
0.14464651581624988
0.16226323885249594
0.090966359180915
0.2374289924572902
0.10847272835642324
0.17803216181920695
0.20497305452049824
0.13641905741068244
0.07918792783094991
0.1256164425199489
0.1675334331379294
0.13891224721650602
0.05894522433260019
0.18551882025007532
0.1547937190633757
0.155631462654659
0.12196672896071403
0.15110717992367134
0.08311644222140502
0.2063008711190742
0.113605256666308
0.1553886156588523
0.14964817047875661
0.0838575804131888
0.09202063795981308
0.17021190626844085
0.11410897011328036
0.2544555230551344
0.1762179414796199
0.0682650746270993
0.13625456950649334
0.07231390837664425
0.14410645094026303
0.15842491792894092
0.1122273303076502
0.09896704941317236
0.09263875735530153
0.16099014394631367
0.050508809805791366
0.03515014230660429
0.015008217507391619
0.17693652108643815
0.15103024368361206
0.16526350538716034
0.12933910535540433
0.13769893096213015
0.15422794215743968
0.12411866509361175
0.08708812598188276
0.15993384025052426
0.045411797716255475
0.08865485747276769
0.1021764070717579
0.05079421878022555
0.2239463822362362
0.14233317311163118
0.016659536632249672
0.19297764575463983
0.031968716640631
-0.04840513214680808
0.013366978317360667
0.1389229356689804
-0.07094098814814498
0.15062543364181885
0.12138703979468113
0.06572769191328398
0.16039396840733794
0.07665258113901746
0.15350954640478987
-0.10387855054249662
-0.06582869601938524
0.10505793203984515
0.09024303873505174
0.21941303106590748
0.1474669610981706
0.08064747338491829
0.15678468993732247
0.1612014900401887
0.060086671431180017
-0.04087297168918824
0.09113615470168551
0.0868678049629209
0.03531249718873186
0.165930506484753
-0.14570086244298086
0.13267507561413883
0.08763017089670344
0.12081046989303307
0.10544704624370405
0.21415561945369127
-0.14342943161678567
-0.012357211606769947
0.058368730114331524
-0.1063885232311802
-0.019784383628240754
-0.020166597616230297
-0.45328926045739415
-0.07415645088827738
0.04778690758209059
-0.06701919896121644
0.34364485932564015
0.2108307428109527
0.3013577238577685
0.12114521897628328
0.17658393944018969
0.19995491081892153
0.0896799477107974
0.12784712459312175
0.2672960606767323
0.26166232975767284
0.24773210836174941
0.26264540182613205
0.12172776273363156
-0.07073724956168315
0.16222774076803043
0.017772526406316158
0.11382708322610474
0.059345050939218935
0.041594465898977584
0.14823570372853856
-0.36517648046882867
-0.08027397232457811
-0.036982826722137596
0.07057260874838456
0.08993900130025784
0.0004491984978904906
-0.6103538718040828
0.1108338399482231
0.12361872386647321
0.14209393710254137
0.2261222227683503
0.13093414017427935
0.17708355049591573
0.06860960391250093
0.19444740108717257
0.17082414157386644
0.03789431288608902
0.36888304390352405
0.26868820073274036
0.10811596313340971
0.3210583780372689
-0.09587820798267987
-0.07848483910507087
0.2128539430214328
0.14798639927845075
0.05526797296315589
-0.26046229427309664
0.1891015127959531
-0.04054436800244554
0.07345933546537681
0.19011280442486234
0.06140012630814856
-0.033311899452645455
0.22962278365594546
0.08236983216514354
0.0641978941680455
-0.06101853441124172
0.026105905513413796
0.07963815937765484
0.07997875836641294
0.21921178054664164
0.12769657000450102
0.19254849089310389
0.2590356500822344
0.005879496541882745
0.11262686981376113
-0.13481314100062536
-0.36589900458292735
0.11826545636545865
0.1327326838047307
0.1991929172610934
0.10288836949245911
0.1252850830889765
-0.014063244317287782
0.20444812717413013
0.08583989146100368
0.051404449848163725
-0.1955949272694113
-0.05726133094324393
0.23278307648156488
0.10971638824492391
0.05313778423893839
0.17461790562211177
0.24073151083447691
0.08452617466654722
0.03746633412204664
0.18513911715284753
0.309438163957352
0.24426427080840163
0.02830281487805386
-0.008823083996272962
0.15461251672980864
0.18703033849659823
-0.3171850711175862
0.10650919107546541
0.22324309842717704
0.18061360077336008
-0.31619095980819445
-0.17879827529509384
0.09323782932139812
0.1775802425002443
0.07036197477860512
0.002869954942828934
0.005025126817134851
-0.3614319078995152
-0.10654053912029438
-0.07607543067636591
0.09463937448184484
-0.1372145506618151
0.16149624891147024
-0.14689116054670404
-1.4999063265036359
0.3095025440626778
-0.09532286930510647
-0.08536333812489028
-1.0910344002234633
0.39352466101811934
-0.14844723293375306
0.14477505811374297
0.11072290653247135
0.15299291093546785
