0.006776082533643013
0.009526122671538413
0.01234678369051312
0.012425200825375965
0.011481380840701664
0.008244686778641177
0.0056717835235110215
0.00473939045825566
0.005567811696866786
0.007647844097464805
0.010551066807992369
0.014327308429545431
0.018122463092055365
0.021939427480277014
0.025380662587881287
0.029754100147370118
0.034926600894302086
0.04072598682402028
0.04662546346941628
0.05262597053329703
0.058362218608259187
0.06422069510903021
0.0701828013183184
0.0770134339182736
0.08418810593432656
0.09119065879202864
0.09738852611432082
0.10301829837962931
0.1077340442070993
0.11218211533124116
0.11629067299362739
0.12043947503579665
0.12469340868188757
0.12907409877632509
0.13322575858469124
0.13744666038471123
0.14243815254136885
0.14788976921258862
0.15338581041780808
0.1593409173249901
0.16524579019450017
0.17105208895859186
0.17742876756217257
0.18461534312606837
0.1919677694436034
0.19913278611304006
0.20607774950859037
0.21350360139618962
0.22065968954068957
0.2282180858397027
0.23592551037820653
0.24361042861166443
0.25124940991149786
0.25959891225456977
0.26747646358702
0.2758043645508736
0.28400596654822163
0.2921558290303477
0.29984396799115615
0.3072514278686174
0.3148311436061369
0.3219764229867769
0.32823797614929595
0.3339581363240673
0.339911966768074
0.3454659759114782
0.3512740512101366
0.35677195373950404
0.36239858766890615
0.3677334420714706
0.37356472959322007
0.3792726325183768
0.38477458532993064
0.39017947469005526
0.3958303834297173
0.4010661599579271
0.4062467031770696
0.4114079643748956
0.4164045841710466
0.42207573976847756
0.4283611970095448
0.43324450336620324
0.4379110147897992
0.4406686424762914
0.44287511238377053
0.4453831770971532
0.4476084638233007
0.44950880062550325
0.4525887675545319
0.45527088333248666
0.458422992666898
0.46141934951053737
0.46517457677587765
0.4684814935117413
0.47224455376748237
0.47592503428402455
0.4791979888480833
0.4825131747081854
0.4859960540481793
0.48948083923986907
0.4930216244340666
0.49703706572760353
0.4997240014373583
0.500830101359209
0.5017166107685135
0.5023495757564584
0.5040967708564137
0.5064213871257424
0.5083219163254642
0.5098808198817095
0.5118128258956294
0.5145100383776108
0.5168845351362896
0.5196257098977926
0.5228706744446872
0.5252301181109993
0.5256280954850937
0.526554567599345
0.5276318838236035
0.5274610035645689
0.5256976124814597
0.5242831841548863
0.5226508257880315
0.5191753747978188
0.5151181991093986
0.5131160593135758
0.5118068452337673
0.5098562520367097
0.5104230753444648
0.5134586019613998
0.5177118028071613
0.5232700689029018
0.5274679042272507
0.5310923718224314
0.533288824993512
0.5359772828880753
0.538360694179695
0.5401922342237844
0.5413325926066617
0.5419270855448266
0.5420778288923342
0.5412437451997616
0.5403888579057147
0.5399268917648241
0.5397990044800259
0.5394894330637786
0.5394615819721315
0.5398137637204559
0.5402201531654864
0.5409894432640858
0.5420422993893904
0.5428981220890247
0.5441026214132529
0.5455023903762009
0.5471981679574512
0.5493232448570394
0.5510498160530775
0.5521719815396672
0.5524641155444213
0.5527921075159727
0.552726867631007
0.5526203494921805
0.5532151189956593
0.5522276904691468
0.5513979542147188
0.5505678674898695
0.5508219152728991
0.5502970500875255
0.5505525162866429
0.5524307963981482
0.5557426965776975
0.5591589409175568
0.5636903776291703
0.5681884286815079
0.5724168886230808
0.5764264208004516
0.5803228426631826
0.5846661154758325
0.5879569934665574
0.5905256690832125
0.5932967149610878
0.5960752050472867
0.5980080756146314
0.599585382417084
0.6005461407796832
0.5997235705929735
0.5990568143763738
0.5984110026801239
0.5980779112027065
0.5977491165883233
0.5979077864289645
0.5974768501676947
0.5975471998836848
0.5973526890480683
0.5967510488267398
0.5965312330879652
0.5967034422938274
0.5972954233277182
0.5958653642326575
0.5943123308085254
0.592312962671015
0.5908914979192249
0.590522134152264
0.5904610881063568
0.5907697556767095
0.5923587787801233
0.593117001023985
0.5947047332179949
0.5965139651432098
0.5984300145927931
0.5960921499806274
0.5948048710232546
0.5947796073292604
0.5947687586798709
0.5961433688473244
0.5962804958330761
0.5974611020576259
0.5992361168292359
0.6014899834541051
0.6034361637329326
0.6050754798504003
0.6061687659682364
0.6076395012607786
0.6096858036178714
0.6108310931318998
0.6072522248413629
0.6043625219677186
0.6022061437880988
0.6003512777880753
0.599052487399338
0.5996587912213871
0.5995094167390457
0.5990671489679308
0.6000832851303313
0.601758616730979
0.6050654902220751
0.6083169928863955
0.6110156336496592
0.6132411637362398
0.6150106111527884
0.6166075455955773
0.617385811707565
0.6179156823484075
0.6180815267068785
0.6181842562066362
0.6183074193512189
0.6182675917589352
0.6181771848509289
0.6179632355421728
0.6175297698253751
0.6170294769233562
0.6167008321360783
0.6163747936865828
0.6160089871506839
0.6161477050416546
0.6160231792217924
0.6160593198797801
0.6162040316486422
0.6164982121703207
0.6167205348556059
0.6168017163721107
0.6167626464424335
0.6168064016712432
0.616810995895178
0.6168008173103907
0.6168322261003516
0.6166998241681895
0.6165694138004372
0.616408041717009
0.6160657396691585
0.6157956133574178
0.6154203979683259
0.615101343646385
0.6147486683982245
0.6144981544418249
0.6146524732245824
0.6148716893118553
0.6152377628350808
0.6156720346617945
0.6161007615953573
0.6165598273998611
0.6172092416838573
0.6179157582293057
0.6187133825632063
0.619406205575327
0.6199469724817037
0.6203321411514586
0.6207209544382357
0.6211242923608321
0.6216184598313916
0.6220185906275095
0.6223606261777141
0.6227299713215664
0.6231506529969641
0.6234784708955724
0.6237049939230547
0.6239548566686506
0.6242341536471087
0.6246818693276319
0.625119049726545
0.6256629976250214
0.6260982906851612
0.6264541169926002
0.6269192922837465
0.6274071636649279
0.6278265811137763
0.6281214923029885
0.6283605802083437
0.6285306454098039
0.6286393281885163
0.628834803040993
0.6291185735130107
0.6295555665765026
0.6300112927246875
0.6303789114484587
0.6309086850575443
0.631144189281175
0.6313309593118362
0.6318652535038283
0.6324087028493282
0.6328950988096615
0.6333904651666044
0.633783432815096
0.634141233597103
0.6343999055044417
0.6346759487064536
0.6348385219781466
0.6350637117632285
0.6352743052252227
0.6356741960032536
0.6360730829871399
0.6365666011356595
0.6368516366158802
0.6372424264608786
0.6374812418593159
0.6379606825878611
0.6386641339629254
0.6392544530529257
0.6401102482530974
0.6409922609123234
0.6415050871152504
0.6420932517288024
0.6425656772489189
0.6428658884137832
0.6430094708254832
0.6431868214051746
0.6430593470341881
0.6428545320431187
0.6426455043495936
0.6424974763935295
0.6423641109069541
0.6425544999130864
0.6427622020046633
0.6432738925752503
0.6437430133744134
0.644400549319346
0.6450292537629508
0.6455419921871675
0.6458513632936845
0.6464377760956586
0.6468589550415856
0.6465767852918802
0.6466542311459935
0.6468132475280141
0.6472156029701205
0.6476275103573331
0.6481931043381274
0.6488892815524001
0.6496106849393782
0.6503444584627908
0.6509871175038463
0.6516169501071097
0.6510904401491417
0.6506099510007921
0.6500876706910794
0.6498120005850612
0.64982832524765
0.6500418936168746
0.6501149251502495
0.6505107817270049
0.6506911938914904
0.6512102081477857
0.651895707721927
0.6526648722361611
0.6532011209269246
0.6538970685536363
0.6547627706589031
0.6556679781964452
0.6568222292661162
0.657921808129207
0.6589445110757661
0.6602590843213069
0.6615535029041919
0.6626974175930727
0.6637165171634983
0.6642962454423276
0.6647707530390375
0.6652018803846215
0.665748554470843
0.6663307429782389
0.6665692816645851
0.666878197465617
0.6671794920724502
0.6673470190918664
0.6673716510698791
0.6671951612605618
0.6669647474170521
0.6663534753982795
0.665985115139145
0.6654880498533312
0.6652277138185841
0.6645687659494024
0.663588794385099
0.6627014874204307
0.6621551499028113
0.661948821269702
0.6621107527076777
0.6623096740893208
0.6627986069143419
0.6634002486828089
0.6641403345951703
0.6649423676328741
0.6661603897291963
0.667745608199397
0.6693082918785586
0.6704620989138649
0.6715988276881808
0.6728252729829379
0.6740637357782259
0.6754964721580403
0.6767138737817718
0.677872402661267
0.6791092960119802
0.6799680893643475
0.6807931404956185
0.6816348813014791
0.6822651321528617
0.6825692011584007
0.6824582053577914
0.6820650557343183
0.6817402170000754
0.6801968680503951
0.6788746632211305
0.6778861507349375
0.6770434492391372
0.6762207728890888
0.6757592521157898
0.6755367760985325
0.6755789926865545
0.6760835225324046
0.6767011321670332
0.6753946847448512
0.6743964972269599
0.673574980950586
0.6728858064038992
0.6727027064040006
0.673279707097187
0.6742433774977297
0.6758658913883917
0.6782485362065062
0.6801226525362122
0.6819578532616019
0.6828153144633604
0.6833823755388094
0.6840613769756156
0.6844612132429233
0.6848022890915031
0.6852285546616032
0.6859544407545146
0.6872780217124406
0.6890994548790998
0.6908457406231719
0.6926336522136026
0.6944051029683941
0.6957763243620071
0.6952267880772682
0.6944001242997678
0.6930529922969487
0.6916861921967707
0.6910284676016085
0.6894184954853201
0.6882238588969957
0.6874274819758075
0.6870663720431598
0.6859451632143471
0.6844601440334386
0.6832914422174808
0.68255577870768
0.6815472944378004
0.6811249481936353
0.6811860223267883
0.6811915645551726
0.681397399422946
0.6819551148596585
0.6830142822467665
0.6841306748599617
0.6853850460808094
0.6858407890546102
0.686475836167073
0.6871854737817582
0.6882249835093383
0.689586572317047
0.6911166717734164
0.6925114438374458
0.6938343308218716
0.6950198398387913
0.6956564744942754
0.6942468787456395
0.6934325920932753
0.6928290194315905
0.6925386117445982
0.6918229815281846
0.6912340376490015
0.6910430107174552
0.6909965234104883
0.6911536114850486
0.6910608999137483
0.6912253364513234
0.6916003154963052
0.6913834263306465
0.6910256446696448
0.6902891531639833
0.6897891572759016
0.6895716477458904
0.6893152134185152
0.688912396806978
0.688507159708432
0.6883466635220546
0.6881265935986597
0.6879734663533634
0.6880806497137628
0.68861214373751
0.6890177670032689
0.6894207245797677
0.6898923121494622
0.6904535203661484
0.6909779674756746
0.6916076071024218
0.6926292673446854
0.6934832941626337
0.6941475968480652
0.6949289288108713
0.6957319330224472
0.6964131948569653
0.6971772194692678
0.6978378494865873
0.6985013896983502
0.6992363948008419
0.6999811910600745
0.7009031867979231
0.7020424077396307
0.7031944407108113
0.7045495064567606
0.7059307860057115
0.7071280872276918
0.7080428975517089
0.7087157314758225
0.7091881863199871
0.7096264619420802
0.7095770039161303
0.7095064113000066
0.7091937633220293
0.7088044800147522
0.708505118933834
0.7083102913014088
0.7079710643406525
0.7074687048580173
0.7069900777362519
0.7065117991072017
0.7060988629212063
0.7057114715403565
0.7053490030020455
0.7035568663010168
0.701926548596346
0.7002925578338627
0.6989481924576431
0.6982969188666426
0.6969732715977752
0.6952403089276298
0.6936043332841945
0.6928748235558241
0.6922301080702999
0.6920215838810367
0.6923673930426254
0.6930148201157591
0.6939193063745115
0.6948317009872274
0.6958663065069536
0.6970285150372758
0.6983018189220309
0.6995719725205772
0.7016330086587758
0.7037053495618606
0.7060698751230354
0.7081998626646124
0.7104288308801902
0.7125036696171672
0.7144706458531399
0.7162647346735773
0.7179724164108264
0.7197521249915343
0.720919243142932
0.7219175490882223
0.7231018127371678
0.7241156311310588
0.7248994845120421
0.7255350680462304
0.7260838469504431
0.726300506095459
0.7267539001425893
0.7267324087097223
0.7269971075789423
0.7273576609376412
0.7277748678333475
0.7279265766381685
0.7279554016193694
0.7282024852169152
0.7281120232488895
0.7279069761642991
0.7277866404359632
0.7278195763252452
0.7280482181316098
0.7282405754495787
0.7283090033168426
0.7285292725787665
0.7290120036949809
0.7300937123802123
0.7312305779876652
0.7321763119367962
0.7330408345801496
0.7338383300650884
0.7347331888873571
0.7354348277734629
0.7362675554253857
0.7375841613410595
0.7379875964336413
0.7380276775987993
0.7378861457651992
0.7378738084755146
0.7380283737731185
0.7387455234794408
0.7396037536326444
0.7402438169274048
0.7409134032362054
0.7413290331815573
0.741591154735224
0.7418037435330244
0.7417325927144354
0.7417578625130861
0.7421178824583005
0.7423856680621836
0.7427923160246271
0.7432551622101502
0.7439999476133157
0.7444836983623208
0.7449992481297943
0.7455410693158345
0.7461357436933277
0.7470142176692713
0.7481067991591588
0.7483093653748708
0.7490129886034408
0.7497415057761193
0.7510373831710118
0.7523518678681002
0.752897204169737
0.7519926168498852
0.7505829337268253
0.7494329716443727
0.7481073928546983
0.7473709755806397
0.7467122893197939
0.7461452793779969
0.7451128594574568
0.7443681866399455
0.7438015824841553
0.7433299137118442
0.7431369443411051
0.743160106837179
0.7431799498563906
0.7340153624661578
0.7242816307730237
0.7150345964956383
0.71410083995839
0.7115655592718223
0.7079620828990493
0.7036198780085596
0.6988265738941944
0.6937993893070767
0.6887058520751282
0.6836648852984023
0.6787565155000652
0.6740397460870242
0.6695417181797084
0.665297847663188
0.6613221175381852
0.6576072646193087
0.6541482488648747
0.6509404270166455
0.6479876622685009
0.6452659536439722
0.642771341172394
0.6404926001714408
0.6384123655153452
0.6365158533174753
0.6347907805972763
0.6332216056739175
0.6317963412961425
0.6304962116679064
0.6293173765044972
0.6282519315652751
0.6272892867176962
0.6264216310021864
0.6256408334139231
0.6249295937323496
0.6242815614945303
0.6236894520360637
0.6231580238470723
0.6226805583654913
0.6222441953594973
0.6218457927024059
0.6214894877437341
0.6211627142015959
0.6208700686324354
0.6206131844055053
0.6203857422594206
0.6201766156173778
0.6199933989155374
0.6198323918019343
0.6196812159998925
0.6195495695738805
0.6194367979343179
0.619340259631428
0.6192494684469984
0.61916454607482
0.6190928179513219
0.6190340030469457
0.6189781456801084
0.6189323321222256
0.618898033512165
0.6188630791893414
0.6188359299469959
0.6188179882471834
0.6188060603824517
0.6188003981681186
0.6188010667638604
0.618806806991741
0.6188155404041235
0.6188176111868473
0.6188156533148046
0.6188097265391868
0.6188108821478497
0.6188182446846754
0.6188206167539999
0.6188287925818958
0.618831967876122
0.6188417142956185
0.6188565657671631
0.6188749336995434
0.6188970268753563
0.6189217699969586
0.6189490174541731
0.6189806479729042
0.6190164687153019
0.6190538445085073
0.6190966307730975
0.6191403677741943
0.6191889701634471
0.6192265365721948
0.619267975475943
0.6193114761363664
0.6193568599621003
0.6194019116166924
0.619449388869952
0.6194982006160537
0.6195477484382144
0.6195977838125394
0.6196488718320475
0.6197020251968309
0.619756444592138
0.6198020273423358
0.6198488961499835
0.6199004342005301
0.6199522576247808
0.6200025614972248
0.6200545827137846
0.6201098074890479
0.6201658593786094
0.6202227025583259
0.6202807784032159
0.6203391139990952
0.6203995960158022
0.6204592454185456
0.6205190896978302
0.6205822619352139
0.6206465964187966
0.6207099366625688
0.6207737689727889
0.6208368892493582
0.6208886345547023
0.6209437606586755
0.6210001211348345
0.6210458342496231
0.6210958689676238
0.6211472252209759
0.621197719412301
0.6212503013207834
0.6213047450434667
0.6213606329128353
0.6214183782314073
0.6214813782542582
0.621545284848028
0.6216102258902058
0.6216648988246036
0.6217215787686605
0.6217789580566566
0.6218400144679295
0.6219028659047602
0.6219665378666925
0.6220285379642607
0.6220889369943117
0.622151630575955
0.6222155101385647
0.622279487555292
0.6223445555949074
0.6224132717028099
0.6224733463259348
0.6225346787927442
0.6225986855152427
0.6226617480084573
0.622724915081848
0.6227892401123799
0.6228554461612162
0.6229220007822209
0.622987156195988
0.6230512630868741
0.6231147181215401
0.6231763233902382
0.6232392709532453
0.6232995920866816
0.6233481470685798
0.6233875566608564
0.6234285784326555
0.6234711536719791
0.6235176013568811
0.6235655456556098
0.6236133093104789
0.623664251718014
0.6237205225807174
0.6237758319120976
0.6238334476241896
0.6238929652438844
0.6239553081513294
0.6240250580408034
0.6240962600780999
0.6241669388293489
0.6242367524551498
0.6243056347387902
0.6243727680244822
0.6244364528530761
0.6244992296564237
0.6245611211432059
0.6246248203370379
0.6246924979805439
0.6247598528347917
0.6248287026754893
0.6248959696932912
0.6249648583419228
0.6250328322432641
0.6251014859797591
0.6251678641353572
0.6252333492251818
0.6253033860361764
0.6253765972463646
0.6254480505467777
0.6255217895408706
0.6255955671009412
0.6256684681326901
0.6257427602307778
0.6258177791887446
0.6258926754756301
0.6259696319570852
0.6260477681957108
0.6261254791184048
0.626203342064343
0.6262790625738026
0.6263555758318805
0.6264323672621854
0.6265075365392525
0.6265842362046216
0.6266583228629812
0.6267325092918539
0.6268087655207465
0.6268801587027677
0.626952351878844
0.627032569503284
0.6271112888875459
0.6271878726253417
0.6272720931670163
0.6273633428474499
0.6274520931701343
0.6275367536656631
0.6276241768007612
0.6277117181108585
0.6277968543208293
0.6278767728757515
0.6279579956863278
0.6280433905449928
0.6281256991060543
0.6282111522190765
0.628303236881334
0.6283999249550698
0.6284918930458263
0.628584527830367
0.6286748475030349
0.6287660045206701
0.6288625971480504
0.6289597058173804
0.6290540683641733
0.6291469708393066
0.6292342818478919
0.6293228524304363
0.6294089555060738
0.6295045997724137
0.6296025938127687
0.6296982978071278
0.6297944496878316
0.6298850476237112
0.6299765355108256
0.6300652534024217
0.6301531529412637
0.6302408017425397
0.6303291218546243
0.6304205989128154
0.6305173707458349
0.6306203464589103
0.6307227799730005
0.6308339633360568
0.6309523236037325
0.6310672439691559
0.631184835079742
0.6313083341191674
0.6314291390032162
0.631552545981164
0.631673982966993
0.6317990052075987
0.6319242947530984
0.6320500597954327
0.6321721509224354
0.6322981136378152
0.6324166510994033
0.6325338334831517
0.6326511927920714
0.6327664944869283
0.6328901587926451
0.6330130196583196
0.6331324405366621
0.633250670831113
0.6333707369357257
0.6334897817955774
0.6336088383225835
0.6337277180758988
0.6338485933710805
0.6339646753610909
0.6340789163942302
0.6341910221526198
0.6343097566925626
0.6344329293262093
0.6345560728144651
0.6346825694672489
0.6348082136660057
0.634945370899153
0.6350812204110464
0.6352187430274024
0.6353569962304326
0.635489702790706
0.6356310800065857
0.6357707131436828
0.6359159835004087
0.6360664376488211
0.6362195590459243
0.6363797187989632
0.6365376343045679
0.6366980462699632
0.6368592739302942
0.6370273014797216
0.6371965364565547
0.637372483217949
0.6375496407333161
0.6377253917390573
0.6379003461440833
0.6380687820661851
0.6382322217794433
0.6383955591072519
0.6385590380749688
0.6387185282051097
0.6388762941471997
0.6390306778342205
0.639197141964244
0.6393626962806004
0.6395308738801095
0.6397077513416611
0.6398971279735691
0.6400787992029379
0.6402434144287019
0.6403984928536544
0.6405593408690744
0.6407223004885195
0.6408862441259273
0.6410492955820866
0.64121575395827
0.6413913448150879
0.6415648954510221
0.6417301366682955
0.6419007129030349
0.6420688292818253
0.6422405045620357
0.6424132726459039
0.6425863041949984
0.6427576419207188
0.6429248867752096
0.6431067300439186
0.6432950414707873
0.6434924397099576
0.6436945199539413
0.6439065796793035
0.6441102346845083
0.6443070678208458
0.6445011164098149
0.6446846126304729
0.6448773870349991
0.645067877068819
0.6452456403521529
0.6454241774178759
0.6456057239335224
0.6457989967733467
0.6460259181750558
0.6462506637021407
0.6464828803044831
0.6467122110466482
0.646946679861336
0.6471793263080866
0.6474090706591817
0.6476440250079198
0.6478875713316284
0.6481239427416832
0.6483627267822446
0.6486050099476058
0.6488398154714875
0.649071326224069
0.6492940960735806
0.6495257534397907
0.6497587900735065
0.6499889898095622
0.6502173394335546
0.6504535597157212
0.6506935831880689
0.6509338026644644
0.6511783755178995
0.6514261701649844
0.6516790003162137
0.6519446084879968
0.6522126228573831
0.6524794122605172
0.6527469544827136
0.6530020838636548
0.6532682026346149
0.6535385202050973
0.6538088280352392
0.6540727955163008
0.6543251029006896
0.6545766850353397
0.654843864057856
0.6551036975970983
0.6553557528154724
0.6556184625958282
0.655878085719093
0.6561377487760026
0.6563808475725267
0.6566401221717766
0.6568922247653666
0.6571245861514937
0.6573709177832601
0.657618734738222
0.6578607477652889
0.6581041144815053
0.6583544021462773
0.6586012617296377
0.658828435503908
0.6590698265566823
0.6593156386438008
0.6595609118318254
0.6598170608607358
0.6600650785801708
0.6603175509635025
0.6605806417557438
0.6608648300145661
0.6611439472094939
0.6614402088051778
0.6617206982770052
0.6620054238008309
0.6622943720405022
0.6625891353546062
0.6628642255256593
0.6631664709747362
0.6634692647587893
0.663735739750063
0.6640097421163744
0.6642870897050189
0.6645529258273113
0.664819196966705
0.6650914599587687
0.6653578803056442
0.6656110925647023
0.6658634422842418
0.6661349479365721
0.6663881564955035
0.6666502811174433
0.6668967446319122
0.6671615613754066
0.6674175612823392
0.66768579129071
0.6679434640679677
0.6682072567383196
0.6684668269252896
0.668730006404777
0.6689793622210685
0.6692273869348282
0.6694995050748002
0.6697628676132048
0.6700479639864693
0.670322089537917
0.6706238215124709
0.6709131868377346
0.6711953408569457
0.6714736919536664
0.6717429181674863
0.6719963831092377
0.6722522570011076
0.6724980318294054
0.6727365048850888
0.6729605323129887
0.6731814818962554
0.6733737076141224
0.6735503381869612
0.6737528434886333
0.6739534348542837
0.6741738087576088
0.6743940458348474
0.6746488451113213
0.6749279762570778
0.6752337958069533
0.6755303710841838
0.675826869068824
0.6761082113983877
0.6763895680497148
0.6766838560071152
0.6769582322090546
0.6772160118816771
0.6774792368873818
0.6777096552368378
0.6779393289916736
0.6781436185012744
0.678365443303224
0.6785932405420166
0.6788301217394315
0.6790495698439618
0.679245518158942
0.6794735074663764
0.6796830267599264
0.6798925629211247
0.6801008101683333
0.6803006810201053
0.6804763272577414
0.6806361132337321
0.6808398759081092
0.6810145832991654
0.6812372195527686
0.681486939265862
0.6817530033681514
0.6820138687019868
0.6822812218159167
0.6824798830667281
0.6826765836080184
0.6828398970763302
0.683009466171292
0.6831936377681407
0.6833701082301205
0.6835507670199134
0.6837051274646863
0.683879508576761
0.6840764732661136
0.6842820695614945
0.6845122112339861
0.6848004266892826
0.6850801362632797
0.685368162083006
0.6856582424041368
0.6859984884209979
0.6863376245543026
0.6867036988230918
0.6870400135557465
0.6873636543383764
0.6876992147105135
0.6880247924956653
0.6883146557089475
0.6885597738271624
0.6887798259813753
0.6889601506397175
0.6891352931860506
0.6893313891307363
0.689517257642512
0.6897267568153855
0.6898971458449632
0.6901387025442206
0.6904078545929284
0.6906851961692104
0.6910318446255664
0.6913807616490989
0.6917557599880331
0.6921505144235395
0.6925016187023733
0.6928555419033554
0.6931921652684232
0.6934838734540187
0.6937629962976487
0.6940941155983141
0.6943682927811191
0.6946842121915301
0.6950925573269922
0.6954691253701422
0.6957926569932089
0.6960817696819107
0.6963562988290641
0.6966033394716419
0.6969183799014743
0.6972315431567561
0.6975983548877442
0.6979794933883999
0.698366661497627
0.698728138911885
0.6990978197578139
0.6994625109926901
0.6998688626129518
0.7003027356545692
0.7006945797343481
0.7011697186020903
0.7016414446501396
0.7021561551117625
0.7026260773138795
0.7031070383529268
0.7035466571627244
0.7039768982495418
0.704432783284927
0.7048599988248455
0.7053623594856399
0.7059688296418012
0.7064443547509188
0.7070156211301756
0.7075604842030425
0.7081066247876969
0.7085756487674486
0.7091360640138901
0.7096012519725039
0.710018608204712
0.7104660781914472
0.710927857170903
0.7113197630890976
0.7116421508969464
0.7119217945832734
0.7121777227541537
0.7123255397560446
0.7124721400328619
0.7126218825542165
0.7129636682133939
0.7133765048807521
0.7138000944519549
0.7141942005853503
0.7144962588344174
0.7149471302741741
0.7153406489083125
0.7155869994290192
0.715971081341892
0.716441582720822
0.7169692884593425
0.7175304484912313
0.718032713764134
0.7184497619253638
0.7188078807284342
0.7190457259212655
0.7193355831332141
0.719766600761984
0.7202543674770736
0.720731392676574
0.7214621197205144
0.722253933043369
0.7231345894137465
0.7238789630442201
0.7245540248257007
0.7252428033823415
0.7258928164255142
0.7263600607348066
0.7270908323193284
0.7278550797441281
0.7289151052136698
0.7301690443165924
0.7316077269876226
0.7331202793504267
0.7345961801124782
0.7361158410092853
0.7374087536761076
0.7385821579265457
0.7394978055434493
0.7407914960670219
0.7426326594247454
0.7445939442171217
0.7462370027940664
0.7476569853808235
0.7487668809001344
0.7497737881358152
0.7507059975300966
0.7516060582753793
0.7523557866578021
0.753685145121762
0.7548051416882335
0.7561001245579613
0.7574545018165466
0.7583732543362596
0.7599182458381974
0.7614067153634658
0.7626231865544592
0.763432781493985
0.7641391974919008
0.7649181394168247
0.7664495215394511
0.7678194732413446
0.7688113358768217
0.7701552349289333
0.7716489413371727
0.7732813996206935
0.7758264997642476
0.7784938231994603
0.7811065136556945
0.7843066736852197
0.7866599981831405
0.7885941013989636
0.7899578215719635
0.7911232049967704
0.7921138776936172
0.7927214655367087
0.7936458324535778
0.7943629122216224
0.7949013984136535
0.795256370905871
0.795324329175065
0.7950808955719071
0.7945459273474558
0.7942209443327517
0.7939443683360804
0.7938901670338091
0.7938638684894249
0.7941740500982405
0.7944040707374741
0.7946962458523842
0.7958109160856242
0.7973479030349389
0.7989874446102083
0.8004253107802513
0.8013666541893991
0.8023035420893193
0.8044205125244208
0.8060114121284216
0.8074058813111314
0.8084777723172907
0.8094057212717175
0.8101155686407687
0.8107832048675593
0.8114897589411701
0.8118717791496308
0.8123827427535695
0.8132457528981827
0.8139693594318573
0.8145517436468789
0.8148873606177103
0.8150390895348122
0.8154434801360447
0.816467178420072
0.8172121983044178
0.8179916377700279
0.8187129858718052
0.8200470079165124
0.8211799963599701
0.8221838906152925
0.8231471134026622
0.8240825375435683
0.8248471862159448
0.8252521044191565
0.8254699886351111
0.8259645307600054
0.8262477401326799
0.8265744024774744
0.8269512868525744
0.8271744946189107
0.8272864521589572
0.8270086534231538
0.8266473184203063
0.8260275564449661
0.8255107815487818
0.8251192650772896
0.8248066901907494
0.8247151460792232
0.8256173102075625
0.8265529377716485
0.8274213612989576
0.8282532168818459
0.8291379265074399
0.8299363678623666
0.8305110937296926
0.8310784185271899
0.8317011600384889
0.8323768538139759
0.8337167414043636
0.8349719366930567
0.8360001810435062
0.8371118616854648
0.83824268999353
0.839171930528968
0.8397881011761016
0.8403365343545735
0.8408120624899972
0.8411126497704788
0.8413376651350727
0.8412357582268616
0.8412526317861901
0.8415062180643399
0.8418907974314902
0.8421041164116546
0.8431087434307171
0.8437842516669127
0.8442261529002595
0.8446138771639039
0.8460760723775766
0.8478832109994573
0.849415063675433
0.8506911784285466
0.8519209734332691
0.8531255947241542
0.8544710835471592
0.8567072085623876
0.859008019063782
0.8613211418396196
0.8633828369477087
0.8660434863563417
0.8685014026722887
0.8720424005222097
0.8763674042683417
0.8799402048864162
0.8839814498476064
0.8878879282550363
0.8914206262851642
0.894352612396764
0.8972183643078554
0.8998352193838943
0.9020792150834633
