0.014494636460696642
0.019575411426090386
0.024295006404162368
0.025901638398704324
0.025281618757478485
0.023969217126737608
0.0234376310222609
0.021691378496170418
0.017841664988884523
0.014413290900166324
0.010271649525349202
0.006497673256481117
0.0028698340365552804
0.0036187043222919144
0.007512933980044075
0.011034081347534457
0.014164664816117995
0.01756147435501717
0.021218762583925993
0.024682430016748448
0.029100076074486312
0.0347303541349796
0.040222355710972
0.04563365442029856
0.05038704184977267
0.0544949494597052
0.0582455870633509
0.061647004919232314
0.06513695923708336
0.06928490879599382
0.07330836467368403
0.07723441687766326
0.08183246246110101
0.08664193208358399
0.09151851939527629
0.09666391325370109
0.10210591808079236
0.10672442480722796
0.11154289219630993
0.11650085794087253
0.12094112113276537
0.12557081167266307
0.13025588982595857
0.13534950091624584
0.1413482455831348
0.14689551146087676
0.1521412996620118
0.15864041747968635
0.1648187908519927
0.17129407958290907
0.17729675056410932
0.18266546421618884
0.1877111756969658
0.19233646438487795
0.1970445088929087
0.2017996012505726
0.20701035765206177
0.21123510064768922
0.2149900982593695
0.2191003753612557
0.22297319705584942
0.22551738010050987
0.22906721760179022
0.23249451076982863
0.23542190671241536
0.23803534865972784
0.24033948459781837
0.24327633258721623
0.2459898374727781
0.24861597040338945
0.25066477271221177
0.2523812513385425
0.2542014833794392
0.25584067868884086
0.2580683225871372
0.2598296964027982
0.26185792455407697
0.26418652346221944
0.26730245964014915
0.27092122440453476
0.2744907507629368
0.27767175495036256
0.28054641006466385
0.283549908422339
0.28745672656213306
0.29077743026377995
0.29452195631700445
0.29771648608584284
0.30081516171967776
0.3036798826768945
0.3065541163543813
0.3090685556219695
0.31192615979159816
0.31484379571311333
0.31796981203370983
0.3220760085918196
0.32618150963916576
0.3299724599713875
0.33399574623804484
0.3374297625481226
0.33989217437147784
0.3428844238412655
0.345719542237791
0.3482843369595219
0.3504074555012811
0.3522880461212291
0.35402954330311875
0.3560329232298798
0.3581546735198509
0.3603386337819691
0.3631370607835089
0.3658300117571615
0.3687040495630426
0.37214750698414373
0.3756470908013829
0.3789941819666364
0.3828599671487367
0.3870537121639515
0.39057342778857335
0.3941663848852508
0.39831642316840266
0.4025856646458084
0.4064774946449939
0.4094119342661378
0.4129658379650907
0.41679745598794604
0.42061849362117626
0.4240981583308554
0.4269925470276861
0.4300021793216467
0.43309070293348884
0.43647442347663595
0.43994995724615593
0.443040448198147
0.4452701181590731
0.44812868346474916
0.45100930029018693
0.45416415373930824
0.4573860939830795
0.4606508615511958
0.46342702387637286
0.46566510987725473
0.4679719056050347
0.47034877051848384
0.473594159587552
0.47664259739387865
0.4800544667139595
0.4822605476746152
0.4847265152584557
0.48698316296114585
0.48906484575865605
0.49078761379522007
0.49307164610001347
0.49597261215492555
0.49787780633998957
0.4994173884982706
0.5013616047413548
0.5026522251939428
0.5038717334590893
0.5051418357466431
0.5049655592495249
0.5048364525005857
0.5035799453623925
0.5015298448501013
0.49982887477873333
0.49839255568664137
0.4969979851815415
0.49569398017115923
0.49526149468747105
0.49498116954190935
0.49523462416547503
0.4971529830210188
0.4984111734873356
0.49957662150255655
0.5017357573907596
0.5040452488887167
0.5063859416042157
0.5088505273568753
0.5111776621567892
0.5134543339454813
0.5148839590874797
0.5158756478884992
0.5157687627475426
0.5157518183560973
0.514527923198953
0.5142802934079723
0.5141673162465888
0.5142734764510305
0.5145437538402587
0.5135235864878633
0.5126000720264753
0.5121576040140572
0.5116695249629597
0.5114142031537322
0.5117489870159107
0.5120784511410921
0.5121189980512798
0.5122405936724688
0.5122401306553686
0.5120768896146176
0.5118465571681763
0.5113933413921072
0.509815956943068
0.5081181374924485
0.5068491292395993
0.5059870553161177
0.5050284159825076
0.5046694574657745
0.5044028823439115
0.5042985445876192
0.5047771019510995
0.5054492137540543
0.5063781821019677
0.5073831349391584
0.5075136853901476
0.507918902988057
0.5091169945614316
0.5102651211599412
0.5113090293991025
0.5125224396076868
0.5139076010496171
0.5136836914877305
0.5133243010898614
0.5128632102407319
0.5124423526755176
0.51180633693437
0.5108707211110427
0.5100429843629509
0.5091246199952293
0.5082928508516898
0.50747991077882
0.5066949401888605
0.5062735127712538
0.5058634820809761
0.5054970011252597
0.5051617596140044
0.5049231461322341
0.5049786234817807
0.5055089185166237
0.5059860789293796
0.5063101929010866
0.506593799698618
0.5071073658867936
0.507665766124168
0.5083322299621307
0.5091790868248162
0.5101388992780441
0.5108828032400344
0.511629238036135
0.5121764453044538
0.5126005589181747
0.5130141467700313
0.513424106842653
0.5138382020384149
0.5141277090362203
0.5144179559868053
0.5149047973096164
0.5152813130906987
0.5156242853694367
0.5158661571139441
0.516067894479402
0.5163998519208195
0.516514698665748
0.5169971015838715
0.5174076187301072
0.5176856864320709
0.5179864569258199
0.5181095220011469
0.5182308089254195
0.5182935069003091
0.5184084109791955
0.5183566183573393
0.5183452225397014
0.5185250668481478
0.5187409230293493
0.5188208051461898
0.5189601513766199
0.5191357643470368
0.5192449858891666
0.5193197459882827
0.5197784992767729
0.5198442369767298
0.5199824875025574
0.5201000119430097
0.5204963461545782
0.5209559978260124
0.5213344955915158
0.5214906427391882
0.522017214997841
0.5225790732856176
0.5231484012847628
0.523677206859619
0.5242554566476825
0.5247489601270292
0.5251680142527589
0.5255574937501223
0.5255877400459297
0.5258311395329418
0.5260640663220622
0.5262809275445491
0.5265056520531229
0.5266235980496116
0.5267995190715267
0.527190421808747
0.5273709533159892
0.5274898234783902
0.5276300881772482
0.5277982979418796
0.5279302907318366
0.5278247013140812
0.5273114261616664
0.5269194439284844
0.5267158050020587
0.5265972159956376
0.5264034334917174
0.5265947936916331
0.526863037767519
0.5268749571444435
0.5268864387605646
0.5268498076113318
0.5267925876132944
0.5267696242543422
0.5269752968338943
0.5273889733468524
0.5280230205613559
0.5285952407402608
0.5293429705463573
0.5301701851204504
0.5307580432652081
0.5315307917818771
0.5324271331364587
0.5335532478760981
0.5348791812056742
0.5362411171230125
0.5375130054722105
0.5383056002936225
0.5390630483840382
0.5396868945681502
0.5401970202449584
0.5407362116105402
0.5411564095701991
0.5417137731921058
0.5422819324914107
0.5431615525773779
0.5439169855858318
0.5445953710117963
0.5452775016919074
0.5460554492686117
0.5468580002901168
0.5476250358271008
0.5486440028584927
0.5493807121481887
0.5499090588379303
0.5504256700985842
0.5499024321612618
0.5495820684457283
0.5493093487845218
0.5489267652560619
0.5486601160692716
0.5483526106061628
0.5483852137307219
0.5482682692413237
0.5478216512190679
0.5474031547398004
0.5469936046593707
0.54673068882349
0.5466451973534545
0.5464935597202727
0.5464841722794773
0.5462541428956111
0.5460735162506573
0.5461275891320269
0.5460967910833068
0.5454975370864017
0.5447153993354286
0.5442658627222882
0.5423231111744724
0.5404879352697987
0.5390552927350949
0.5379385605383388
0.536843491226796
0.5354233938955968
0.5342651435916786
0.5334080389533307
0.5327132658676329
0.5323617465932908
0.5319760136867216
0.5313833314071356
0.5311027715876432
0.5310251488819737
0.5303410265934342
0.5296995924403223
0.529406270990881
0.5294597963024877
0.5293639409911194
0.5292294540727615
0.5290038451360449
0.5286776378765959
0.529297170576566
0.5299033667454414
0.5293620842350547
0.5295714884016418
0.5298296701460408
0.529799903935882
0.5298173913619696
0.5300621279931629
0.5303860051435583
0.5308507028164041
0.5313312352780023
0.5316378444647346
0.5323576921236197
0.5331098231298236
0.5346135468993232
0.5356208185618371
0.5354033893325008
0.5352215627043098
0.5349818697467763
0.5349185758111801
0.5348943401800842
0.5352345344229764
0.5357401841132567
0.5357170342707303
0.5356927996757368
0.5356580527862423
0.5361390868802884
0.5369244624905224
0.5376661896930442
0.538302842447081
0.5388925412636691
0.5397823095962886
0.5402921546668353
0.5406922680995797
0.5411255318496402
0.5415454136422764
0.5417433425811944
0.5420654696135971
0.5423174263275428
0.5424088476948556
0.5421192235785685
0.5419375907001948
0.5417430435277036
0.5420185220726981
0.5422931114042319
0.5423829283204626
0.5467773242423123
0.550781795766011
0.5545262239603794
0.5581782087449308
0.5613363336806847
0.5641558762160901
0.5667183677821314
0.5690265877681873
0.571189571614225
0.5731478307663104
0.5746365197656375
0.5761002072757239
0.5774754305405388
0.5789027828916515
0.5800865255674745
0.5812048181158125
0.5822261675124004
0.5829548987597484
0.5838969934413409
0.5848276735491851
0.5858475515333412
0.5910335178088256
0.5955373919212956
0.5992743217430845
0.6024832732811687
0.6054166570119395
0.6079816458741658
0.6102218322588518
0.6122499676484258
0.6140021022856929
0.6155435940706758
0.6169645062254426
0.6184191274910589
0.6197441678897404
0.62081472975424
0.6217169609239921
0.6225107435591953
0.6232270160724973
0.6237737521248151
0.6241838241499409
0.6245782226751816
0.6246541148092417
0.624738277605953
0.6247852843188796
0.6248594611066675
0.6249780329640606
0.6251938736691031
0.6255246192400424
0.6258479609842852
0.626159406027245
0.6267423414016606
0.6272731712296352
0.6277504962326463
0.6282388465211278
0.6288001543544134
0.6293064638646922
0.6298193292621416
0.6303850750117048
0.630984334388124
0.6315886010601683
0.6321607225026726
0.6328968336266273
0.6336299890494551
0.6342975555630664
0.6350316794790127
0.6355846039691727
0.6362815494564031
0.6369711567356836
0.6376853060739484
0.6382989880332632
0.6389773950052731
0.6397089839699195
0.6409013325486487
0.6419902348600396
0.6432472960742066
0.6443644459568371
0.645760519226712
0.6470360921307099
0.6481386665692559
0.6482582533876433
0.6481877403482008
0.6479389303539947
0.6475546757274662
0.6470974300308706
0.6465598744114495
0.6461073488464347
0.6456975338995392
0.6453041293800217
0.6448955085838678
0.6445267803401914
0.6440202102944282
0.6435415219339996
0.6429493112307884
0.6424244331630239
0.6420806264843881
0.6417969778906032
0.6414797126100596
0.6411218368287335
0.6411620043934585
0.6413380533651276
0.641592880053793
0.6418912099658932
0.6422321887945807
0.6425205446357627
0.642886772426586
0.6432548888898469
0.6436109108874306
0.6435473799077922
0.6435478247822113
0.6434942461489629
0.6433723820081235
0.6432809698091213
0.6432499028373585
0.6432690621634631
0.6433484069556799
0.6435126792161442
0.6437602399958733
0.6439709305625418
0.6442162486011558
0.6444604157158549
0.6446821033907586
0.6450331654844833
0.6455176395057578
0.6458802141267693
0.6463883574441398
0.646817802958063
0.6472838050734839
0.6478506039644316
0.6484152238881183
0.6487107234821174
0.6488011084274735
0.6487595179116614
0.6487290848068962
0.6486940865441919
0.6486047639641215
0.648549180921613
0.6482195673760865
0.6477581793043031
0.6474178159077856
0.6471571515317847
0.6470447012966645
0.6468707935471371
0.6464171489014308
0.6460670807367443
0.6457270765593155
0.645410116100468
0.6451188237481826
0.6448566776657059
0.6446754735733782
0.6436557475166952
0.6420323726552991
0.6376848882459116
0.6331594924890781
0.6283470216725523
0.6235936738334755
0.6190335386260636
0.6146265502883445
0.610432736348544
0.6064653576197153
0.60276250621608
0.5993036323731638
0.5961054368391427
0.593151238602658
0.5904283952609317
0.5879054474745117
0.5856215387132183
0.5836130570489805
0.5818507295257039
0.5802258867657202
0.578778792095359
0.5774628380023793
0.576251035814469
0.5751764538510101
0.5742035285846173
0.5733296048263317
0.5726168240763724
0.5719998363437471
0.5715241565010275
0.5711099718575681
0.5707233306603339
0.5704314960366454
0.5701289751717934
0.5698779833032511
0.5697812518912221
0.5699109808232325
0.570065565733607
0.5702151622891171
0.5703798146135112
0.5706782621642765
0.5709362654645461
0.5711877145896128
0.5714363460454283
0.5715894425232605
0.5717932333002097
0.5720048218406025
0.5721984008580796
0.5724265833582615
0.5728756607726562
0.5732845532138161
0.5736040032073865
0.5739277440023947
0.574280600794671
0.5746197768933438
0.5748599646767324
0.5750603334164001
0.5753989953299978
0.5756585103964725
0.5758857488776162
0.5760636216074828
0.5762290899556084
0.5763905308900819
0.5765281665184914
0.5766581887860088
0.5769676624212156
0.5772219580260807
0.5780879225290838
0.5788492333151123
0.5795110088366181
0.5801073782108013
0.5806329971579026
0.5811739257147587
0.5817093927755675
0.5821826826815131
0.5865069382650954
0.5902890122554526
0.593519485006353
0.5963763729029593
0.5988382356347518
0.60097380842228
0.6028527903337431
0.6045574788363118
0.6060611172355431
0.6073746234338439
0.6085319196207398
0.6096776712591531
0.6107117665581353
0.6116218974737582
0.6124381610056632
0.6132264824079627
0.6139185430709756
0.6145528945342039
0.6151031736912234
0.6156079251743961
0.6162803045985661
0.6169044275193313
0.6174904867267281
0.6180695172749302
0.6186066996126827
0.6191007123157425
0.6195696367954074
0.6200435293622727
0.6205103446300455
0.6209164616916117
0.6211529757663576
0.6213587496497894
0.621535824223404
0.6216984685216468
0.6219647222217572
0.6221139314408307
0.622264618401417
0.6224262404528242
0.6225572905276912
0.622750430700913
0.6228971773801851
0.6229861240780528
0.6230790551197011
0.6231947796962906
0.6233277062138949
0.6234575427155877
0.6234340504378126
0.6234351897009092
0.6234182184800042
0.6234252207540341
0.6232569035231108
0.623107393044185
0.6230250685101761
0.6230355609457957
0.623003105852075
0.6228462412628786
0.6227636185178196
0.6226570558075326
0.622543889932992
0.6224100497748977
0.622316546561631
0.6222410291802027
0.6222057978712736
0.6221820458389685
0.6221653631855895
0.6222136758588273
0.622295335947251
0.6223697175499131
0.6228319187297231
0.6232478313249986
0.6236274806863582
0.6239647168834833
0.6242788583893595
0.6244865526591501
0.6246676736125931
0.6248053178627152
0.6249451381036732
0.6251091356624797
0.6253649422831015
0.6256141221957237
0.6258521506934334
0.6260660186274501
0.626234788409578
0.6268495380692926
0.6274912726974592
0.6281031477246826
0.6286486886498946
0.6291350118407388
0.6296012756856242
0.629971793786732
0.6302528325508956
0.6304621562278656
0.6306535033158753
0.6308514004463911
0.6310182305951977
0.6311282671054828
0.6314986940830967
0.6318697137766222
0.6322285719854828
0.6325067932258505
0.6327607577022998
0.6329811849767151
0.6331835280697742
0.6332906582483534
0.633392945922731
0.6334969084385403
0.6337438926535242
0.6339089208383519
0.6322878792219985
0.6307119599763863
0.6292241389732655
0.6277808350132527
0.6264378198414368
0.6252092859822223
0.6240736042280779
0.6229957610106674
0.6219413925890196
0.621009348430467
0.6200662285034723
0.6191951143495432
0.618407907759188
0.6177103382464423
0.6170575426486157
0.6164426719877663
0.6158771913941429
0.6154101251650391
0.6149545914668149
0.6145857866273599
0.6141220248196803
0.6137869738899808
0.6135378910419821
0.6133205000492852
0.6131649203305969
0.6130028275377372
0.6128651728028115
0.6127881382146813
0.612760603068538
0.6127428094856019
0.6129267807268709
0.6131282915727433
0.613305567342042
0.6134890524196666
0.6136604169990404
0.6138162646291276
0.6139690970806727
0.6140936838772503
0.6142757664675682
0.6144461302356335
0.6145111737382952
0.6145484198678833
0.6145682806600621
0.6145796779444044
0.6145907924972813
0.6145951857466702
0.6145900270189151
0.6145131518987424
0.6144900253484686
0.6143623101048147
0.6142316012673796
0.614179087576558
0.6141574919067424
0.614139730951194
0.6141973485665808
0.6142389735343821
0.6142903264529442
0.6144257917740755
0.6145782594933095
0.614740548845156
0.6148845753935464
0.6149942150789852
0.6151632470673967
0.6153758946046851
0.6156076620463563
0.6158874444514681
0.6162143718940879
0.6164703562667653
0.61668116916075
0.6168819403330008
0.6167362883640359
0.6166144217736061
0.6164545185753099
0.6162992556416639
0.6159803617473066
0.6156377102325125
0.6153200772463373
0.6152601561527673
0.6161615364238283
0.6169736082282391
0.6177488550362034
0.6185039894618246
0.6187730506511299
0.6189827502998674
0.619157239224022
0.6191431348248159
0.6190927639286473
0.6190472355553132
0.618945218256924
0.6188327585973008
0.6188531795804711
0.6188890817997388
0.6188758380041898
0.6188987012549224
0.6189915173668057
0.6191741492152184
0.6184687240699815
0.6176685519961667
0.6168945021269491
0.616178795869832
0.6154961606553992
0.6148949585641628
0.6143788180073336
0.6139165584103615
0.613462302290526
0.6119197777014882
0.6106106159463421
0.609453802366078
0.6084044460006994
0.6074684952571091
0.6065766308035432
0.6057434153730157
0.6054356909475282
0.6051731635498042
0.6050385828819711
0.6050284789018675
0.6050429285694376
0.6050350729255356
0.6050220661063793
0.6050228573216109
0.6050266306592081
0.6050125187905031
0.6050785726973253
0.6051386545129793
0.605263468568611
0.6053315283858888
0.6052919652298581
0.6053312369568887
0.6053351499998255
0.6053444178990082
0.6054170517369772
0.6054905196643667
0.6055548709451363
0.605613825308497
0.6056904701084223
0.6057440085330635
0.6057417310659069
0.6057240664907015
0.6057011459731494
0.6056748676190018
0.6056872111825679
0.605678514636259
0.6056446455684955
0.6056640573061003
0.6056424033099695
0.6057549052455716
0.6058518057563158
0.605881442111378
0.6059361133717914
0.6060548533365387
0.6062050932845215
0.6064082342078557
0.6066618333882795
0.6067943907928656
0.606866046024543
0.6069337125293712
0.6071697596611909
0.6074054479261145
0.6075625789852473
0.6077044451347093
0.6077866577700756
0.6077839795138433
0.6077769831812536
0.6076556345138168
0.607517070803098
0.6073559665381338
0.6071661508634644
0.6070175554894751
0.6068733906267101
0.6065842761006757
0.6063453327673196
0.6061351318968894
0.6059803150057761
0.6058298208797487
0.6056953450412151
0.6054840384044393
0.6052976565107367
0.6051217842107702
0.6049538024012695
0.6048227449074562
0.6045286451705515
0.6043628408811585
0.6042951914001298
0.6042232622632293
0.6042210393766861
0.6042351810872563
0.6043753299722356
0.6045347618176719
0.6046830351377213
0.6048288559208872
0.6049873985794523
0.6050650503513347
0.605219742479634
0.6053730891207303
0.6055177370696323
0.6055926134998693
0.6056721610562629
0.6057757561064758
0.6058975033093623
0.6060668043635671
0.6062332664137385
0.6063829075769304
0.6065231566434849
0.6066937660723615
0.6069176584271331
0.6071098088682996
0.6072056497073255
0.6072366128373825
0.6072553142320114
0.6072668499505528
0.6074327802989952
0.6076408042057887
0.6077962216816588
0.6079086055798221
0.6079804888160281
0.6080926963984944
0.6081554504815457
0.6082095511107148
0.608259349050259
0.6082702705383447
0.6083860447432371
0.6081772751505748
0.607994813525758
0.6077884389459555
0.6076583175756356
0.6076129247015479
0.6075860652098565
0.6075729553733809
0.6075933273427989
0.6075275570543472
0.6074834295526564
0.6074364679665868
0.6074049326797969
0.607329165387512
0.6072469725527432
0.6075689609179106
0.6079292074130478
0.6078792670216323
0.6078160885567665
0.6071618324573015
0.6065066968882444
0.6059102213878794
0.6053760437368162
0.6041103931133988
0.6027938170658493
0.6015374953703984
0.6004280258627734
0.5991483399100732
0.5977327000858003
0.5962160634540536
0.5946706812314828
0.5931509941418529
0.5916627480535191
0.5902392589281638
0.588888193270309
0.5876189449772784
0.5864049909527602
0.5851875810994027
0.5840632795429372
0.5829877841267549
0.5821697143214835
0.5814259538025514
0.5808085970697414
0.5802225577446324
0.5796887739717739
0.5792109204587461
0.5787557534492997
0.5783286749875625
0.5779673170480225
0.5776661549590563
0.577413124160356
0.5771932863614876
0.5769686742081397
0.5767983619377378
0.5766410092142281
0.5765105929703503
0.576407407064693
0.5762914719964802
0.576193942148797
0.5761349550668553
0.5761168340518522
0.5761192501457923
0.5761389508799424
0.5761836504456957
0.5761802317339353
0.5761458455971501
0.576090897193487
0.5760365855547109
0.5759974873116688
0.5759631248380556
0.5758832139149613
0.5757943467258516
0.5757135603118702
0.5778948296763677
0.5798481690803384
0.5815907197954614
0.5831597599597966
0.5846308706674624
0.5859695023673105
0.5871330363238471
0.5881978432531143
0.5891584352116598
0.5900085902379394
0.5907155737922559
0.5911408649271335
0.5914769605489737
0.5917712001871389
0.59201736774298
0.5922540855024546
0.5924552584196828
0.5925739364119663
0.5926663307405529
0.5927354373395624
0.5928195982296025
0.5928926444292425
0.5929733167910681
0.5930639605529343
0.5931444551633744
0.5931499312714376
0.5931433567035282
0.5932631004513075
0.593388908574406
0.5935356442836169
0.5936612269181628
0.5936578313624027
0.593672371185953
0.5941874904003598
0.5946464335233481
0.5950567595684163
0.5954352194827843
0.5957762457916124
0.5961629676559544
0.596567380206075
0.5969262860854069
0.597222775135765
0.5975075999787811
0.5977418182405849
0.5981640325375617
0.5985631376145538
0.5988982947640242
0.5990479782562156
0.5992193403864895
0.5996432553781306
0.6000476453394109
0.6004132371592754
0.6012481419600032
0.6019159080468445
0.6025132245829937
0.603049847173759
0.6036545139273862
0.6034339238567163
0.60321742425937
0.6029745026472502
0.6027479051589946
0.602525241170498
0.6024255004456855
0.6024290161392186
0.6026139781360645
0.6028118026017133
0.6029510848128822
0.6029095150156986
0.6026581321692202
0.6023966363515152
0.6021856009705364
0.6020331079798845
0.6018747982579431
0.6019292085784334
0.6021282714707333
0.6023119811852908
0.6024605342461415
0.6025934272803669
0.602724134244775
0.6028413880869384
0.602936488221368
0.6030372560212133
0.6030850957233244
0.603125544286384
0.6031383787088338
0.6035220864696357
0.6037627011644836
0.6039872314131822
0.6042785145618387
0.6045448782547638
0.6047898381790249
0.6049786009600642
0.6051308092353744
0.6052716980960773
0.6053880404556835
0.6055274489656104
0.6055689386429384
0.6060964408132431
0.6065563493609352
0.6069746454458699
0.6073705660552154
0.6076393215525339
0.6079048212022996
0.6075240172807069
0.6070938518390923
0.6068115607286917
0.6066299132182061
0.6064264060334883
0.6062368796777011
0.606262547760065
0.6063159054932566
0.60630971918651
0.606288486863405
0.6062204675800027
0.6061212137482858
0.6060489103609765
0.6059617794552669
0.605881986024728
0.6058404996280278
0.6058871119544564
0.6060290568670298
0.6061138330671281
0.6062882008749085
0.6064167322613273
0.6065583232755012
0.6068242709756682
0.606842019683012
0.6073949152911532
0.6078151239180508
0.6081770116802369
0.6085612330742327
0.6088843310356086
0.6092407698194723
0.6095406652201268
0.6100330793205702
0.6105308838289685
0.6107349041478851
0.6109302103174274
0.611055404495378
0.6111955846044125
0.6113644562578759
0.6115323886542551
0.6117001606053762
0.6118751116656366
0.6119269869425497
0.6121710213653528
0.6124089472840997
0.6126052173693441
0.6127707692815534
0.6128795534907903
0.6131057421359736
0.6130970804367449
0.6141137850355978
0.6148744095179512
0.615359776328998
0.6154884627702009
0.6154728975170392
0.6153523017378163
0.6151653846972
0.6148179149435896
0.614713091566385
0.6144834851211399
0.6141993667558917
0.6138599243988478
0.6135900476515195
0.613313271132485
0.6130629510445814
0.6128407111285139
0.6126283324882928
0.6124842275043145
0.6123346327824039
0.6122059721030714
0.6121872204863877
0.6122191506062968
0.6122347851705658
0.6122933027104901
0.6123468424833833
0.6122075999555375
0.6121153250420062
0.6120382779852379
0.6119472772887805
0.6118348221930728
0.6117667217433235
0.6102197590931306
0.6087608762928631
0.607586499592434
0.6063516714994152
0.6052415631682123
0.6045722265852621
0.6038800413261404
0.6032362391528571
0.60190958283285
0.600621463499988
0.5996085239530485
0.5986302638102631
0.5977062975543515
0.5968810631153295
0.5961189185853657
0.5903321442853007
0.5848637679493777
0.579708614449287
0.5749363242558609
0.5705414733264229
0.566470633895556
0.5628054978627686
0.5612527375855653
0.5597663402660596
0.5583725903053962
0.5572634062406925
0.5562120211631829
0.5552682222677938
0.554407973121266
0.5536631388617153
0.5529505590453153
0.5523360874052365
0.5517630055810259
0.5512593842129804
0.5507857323945953
0.5503946567281921
0.5501282595370459
0.5500404632782903
0.5498992593015564
0.5497509877486244
0.549759775607638
0.5497376698368991
0.5496842286202939
0.5496422776530058
0.5495773677603507
0.549515933298372
0.5494708900571019
0.549416521911682
0.5494777863530311
0.5496329170872466
0.5497967326808599
0.5499547964050345
0.5500365754202162
0.5501279694737594
0.5502968481655895
0.5504624413540085
0.5497123865069959
0.5491804832668029
0.5492767501415375
0.5493378610974361
0.5494264881364044
0.5494687741657475
0.5496136276075815
0.5497521973730557
0.549920606370267
0.5502002931958442
0.5504825814137194
0.5507175890243391
0.5509113529963776
0.5510788563677534
0.5511441980774845
0.5511967174042155
0.5512678217717891
0.5514125913479216
0.5515558227068382
0.5517665206231778
0.5520328466321558
0.5522659101415658
0.5525747833417634
0.5528496680248922
0.5531728576965736
0.5534729631052324
0.553780400408989
0.55410108766592
0.5543955889006009
0.5546251067619449
0.5547941547452612
0.5549049368867109
0.5551086327948961
0.5553762057609465
0.555589140139918
0.5562780881071497
0.5571895320190247
0.5579881281597031
0.5591912745547194
0.5602581962722707
0.5612084069291229
0.5622880405363031
0.5632114252355473
0.5640738402812648
0.5648364806680598
0.5656706719682977
0.5665843251262271
0.5673824212070355
0.5682056308433914
0.5689692431281859
0.569659836904287
0.5702952302485926
0.5709408133247736
0.5715535707462762
0.5719553556220308
0.5716511523730228
0.5713690433713011
0.5711268341770295
0.5708438844676421
0.5706242774174832
0.5704475764663449
0.5702917665222363
0.5701819503255767
0.5700496798770329
0.5698843605630028
0.5698149327780867
0.5697322547773179
0.5696612374214023
0.5693508576997378
0.5691232597217464
0.5689204216795533
0.5687786850263795
0.5686385271254866
0.5684980027519572
0.5683804860381942
0.5680106673939993
0.567816258979213
0.5679669093329409
0.5682038036845527
0.5684245161860367
0.5688015254328396
0.5692789935479585
0.5697187277003666
0.5702181753662571
0.5701746957726657
0.5700065161078807
0.5698411501536348
0.5702423258219618
0.5704951253645574
0.5706278762835372
0.5705432779929954
0.5706445168966212
0.5706983388707881
0.570808105628312
0.5713897988850023
0.5711566863781044
0.5710107858683456
0.5710786371124692
0.5711155285323991
0.5711299273633483
0.5716447577468305
0.5721247743027534
0.5726889979145938
0.5729062578742312
0.5729597276776098
0.5729496670811878
0.5728134794558642
0.5726026226362347
0.5723302628727726
0.5721625662715781
0.5719831333696184
0.5718566263748263
0.5717332609350958
0.5716746923852607
0.5716083124492157
0.5715910857777003
0.5715736356368176
0.5715816554854228
0.5716693091061289
0.5718066146680543
0.5719860489581496
0.5721495265774313
0.5723146517479661
0.5724717513308853
0.5726166097175318
0.5728644236421497
0.573186893942245
0.5736175071526809
0.574075451053202
0.5747459366340247
0.5753964093382575
0.5760908140296208
0.5767393423440726
0.5774090022532011
0.5780556915766811
0.5787100283651829
0.5793694717529915
0.5800264294454235
0.5806471801071401
0.5812368371881844
0.5818141804410991
0.5823367268745713
0.5828137222687784
0.583433499186238
0.5840465627153263
0.5846356261537075
0.585647959077391
0.5866502419817599
0.5875546507521994
0.5883905130522294
0.5891356074367737
0.5898494893851006
0.5905187701565335
0.5911699378337881
0.5917551059298192
0.5922772552565629
0.5927794472627502
0.5933700371473783
0.5939178100432789
0.5944112812789317
0.5951649144119148
0.595892151975941
0.5965979838729001
0.597276768617524
0.5980287599041276
0.5987602132351004
0.5994242242929448
0.599989553158731
0.600597686100603
0.6012342747967773
0.6018197946096445
0.6024112574576442
0.6029583055752654
0.6034301657118293
0.6039155187671952
0.6043653713841052
0.6050067211196211
0.605543611226887
0.6061257304131362
0.6066153044221121
0.607192526116839
0.6078830694407106
0.6085108641326582
0.6091368302906411
0.6097853401744279
0.6104230669211183
0.6109861202569339
0.6114700459733075
0.6131984289326592
0.6138539399263107
0.6144343449211882
0.6149013316433833
0.6152622381048108
0.6155433273232204
0.6157163860319701
0.615737081608776
0.6157486260845584
0.6163104596808233
0.6168170665040668
0.6174850814486181
0.6186884289316671
0.619822992739979
0.6208700354945943
0.6218250297266887
0.6228573864356388
0.6236315364246311
0.6243612604794927
0.6249959087708816
0.6255549575816955
0.6260857183989222
0.6265783852686116
0.6272465769832257
0.6278886824178084
0.6284418093854601
0.6289752879808647
0.6294476689254949
0.6299023194674293
0.6303784360562593
0.6331020524900683
0.635496198744789
0.6376317610655101
0.6395574324911586
0.6413050456329701
0.6428178041345656
0.6441638087129941
0.6455101924452211
0.6471056500735515
0.6486191197270317
0.6498164239533506
0.6508849681625841
0.6518170378681319
0.6526726767999664
0.6535125627773472
0.6544045073311741
0.6551875799876089
0.6557611486387027
0.6561625699821154
0.6564284999715335
0.6569333947452397
0.6572782718628459
0.6575440233891752
0.6576793679003488
0.65769888444067
0.6577011300378851
0.6578019028297897
0.6578617947948342
0.6580236082447761
0.6581277965569735
0.6581781769484377
0.658157192266795
0.6581233476055717
0.6582631219513541
0.658436969570621
0.6586379850226638
0.6588568777894175
0.6589650952492854
0.6591018531164292
0.6592135651195243
0.6593510210171147
0.6595933663030679
0.6597717474165501
0.6599844979287706
0.6601303755474461
0.6603921009607683
0.6606264294654565
0.6608229506033569
0.6611061760946403
0.6613946070862331
0.6616379530490095
0.6618672401979034
0.6621569538298839
0.6624779322949795
0.6628457013164158
0.6633177050099651
0.6636159948656959
0.6639094057354911
0.6641337825162554
0.6640412244487153
0.6640643642258787
0.6643382957435692
0.6645673793229315
0.6643795446810904
0.664303621526902
0.6643473354500364
0.6643587594729264
0.6644014649046526
0.6646348308417649
0.6648771114286374
0.6650795782864944
0.6653091061673623
0.6653495046125819
0.665390042556316
0.6654440577854563
0.6655153608339575
0.6656112744359285
0.6657628018028939
0.6658535928163657
0.6661389682787346
0.6664009340134499
0.6666261217939431
0.6668617025083596
0.6670997168792167
0.6673649016747436
0.6676478455046535
0.6679248438271796
0.6681416410573836
0.6682869809404663
0.6685285713035052
0.6687928098799147
0.669107560179992
0.6692140379121057
0.6693095083953314
0.6694229349444744
0.6695745338468195
0.669744831874563
0.6698931734491125
0.6698906357790793
0.6699012745282165
0.6699275314147506
0.6705890411296598
0.6712753036268094
0.6715016542701904
0.670484849464896
0.669499936082808
0.6688008930897343
0.6681388610238503
0.6678341636328167
0.6676996050425874
0.6675551035177055
0.6675203926107078
0.6675202570295388
0.6675263249096984
0.6677392895085472
0.6679222893677982
0.6681732627656789
0.668058579223978
0.6682075395121367
0.6683589695788653
0.6676044936089494
0.6669566064284767
0.6664097008759111
0.665981102138615
0.6655953658819538
0.665197785769359
0.6648745020040516
0.6643889633108921
0.6640951134240107
0.663815902958842
0.6636268542323248
0.663543637076686
0.6633348756925034
0.6634187334781568
0.6633846436340636
0.6633908256821611
0.6634442148372713
0.6634753216959668
0.6635375228541595
0.6635914278498652
0.663628715586846
0.6636530980095446
0.663626636656136
0.6635910155520991
0.6636141805523091
0.6636570705159504
0.6636786888335822
0.6636326735276785
0.6635871801548253
0.6636266614507625
0.6636428210056844
0.6636682573335366
0.6637979189165233
0.6639079804376934
0.6638879260069457
0.6639212623380881
0.6639230576761038
0.66392205256654
0.6639439129376646
0.6639261313113651
0.6639139913631447
0.6639265143477525
0.6637726129283293
0.6639416612614666
0.6640568060489361
0.6642026402456693
0.6643087481131046
0.6644056761263053
0.6645330883789426
0.6645934358038734
0.6650274927275442
0.6654556638509169
0.6658480671690284
0.666297322637584
0.666720257657119
0.6669207547206738
0.6671320404742103
0.6677130984952375
0.668262661682716
0.6687816195597547
0.6693556897739069
0.6698321780496858
0.6703270250511187
0.6710315315089412
0.6714232258092804
0.6718947557560858
0.6722994468870908
0.6725499084416272
0.6727442645961513
0.6730001677690511
0.6733019819423289
0.6735653066861369
0.6739589373532581
0.6742525814400403
0.6744763192812024
0.6747556721848527
0.674931798643526
0.6751151121863189
0.675421369168079
0.6756418633796024
0.6757474972523594
0.6758792457372762
0.6760000712494804
0.6761334569426607
0.6765639466249173
0.6769496021702525
0.6773178960379209
0.6777739049708662
0.6780983649905999
0.6783562025211521
0.6786603085427035
0.6788843577087816
0.6790286622397025
0.679174243424811
0.6793291573840379
0.679290073078178
0.6793124998552332
0.6791958983500734
0.6791528570203422
0.6790525884070491
0.6788039716767498
0.6785834706737291
0.6782464197746624
0.6777607674088121
0.6773548550950121
0.6767687054708877
0.6762260811558505
0.6757085892192832
0.6749419770904448
0.6741096952656082
0.6732750628330729
0.6724312918464289
0.6718266995617315
0.671379722954823
0.6719579956020401
0.6724046050756946
0.6728109212233734
0.6731319574328305
0.6734201768152526
0.6738312574635328
0.6742253617378164
0.6747911116972632
0.6751391537809314
0.6754927703424243
0.6758225165013038
0.6762884861532438
0.6766545202986618
0.6770096235602205
0.6773347525550534
0.6777056534452608
0.6779785934642084
0.6783411230737407
0.6790692144353712
0.6797183132011879
0.6802072554013434
0.6807185462431123
0.6811452387460055
0.6816030465482423
0.6821097948025324
0.6828230863844423
0.6833484768385225
0.6837409118251372
0.6841499728322812
0.6845603815238613
0.6851071557898541
0.6857151374239413
0.68622931298497
0.6877294163677629
0.6891373897557725
0.6907977028661842
0.692211937299568
0.693209632960059
0.6940495481260655
0.6948136350341567
0.6956564900336836
0.6964056223682751
0.6970689296443727
0.6976969664039413
0.6982409727204711
0.6988254030903338
0.6995134745166055
0.7002381395571987
0.7008619238905537
0.7013804513040635
0.7017837434354997
0.7022660526078284
0.702657631215738
0.7029764002449314
0.7033179482191757
0.7028787362886183
0.7023751509919123
0.7018678558347209
0.701202209697289
0.7018925620502529
0.7023858709175752
0.7028978701634786
0.7038420336225555
0.7044530473181358
0.7049167777339688
0.7051066686023271
0.70685518623153
0.7081705988227615
0.7090463153554191
0.7097920517558605
0.7108710300997074
0.7113068662949471
0.7112730200357025
0.710932263098701
0.709854505636245
0.7087732593250672
0.707694676865412
0.7073466401344503
0.7069677863116074
0.7065311683026931
0.7060111645175712
0.7058801864992162
0.705699121025273
0.7054630130130574
0.7052640354176036
0.7050460186706734
0.7047483763837404
0.7046805098899759
0.704538291728013
0.7043931484751867
0.704093905662458
0.7037885699253702
0.7036147978764237
0.7033684778311937
0.7031735692984787
0.7028682025775433
0.7026894153418237
0.7024306719164869
0.7021859917549479
0.7019468076006916
0.7017022230108002
0.7014189769756558
0.7012107828897053
0.70104711465068
0.7009023181463216
0.7007172088998005
0.7005206532473909
0.7002337888459746
0.6997785531004144
0.6993496902875569
0.6989729949256531
0.6986271559483112
0.6982559662908048
0.6979322252655297
0.6976360963364092
0.6973550903996542
0.6971927157595259
0.6970017385823029
0.6968972563022745
0.6967240486260825
0.6968376994067484
0.6969745514483378
0.6970393996363572
0.6971421550578486
0.6970639141257433
0.6972997993008492
0.6974875105806385
0.6976456598414826
0.6978032749323771
0.6979141868729306
0.6978896409919847
0.697894761290753
0.6976889414894718
0.6975568549120297
0.6974393921098488
0.6974326435764203
0.6975112475922303
0.6975041470566908
0.698060752301434
0.6984837057131739
0.6988323289800544
0.6991149630139478
0.6993390322591005
0.6994518853526478
0.6995644626838199
0.6995610297800694
0.699124703521883
0.6999559553701189
0.7006455177410481
0.7011146876388856
0.7013512829457312
0.7015218071051325
0.7016329379860105
0.7016396747446731
0.7013381735977139
0.7010498018600272
0.7011900510439183
0.7010914934342916
0.6994568045529606
0.6977841874858695
0.6969995493580057
0.6959743608193449
0.6950369175683653
0.6939449841819897
0.6924969059517453
0.6910782771233971
0.6897912993855665
0.6887473265258554
0.6890890740286384
0.6894204894834868
0.6896541934213302
0.6898133428098832
0.6899429682163932
0.6899312124681148
0.6899131675767454
