0.0009120471661981977
0.010912827332721104
-0.019469703090225464
-0.013863495322369393
-0.022964915742021638
0.024098343033415414
0.017278361685799194
0.022045562845561348
0.00794827639348401
0.009764210964009404
-0.01183427147333015
0.019163636105354792
-0.011233268005511386
-0.006640354695841054
-0.0037835857036855893
-0.007916152714963362
0.008595481091803732
-0.00230788995485585
-0.0006566102810479214
-0.0020863623473215613
0.013468685701140497
-0.006069527973571234
-0.0017424821364463233
0.004240514210317228
-0.01645990104823762
-0.004835409499652902
0.005354682500157621
0.011661404863737169
0.0016168310874508016
-0.006728339270735492
0.014425241316834049
-0.002214806109318242
0.0003126431368614653
0.0018192958803010385
-0.0006292872986579556
-0.005415684599869273
0.004745184178849511
-0.011645911721234772
-0.005009093905714269
-0.004085609591074963
-0.009343483571694606
0.0008451015401644725
0.0014369101800794743
0.0007554944133565847
-0.00155645096416522
0.005508500563063257
0.017020299556707454
0.010060937025445709
