0.006776082533643013
0.004028786717947283
0.0041059790071606385
0.008651774660166723
0.009844476161549983
0.010878423955182244
0.011978789757661932
0.01149867235483995
0.010585748934200149
0.011135528869614972
0.013041693296057685
0.01565519303727281
0.019358421319197
0.023618808003495303
0.028480461545732454
0.03371287827039523
0.03891490136534971
0.043576333959888275
0.04764153070804354
0.05199778585603452
0.05688599642596467
0.06106183468836138
0.06438802339757992
0.06811373114172586
0.0713494182000672
0.0750466206298465
0.07981006220793994
0.08401193589863738
0.08844876422183416
0.09303211485879372
0.09751562047947997
0.10196854615750589
0.10578170107275141
0.11012181656213367
0.11502390999030535
0.12030832013537127
0.12580525142708487
0.13143237456118448
0.13559180953326727
0.13991738647870652
0.14477553035596016
0.15036690248807824
0.15579411128738788
0.161196178265309
0.1667993512950965
0.17215876415006406
0.17678687585334973
0.18133867852190416
0.18514002201062227
0.18920161973535185
0.19312373043454806
0.1967925637190979
0.2010604696386799
0.20460238598727137
0.20789404128950362
0.21170797233895014
0.2163589309561289
0.22037453298470688
0.22397632269292528
0.22726604108768883
0.23013101348481468
0.23327602753303914
0.23677013353546092
0.24000849093631793
0.24323628308036285
0.24581447859353134
0.24860553913097602
0.25103781538825276
0.2535522290705368
0.25532092511836346
0.25780130511028704
0.26028137369414117
0.26226075850247227
0.2635884886670075
0.2651512547801512
0.2657772023179851
0.2664329612623797
0.26651726274947307
0.26660862190066753
0.26659884929558064
0.26664186529870315
0.26722528606380275
0.26777460626205735
0.2687525067351466
0.2700643369596812
0.27198407288144283
0.2734170885413013
0.2757789676541308
0.2781032077606509
0.2809424929007258
0.2832955129936406
0.2854187308038805
0.28745973771250544
0.29000451861976845
0.2923481599753336
0.294427466171526
0.2963254063759406
0.29765257186226446
0.29921683595364845
0.30099324620392637
0.30424268008155675
0.3076520187894909
0.3106603304054079
0.31304379271505844
0.3152010362021538
0.31831440378445663
0.3219049854345532
0.3263493040800491
0.33052238925129024
0.3342396204170655
0.3378169826814917
0.3406212962514072
0.3437630904397317
0.345934673497694
0.3482794453881436
0.3498755711113356
0.3515984768249072
0.35272179494353734
0.35396329901977963
0.3552657605169009
0.356039707758873
0.35640673161981257
0.3587714105812916
0.3607516654866466
0.364143432566164
0.3674546795041305
0.3706436387106527
0.3739384645784109
0.37718915883682014
0.37983748180471033
0.38189814257257865
0.383606894275526
0.3867018892201795
0.3888026342017731
0.3903384914530555
0.3927873159193224
0.39569491506198856
0.3987550954194777
0.4021022365807411
0.40549502660589326
0.4082506911277028
0.4140199778293469
0.41931271760776967
0.42405828754148533
0.42777509831377897
0.43248661225679047
0.43578281108656175
0.4383004699782747
0.4410781686552463
0.442856702270193
0.4429979113486816
0.44273326767932547
0.4426349041181712
0.4417001004942697
0.44221031588549004
0.44146074894375514
0.4406982055631682
0.44034803202248657
0.43919952665874706
0.43808033369103205
0.43635516550670234
0.43566867163344686
0.4345310986660571
0.4333813093325811
0.4329052766713047
0.4322376556128864
0.4322337818713478
0.43291525643367074
0.4333215269464342
0.43367823962844804
0.4337494262692991
0.43490677103061093
0.43603511923059635
0.43645603552277357
0.43630709258629174
0.43610368099813607
0.4356548469271638
0.43546580791106393
0.43522990004745576
0.43505222557654977
0.4343571357325659
0.4350798024534175
0.43626873646541436
0.4378622028027321
0.43928929197544625
0.4400772026014988
0.4404264901464993
0.4401164064714394
0.43951080289270095
0.43866564675599845
0.43958349658676005
0.4401731760043678
0.44028925569730254
0.44048631204231986
0.44044326346347473
0.4402206954375386
0.4395752590440762
0.437716138653265
0.43558970219005405
0.4331227363480676
0.4306851614479474
0.4284735098671556
0.4265126591519522
0.42443136362510453
0.42249817562029796
0.42119510686711603
0.42024130785715585
0.42040225078792604
0.42061320670718055
0.42089302698105663
0.4208335617514045
0.42088416150004954
0.42074287299585106
0.4205674213581274
0.4213897427269276
0.42126698175186156
0.421442122153841
0.42161338099567025
0.4220522617132311
0.42250351443570083
0.4226741768770058
0.4226416166612732
0.4239900340352491
0.4248072645713993
0.4255794403514584
0.4251952805005544
0.4249662843480618
0.4245809426691975
0.42369233507227244
0.4233369227622831
0.4227773270974842
0.4217072177376315
0.4224767305937153
0.4235855192265552
0.4246241021796432
0.4256901810014131
0.4268118279175665
0.42779018448429007
0.4284702919063108
0.42911824007568217
0.42944221043159997
0.42962418431131666
0.4296566978646364
0.4296197940156833
0.42931953505444614
0.4287938632375688
0.42781636175973564
0.42712201551462736
0.42667966476983205
0.4263218251919507
0.42640067598624637
0.42549580006194193
0.42413292632525795
0.422979481651062
0.4221198488376394
0.4210264362737559
0.4200318257966024
0.41874121782438484
0.4191558689696763
0.4194641150648057
0.41996647772116874
0.42037720975668813
0.4207788686982673
0.4213961365425053
0.4219002461958463
0.4221078405741546
0.42236853241752104
0.4223459730748864
0.42240625350059424
0.4224657616470925
0.422398244950735
0.4221916154518755
0.42213163453216607
0.4221039496849454
0.4219741612094669
0.42105047490482517
0.42004874417008065
0.4194565436056678
0.4190348658203455
0.41866829504469627
0.41887497639417853
0.41889537247449066
0.41882071088471273
0.4184799931016704
0.4182589589513636
0.41801167821128216
0.4176681435201746
0.4172861024612025
0.417094439217636
0.416722661542817
0.4165348996219029
0.4166496085077238
0.4168295841936588
0.4171204538095744
0.41721839684443934
0.42011507149887006
0.4228037430630595
0.425105795945845
0.4268695321242928
0.428765500870406
0.43037762276537056
0.43178044125077475
0.4307781133032818
0.4297676876234613
0.4297524250358318
0.42962474470381895
0.4295232719374494
0.42948320429080217
0.42925715691066635
0.4304533567760957
0.43154803493392035
0.4323850372534163
0.4332631725356217
0.4340737919735726
0.43524719349906843
0.43641160305243165
0.43748650117168203
0.43857695059082585
0.4395040171372789
0.44041734073157174
0.44133549166307273
0.44275162694752385
0.44406366099822075
0.4454405704695706
0.44647465997694447
0.44759934259839507
0.4492902125386776
0.4513886591213629
0.45307042601487063
0.45474116496512607
0.45642799491750913
0.4578906015190185
0.4592495945071023
0.46144300233079455
0.46335117689565203
0.4649993312057069
0.46656160261953183
0.4680446945151198
0.4693974375545324
0.47081719058663646
0.47198149372556486
0.47306256938721136
0.4737058582241995
0.47419354883051307
0.47455954876793777
0.47445698605861136
0.47487315979950806
0.47518521432946087
0.47658869808124993
0.47749026885167145
0.47820658419759454
0.47887459095071405
0.4797244733444936
0.48032655249219475
0.4803936353814277
0.48023576360068854
0.47997219680364034
0.4797045536451885
0.47973034809385945
0.47995716718126397
0.48018227492379334
0.48089938145689437
0.48148869986226617
0.48174268174802864
0.482023723875034
0.4819237421013673
0.48182592458667994
0.4817344908212087
0.4817663813052257
0.48178258268122376
0.48179626550434407
0.48214933494176265
0.4824427806458659
0.4823876776757202
0.4825125052556008
0.4823714825591194
0.4824445661543274
0.48225678500551655
0.4820946257467341
0.4817409233030891
0.48135617174147827
0.48110727021825467
0.48078843456414533
0.4804847256509742
0.48012476305870905
0.47994979004223176
0.4798393162319034
0.47587531004085215
0.47190817101836857
0.46801561907085587
0.4641896102411146
0.46079226924049776
0.45725250227316777
0.45402314455174464
0.45091154294318453
0.44814268050606954
0.44575351014272585
0.44339294058184736
0.4412113707656786
0.4392241658991638
0.4374549930238267
0.43601400139828317
0.43466058475858554
0.433380417685135
0.4323394665951304
0.43138756557961944
0.4308711963218937
0.43032012227786104
0.4298035913152539
0.429259978175607
0.4287949136735978
0.42841442695690746
0.4280670869104707
0.4277597038335692
0.42753292246367924
0.4273405238803477
0.4272193906862424
0.4271798846124813
0.42731387713869906
0.42746261545002695
0.4278841416999637
0.4282828953225124
0.4287577161674071
0.4291484655168388
0.4295955224939233
0.43005008688752094
0.43053301280254885
0.43105542740681274
0.43157419834885663
0.43220234543695707
0.4341670187122644
0.43606608948646963
0.43834288370480945
0.4404374487883487
0.4423237280547361
0.44407249918326913
0.4459371759409994
0.44796040966164097
0.4497137978905122
0.4513295964931011
0.4527983289009422
0.4539583770282181
0.45538771255961646
0.4570973129855098
0.45858419326553723
0.46016284429796794
0.4612960721444445
0.46225602322145126
0.46302882559917885
0.46382417111228236
0.4642715133056648
0.46481036542281207
0.4653500987928979
0.46592843197944067
0.4661759138788933
0.4663983819812967
0.46662660707837417
0.46767807141812723
0.46875720340980154
0.46961077513371535
0.47013094236812525
0.4706967994760205
0.4710774223362493
0.47137288163364527
0.47162607291097475
0.47195903546574614
0.47229397130641426
0.47266456642046467
0.472395839131558
0.47214927986931615
0.4718933577451927
0.47240387602405515
0.4728145934666724
0.47320810498028676
0.47340806558112797
0.47374844510600644
0.4739200225614937
0.4740272601518616
0.4739388024971093
0.4740907439540861
0.47413353838734223
0.47411510451125455
0.4739850580007467
0.47368975733865654
0.4736367647281423
0.47357866371083596
0.4736049077543554
0.4735466529441142
0.47336806955174165
0.4739472960797116
0.47449480126743465
0.47504638640423363
0.4759111974217792
0.4768034921292708
0.47784114148986057
0.4787014150935551
0.47974198738456886
0.48070368730080487
0.4816476420438517
0.48320753450499804
0.48446845322541693
0.4858457461258281
0.487737177067918
0.48930096615949753
0.4897429333456455
0.4900654882653336
0.4905129484640674
0.4910063026989176
0.49089441363386954
0.4909123469931723
0.4910385541656478
0.4917601026463992
0.4924262563690934
0.4927232427403772
0.4928517380726348
0.4931470595774828
0.49329724430663546
0.4933339168403299
0.4930412570677997
0.49269151926819393
0.4923152065710916
0.4916911091979407
0.4909908705044433
0.49044262767606617
0.4884801902675627
0.48695437620769105
0.48300112452790944
0.4801247583363291
0.47720056249640397
0.4745082217517869
0.47198164289150824
0.4696945037968379
0.46756950628669636
0.46631328787842996
0.46498406893621563
0.4638507544018551
0.4628658956958098
0.46182688048633735
0.4608328293465644
0.4599220825030793
0.45943285091568586
0.4588377507557152
0.4575776882368909
0.45643867841902314
0.45523194094919417
0.45411122973647006
0.452985364404235
0.45188208264046337
0.45090376154716705
0.45006486394514716
0.4493524267227487
0.44864624014472154
0.44807924199248167
0.44748657557394456
0.4469275369301163
0.44641700003031326
0.4459555627593037
0.445571374564662
0.4450956218167237
0.44461356859513856
0.44395879650993647
0.4433847889082139
0.43371644070860693
0.4248790692577775
0.41807930782088143
0.4117319991220346
0.4058332242246602
0.4004504169524399
0.3955278753440583
0.39104392901419904
0.38705662613005853
0.38344602870489636
0.38016579595903727
0.3772705382695813
0.37464626698540077
0.3723149273848321
0.37022847856685637
0.3684959917752438
0.3668988922588604
0.36532522784441834
0.3639769354617664
0.36285437172269946
0.36184845034526764
0.36158981954689084
0.3615315588344493
0.36149205325667944
0.3615266418428934
0.3616397934600481
0.3618260000136438
0.36199505161653256
0.36222366127643413
0.3623967779991319
0.36254505982057456
0.36267028717330213
0.3629399287673031
0.36322605978596245
0.36353850344621225
0.36381907699007465
0.36407386661371693
0.36438652086615503
0.3647098876395728
0.36497666587499317
0.3653085488607119
0.3655991733258224
0.3658932663948782
0.3660464817649254
0.3662041985941856
0.3663466850568885
0.3665030359582778
0.3667206681171965
0.3668971032120435
0.36709062991169933
0.3673085348698671
0.3675711341765301
0.3677893150971536
0.36804321674289536
0.36829788138771935
0.3685483807209606
0.36872296619517086
0.36899605450851347
0.36917797811266345
0.36941099295206625
0.37012899110030245
0.37079693364654326
0.3714642595600223
0.3721097867785386
0.372685849195265
0.3734475599618176
0.3742899858831856
0.3752879327180133
0.3761616012742281
0.3769398235362392
0.37754786025860126
0.37821758847337994
0.37877856015524114
0.37931110465780865
0.3797727954306947
0.3802453501983284
0.3778497061555328
0.37564609650573916
0.37355380860887544
0.37172063615126166
0.36995819457003265
0.3682793719901516
0.36667450665835466
0.36513999714914963
0.363690937818914
0.36230164267913467
0.3609404255860067
0.35966686292564476
0.3587746333320828
0.35792950267877444
0.35716309800355645
0.3564564176119959
0.3558165976373393
0.35525585764752354
0.35475647420896017
0.35433146338143395
0.3539474023603075
0.353602814378618
0.3532813071374394
0.35298374996623993
0.3527267404798854
0.35250179137340526
0.35229876267805454
0.3521151282351807
0.3519530345454447
0.3518114529899426
0.3516892752498229
0.35159215785857545
0.35152510386806174
0.35145917795549275
0.3514073711522661
0.3513784800125704
0.35135921719456126
0.3513360976999511
0.3513220280239447
0.35132315759603977
0.3513215590407718
0.3513191925392581
0.3513188918919528
0.3513218175310211
0.35134491604526846
0.35137265234172943
0.35140072656108573
0.351427802249222
0.35143006358763484
0.3514381424430898
0.35143569854317125
0.3514379028848551
0.35144771490649584
0.3514581341014185
0.3514593272276163
0.35147152921728114
0.351476233838889
0.35149294905667294
0.35150978112933806
0.35152379336794515
0.3515188462930441
0.3515267144880955
0.3515475196341934
0.35157947262518213
0.35158439511338724
0.35159009935994034
0.3515916233653791
0.3516112873582056
0.35163092013324027
0.3516549222266658
0.35168411135683114
0.35169753859704206
0.35170726294924726
0.3517050647859145
0.35169728763764563
0.35169436481370614
0.35168833953213974
0.3516763267561591
0.3516603769607396
0.35165180043093974
0.3516452838573978
0.3516380576719074
0.35163455398188054
0.3516385995702264
0.35164595392397946
0.3516626748156565
0.3516699673026874
0.35167695936534404
0.35168992282982686
0.351712594711378
0.3517395340683873
0.351781974873525
0.3518148238844165
0.3518487416812223
0.3518801203071433
0.35190932072703757
0.3519187092665999
0.3519274030848416
0.3519210393197808
0.3519250286051187
0.3519175503539785
0.351915809204811
0.3519068692606884
0.35190407648739597
0.35189349339417386
0.3518774298173165
0.3518770109609931
0.3520807070294655
0.3522230348611017
0.3523434356377375
0.3524594357069191
0.35255972031539634
0.3526554385463315
0.35275099967543944
0.3528275538370382
0.35293078168036296
0.3530395542306202
0.35312472441758336
0.35317822013778716
0.35315417182105774
0.3531185759749431
0.3530833880033203
0.3530284814232042
0.35298531211961254
0.35295356553674057
0.35291285944023065
0.35292073307246014
0.35289692744427265
0.3528955351088051
0.35290491931377205
0.3529291024087706
0.35296012099987045
0.3530093869646833
0.35305385098660386
0.3530932936689482
0.3531158786353837
0.3531267077974943
0.35313663907780446
0.35312336084621426
0.35310017714556957
0.35308702344661547
0.35308232825205527
0.3531215497369723
0.3531350117564637
0.35312918663291637
0.35310255980434085
0.353038397395959
0.35299066142009494
0.35293871054741155
0.35290799265108447
0.3528848320506534
0.35292430847481276
0.35297129106248354
0.353013943167637
0.3530378807386624
0.35305998436719743
0.3530702529683168
0.35306836425369725
0.3530739351273064
0.3530849923813106
0.35308822802246054
0.3530917180173979
0.3530792239419292
0.35307564370262123
0.35308425458117804
0.35310529903905463
0.3531497843542146
0.3531765273907337
0.35318680556942483
0.3531955769037374
0.35320137024967224
0.35322574828945713
0.35326798741075105
0.35327467892139414
0.35334968127172023
0.3534762082488275
0.35357170258148557
0.3536497967067125
0.3537194032849373
0.3537773803086705
0.3538106793112126
0.353864674921202
0.35392503098414946
0.35400854424148054
0.35407383095261163
0.35414268799558646
0.354220154455948
0.3542794818294291
0.35430883141116054
0.3543554662329502
0.35442049565181644
0.35449202871380386
0.35457456989062264
0.3548810673998946
0.35519423136979755
0.35552311175640827
0.3558322092331665
0.3561271283215636
0.3563854581543144
0.35665029896171097
0.3568506684715993
0.3570553815250457
0.35725443013584846
0.35750126020070844
0.35773409693564273
0.3579842926552109
0.3582525939275386
0.3584943469577829
0.3587488858084245
0.3589865532862971
0.3593715940185444
0.3597092763942732
0.36005151133675195
0.36041676317973476
0.36076296336461955
0.3610872934992775
0.36155596298508463
0.36192808392672765
0.36224973645257985
0.3625377393872916
0.3628131906450194
0.36305080297861325
0.36323121231231537
0.36339699759213745
0.36357916408883606
0.3638217089252531
0.3640195882211933
0.3642479195060502
0.3644988800965602
0.3647880782639955
0.36506060305104576
0.36533595644215283
0.3655835454695932
0.3658016091750157
0.36639573803672065
0.3669097890225324
0.36738051831938945
0.3678288498129884
0.3683472278046349
0.36879303575098754
0.36918818354889127
0.36958122614373135
0.36993773482765263
0.3702416136793232
0.37050870880192127
0.37078125951278595
0.3710513712053803
0.371284585682861
0.3714556589243582
0.3716164136946254
0.37182943112923156
0.37200718610667244
0.37220086843228795
0.37237799571657626
0.37255873048557336
0.37275820961349715
0.37301373167224344
0.37299783104949474
0.37293975187719886
0.3729456926924023
0.37294055696129474
0.3729049914015491
0.37285437850173714
0.3728839991508255
0.3729402167358326
0.37292251451715996
0.3743926312810199
0.3756926176848213
0.3768980967571287
0.37793385074278074
0.37888225878047116
0.3797318622702751
0.3805435684947119
0.3813338177881236
0.3821159508512441
0.38286040017427586
0.3835846970464621
0.3842421231906972
0.3848702337737134
0.3854062835281127
0.38595419905106043
0.3864483029588907
0.3868855115665818
0.38732127778456404
0.3877152597403764
0.3881044822239083
0.3885263979335166
0.38890630025008616
0.3892500280169334
0.38954360996671167
0.389819437443857
0.39007469990960253
0.39029771270538793
0.39051824249487643
0.3907137243781413
0.3909406588278646
0.39109712312995043
0.3912144265315675
0.39132969844861565
0.3913079388643653
0.39150233461288897
0.3916147009723302
0.3916963206421738
0.3918793657220194
0.39205328395021555
0.39223801214748827
0.39241382457562296
0.39251446664105416
0.392583024837261
0.3926358980579977
0.3925560061593011
0.39242724247271393
0.3923332706933404
0.39222222528879935
0.3934189673094539
0.39443871405452285
0.3955225918314587
0.396577479031036
0.39753239964044584
0.3983715201794559
0.3990974236003478
0.39973067309844623
0.40029509127808416
0.40079893169302355
0.40126084059874695
0.40167164264070154
0.402128709766502
0.4024587763092037
0.4027530088667041
0.40297724004588503
0.4032169565662356
0.4035144488223047
0.40382040894100757
0.40409149659323085
0.4043407709650539
0.404223508490295
0.40408108537038145
0.4039794493535229
0.40383544262596494
0.40376452018792836
0.4037161743680777
0.40370893014765175
0.40377131962987556
0.40381008148249775
0.4038565668665536
0.4037748429843877
0.40367207776518105
0.4047127472693234
0.40581072959167036
0.40684404838526234
0.407763009362754
0.40869938008470424
0.4095289948062419
0.4101827280784492
0.4107119488375166
0.4112370243181289
0.4116431466762055
0.4119734975776752
0.4122672610408087
0.4125594813659409
0.4127775558855351
0.4129414268668892
0.413137085240399
0.41341187793302536
0.41364700688126943
0.41389755020622243
0.41414528727689653
0.4143814424200298
0.4145465035532161
0.4146292593842359
0.4146897884786067
0.4147309177055047
0.41477554052633303
0.4147443399942877
0.41467845490789074
0.4146067731367095
0.41458411702621634
0.41447143033662825
0.4143452563607014
0.41422721248688943
0.41411038966764296
0.4139871166490607
0.41390150044299073
0.413811374473088
0.413719876119967
0.41335271004028795
0.41304247718500875
0.4127012668048862
0.41244879528675127
0.41219807235327893
0.4116817493063992
0.41114639529899993
0.4107600968804284
0.41035221986163184
0.41001652055255855
0.4094445018505163
0.4088894959235068
0.4083682756556283
0.4079588028152601
0.4077308106565212
0.4075458352114943
0.4073360973742314
0.40717336477514116
0.40700047529295363
0.4068785957790954
0.40683270259854876
0.40682219365762384
0.406633882220297
0.4064110931241626
0.40614163639266554
0.4058911816607876
0.4057303291028046
0.40559094694352144
0.4053779955530763
0.4052044456316007
0.4051885875686294
0.4054218731333099
0.4074010640156909
0.409155045924264
0.410786790168818
0.41230135069643564
0.4136521819291037
0.41477340062608886
0.4158171024517913
0.4166831075789687
0.41769900046218367
0.4185966012821576
0.4195390545211517
0.4203917600565392
0.4211151980887158
0.42183326477812355
0.4224837447978566
0.422950057917179
0.42303281360988365
0.42321614641267286
0.4233669239994337
0.4235934110338365
0.4237850762263868
0.42390595526170843
0.4243181610103332
0.4246499292101635
0.42516325000738264
0.4256076714163436
0.42597214296197355
0.4262607837718792
0.4265084622893145
0.426746813780825
0.4270789847357809
0.4273342916738639
0.4276918740138691
0.4276244232040666
0.4275586526205696
0.4275002277458372
0.4274005091999522
0.42727525965451235
0.42715659828030905
0.4269837711719214
0.42693405608537743
0.42670645415291236
0.42653876092386356
0.4264371208081209
0.42630584899405904
0.42624184289174866
0.42548270029103225
0.4247409166778508
0.42392129703803344
0.424077062754584
0.42420137745090636
0.4243049268009514
0.4243783387768954
0.42438706258283904
0.4243793980039959
0.4241975035424159
0.4241273807902148
0.42407788657957146
0.42398503164168705
0.42396361972776014
0.42389568525228316
0.4237953946176193
0.42383436186683027
0.42387498007908375
0.42389908570990964
0.42396626994984943
0.42463390133825396
0.4251709438169246
0.4257191890206159
0.4262343077811522
0.42651787324547574
0.42682573569421095
0.42715716480539084
0.42744123508315757
0.4278097024888091
0.42825579570543637
0.4285177108142511
0.42900585584578343
0.42953464656759693
0.43007949189572364
0.4306682085382499
0.4310278237294785
0.43133724907471577
0.431673007786949
0.4274284519951261
0.42289514520303795
0.41868507858082615
0.4148393326023827
0.41126396176261404
0.40796938013198714
0.4049384443762243
0.4021968141346456
0.39963431144447403
0.39731564891378135
0.39519195057491396
0.3932746440940318
0.3915612289428892
0.3900387594270728
0.38867732060475263
0.387408901705026
0.3862429521207542
0.38515572503333567
0.3842056231701805
0.38346645284974823
0.3827862209191541
0.3821526861214087
0.38161541929206466
0.38108803561784016
0.38057953237377373
0.3801438085028772
0.37969509482112995
0.3795209997889652
0.3794345426030922
0.3793649794088894
0.3792762698225552
0.379263062080542
0.37927020422563
0.3793269668624676
0.37938971368774765
0.3793762873954223
0.37938676393563636
0.3794498157926414
0.3794493224100342
0.3794909689853208
0.3794982655588323
0.37946262645393886
0.3794324492042748
0.3793983901269885
0.3793662401339878
0.3793389126727478
0.37936675283225924
0.3794158436393537
0.37946623057890805
0.3794199209985601
0.37938196930497137
0.37937740978925244
0.3793673100225963
0.37939040444091743
0.3793764881958347
0.3794971014312325
0.3796037830987569
0.37966088701309875
0.3797087641506494
0.3798623693957962
0.3800762849762008
0.3803043562377597
0.380444645362292
0.3806562253958701
0.38082343080397785
0.3810114526472521
0.3812474402123333
0.3814216286202315
0.38165537739770766
0.38179288949425666
0.38189289986850533
0.3821095531911161
0.3823030245002838
0.3831006896256749
0.38376070198651896
0.3845507818957256
0.3852669369945237
0.38586134394588517
0.3863699749510941
0.3868025201244763
0.3872207899628857
0.38762333671537225
0.38796986661902844
0.3883270210234356
0.3885555799995911
0.38868573364505826
0.38893721046695895
0.3891314474834352
0.3893844520460224
0.3897291082809891
0.3900813525972086
0.3904533159408379
0.3907702415262794
0.39110740817086465
0.3914367980827195
0.39166771137805073
0.3918877869221461
0.392189298959711
0.39249188721362255
0.3926752713631719
0.39279733889885443
0.39298018523566125
0.3931682287555719
0.39336530081255244
0.39366937220997067
0.3939495319471686
0.39425080704336957
0.3944668860571317
0.3949088151268136
0.39552515068711014
0.3960011083525273
0.3964154684130088
0.3971201751523864
0.3974526792115294
0.3979234527241435
0.3992740218229378
0.40056137435173433
0.4018140164230505
0.402977434752481
0.40419405335593583
0.4052578073424213
0.4061330064661795
0.4071093978790926
0.40792059592748886
0.40907304533243266
0.4102100640019275
0.41115924954571687
0.41194805896675507
0.41336111418841526
0.4145954120880701
0.41565491293770923
0.4169584552447062
0.4180984440417894
0.419265313991961
0.42031646437782366
0.42120562799259376
0.42195866671788906
0.4227679764004067
0.42345900426379746
0.42415535051029934
0.42479549169056957
0.4254316932453017
0.42602661169629563
0.4265625579193838
0.42701718457982546
0.4275035720604484
0.4279702773086902
0.4282777712778254
0.42862316448542376
0.4288387211092686
0.4290286206439021
0.42921372607082675
0.4293789221910907
0.4295652585337644
0.4298373325195835
0.43009371157227266
0.43034117944808037
0.4305408512419692
0.4307275392135086
0.4308033405409231
0.43090465681676177
0.4309865303155381
0.4310225285382824
0.43101013326537785
0.43099918929330344
0.4310451208968533
0.4311051345152627
0.43114157680652127
0.4311902912709907
0.43108371968045056
0.4311424649119245
0.43122006655184414
0.4312522707434001
0.4311159800767191
0.4308635910656632
0.43051790551067903
0.4301776187219823
0.4299576261082646
0.4297417819713939
0.4295530518849949
0.42944039235089293
0.4278614338544516
0.42641522015385636
0.42659917523357727
0.42675384453782267
0.42675686252660733
0.4267209733677499
0.4253923414025977
0.423609935833081
0.4218206109676354
0.42004689232111203
0.4184619856437031
0.41704478396613415
0.41571409149845095
0.4144601308500774
0.413339492579893
0.41227408718469466
0.41122858659259914
0.41027733568440283
0.40948925733237185
0.4087772651924478
0.4081838193136659
0.4076516421739115
0.4073313199805909
0.4071827039401374
0.40697841747360436
0.4068218706313067
0.40672920594357426
0.4066695298498489
0.4066244219167105
0.4065312553499954
0.4064317019204014
0.40631261034638144
0.4063853985985842
0.4063393232566119
0.40636757552518354
0.4064239170118489
0.406551990477392
0.40669725777606175
0.40684078617308767
0.4069527012063185
0.4071202030778457
0.4072590830199622
0.4074496426520469
0.40742286689816065
0.4074392941276562
0.4073876077189006
0.40701382738932984
0.4067105869779002
0.40646877287804173
0.40625683878636376
0.4061110690092822
0.40597377341705515
0.40590448452590516
0.40582812865128565
0.4057583965358045
0.40565939584303773
0.4056151038442557
0.40555377744157095
0.4055040052885133
0.4055514828457517
0.40556486915868906
0.40548805469302296
0.405407712811673
0.4059580134439603
0.40648608277749215
0.4070064538429917
0.40742055291502405
0.4078547612186548
0.408260565799063
0.4086028218060441
0.4088395015731265
0.40906214666499224
0.409232224337764
0.4093640685467669
0.40942502141114384
0.40943186150712124
0.4093806673602762
0.40941249875325086
0.4095889832161278
0.4097513136805286
0.4099130418206352
0.4095391164139416
0.409170559686055
0.408035803399077
0.40718376674985085
0.40601383771013494
0.40492951220749945
0.40390870701146264
0.4027087237531556
0.4016339550427368
0.4007210433050121
0.3999280915265599
0.3992727875485214
0.39861561924591876
0.3972978203094821
0.3961144874573904
0.3950023741835456
0.39402343805511814
0.3931637325011888
0.3923920180250685
0.3915181460780973
0.39084736484152993
0.3901869873330914
0.38946267626960435
0.3887545454461512
0.38816768597018075
0.3876198759111591
0.38713855963556626
0.3862960483440308
0.3852821043619714
0.384398264394651
0.38430663859535347
0.3841893556952645
0.38432649252674483
0.38443714543686874
0.3846275044944245
0.3847941268879349
0.38515913125526596
0.38551003704131603
0.3858678407914894
0.3863243415075271
0.3867013911081571
0.38701979676590226
0.38728270353048483
0.38749777740146524
0.38768502841048486
0.3878822820076492
0.3882564038428601
0.3885843661415154
0.3889140325978339
0.38927035881513194
0.38950694990903395
0.38975200908143437
0.3899164037782005
0.3902493755998879
0.39056423017932873
0.39079906870732656
0.3910102119587532
0.3912139793634978
0.39133407779737583
0.3915225655873561
0.3916801858832576
0.39179879396408085
0.3918881892547275
0.3918861987069572
0.3918393850232426
0.39174998284802626
0.39140651144673794
0.3913156278494347
0.3910752868159385
0.3908402471176655
0.3912884682641379
0.3914317974024593
0.3909587706787665
0.39063045264917895
0.3903868977593326
0.389317014912167
0.3882039403751825
0.387215821856235
0.3865407719900546
0.3859349467212313
0.38524594889702063
0.38490334916940877
0.3847967247239772
0.38484815716002657
0.3850211713775805
0.38565488035405726
0.3867740096983668
0.38784921493130625
0.3888332109638084
0.3897761904238209
0.3908337403642111
0.39194856154909646
0.3930354363878306
0.39411050649489276
0.39516702171015605
0.39685596245873117
0.39839525219426114
0.39968782999239105
0.4007978674196787
0.40175857125501574
0.40266797051347913
0.40349590766307764
0.40405739069088326
0.404572561087893
0.4050167597803201
0.40530616640202594
0.4055918106340841
0.40590184837935983
0.4061539893671198
0.4070318747767488
0.4078884010159236
0.40856000074771404
0.4092317499741197
0.409787871433827
0.4090238495640419
0.4083163790935419
0.40754137119122313
0.40640702590375316
0.4052711173638675
0.4041262506461572
0.403045958176583
0.4017096276012042
0.4004549111711297
0.3991654840721924
0.3996084950342466
0.39997209026826697
0.4003089045138657
0.4006785341719933
0.40115162758966033
0.4014803983722544
0.4020660867365293
0.4031571765488385
0.40457960914817925
0.4060671861471781
0.4074591923008212
0.40736789944684926
0.4072982706055713
0.40718640053553157
0.4072639694276211
0.40722045178813143
0.4072058056630675
0.4073040411539824
0.40741406070721187
0.4074846855200692
0.40752533032190585
0.40764665179379694
0.4078015504294637
0.407814872821505
0.40796893984436416
0.408098395330286
0.4083047002911375
0.4084943089529881
0.40875424744785455
0.40900530567726345
0.4092956343939302
0.40950486820563065
0.40975465276021084
0.410374558555423
0.4110771451920567
0.4117487565294837
0.412668876077852
0.41383680706442905
0.4149339295366264
0.41594213801062746
0.4169182703972934
0.41800308840089045
0.4188838278902256
0.4199026731189326
0.41965242791819507
0.41977602489680305
0.4199505353217692
0.4200093496463855
0.4215729417469615
0.42346931675176513
0.4250482878752153
0.4172926031469872
0.4103938971387903
0.4041624478357827
0.39856680754976603
0.39352642808855764
0.3889782944343146
0.3854610845773852
0.38237853290909996
0.3796374516775804
0.37726566998992145
0.375282929151404
0.3734143754334754
0.3716873089569328
0.370137244125959
0.36881636635462994
0.36765429919045894
0.3666121825361531
0.36561828843483846
0.3647296323093489
0.3639058352436189
0.3630620895665861
0.3622649713883189
0.36155809946214656
0.36093756781616904
0.36037559388488855
0.3598709451345295
0.3595714433531952
0.35931306610930336
0.3591082361944709
0.3590774326912339
0.3590348608543378
0.3590645795116904
0.35912397501383286
0.35915727612719756
0.35915300575477765
0.35921404728439943
0.35930749362017306
0.35940038979940453
0.3595162523259702
0.3596004220953442
0.35969320886416384
0.35980413826608526
0.36004999195448156
0.36024338449608656
0.3604261719307545
0.3606267874658048
0.3611892191595731
0.3616774538684365
0.3621277170321533
0.36249118434554456
0.35824782769653657
0.35443853272875736
0.35097071468563534
0.3478393995302397
0.3450833730382591
0.34265024741081695
0.34054556415299786
0.33869969787323545
0.33699904474510006
0.3355215597543172
0.3342577106647024
0.33311310963663254
0.33216492545311305
0.331198544875985
0.33018857215730996
0.3292928385408264
0.3284828142128277
0.32780333529759964
0.3272501389521086
0.3268602988178726
0.3267396403704332
0.3266443589018301
0.3266627120885616
0.32683014692871576
0.32702925709327413
0.32721901452684976
0.3274586553356121
0.32771837599818643
0.33029589433319145
0.33260845511108333
0.3352802208304438
0.3376724627162685
0.3398121125476638
0.3425664308814278
0.345068004641489
0.34729513585042904
0.3493228156187774
0.35135443249969933
0.35338915823265205
0.35522673573225844
0.3569208320555928
0.35844278130047447
0.3599153007043419
0.36121081402567845
0.3624919094251174
0.3636235210276523
0.364637691364237
0.36557162289671785
0.3663358998340703
0.36700966963500686
0.367623492708613
0.36811216045952044
0.3686112453491425
0.3690626396723001
0.36953735622532197
0.3698832308691271
0.3702713306686822
0.37063724452340213
0.37099965889973396
0.3713336947193847
0.3715868725060451
0.3718297156253254
0.3721238567107681
0.37236588471556925
0.3734309052101509
0.3744463602305951
0.37536351290047665
0.3762131733611422
0.3768898696218057
0.37752353794179094
0.37810359837762736
0.37848310561743026
0.3787402299421558
0.3790367451915189
0.3793320148332645
0.37955111553103393
0.3797342489814726
0.3799934694262631
0.3802902578324405
0.38069411964545535
0.3807003907626722
0.38067012739794026
