0.6575285983754654
0.560825890768802
1.1662883528693981
0.7677422563976399
-0.38393260793180245
-0.19507085481427783
-0.862121368298678
-0.7785402813147348
-0.13710207571691618
-0.7365076452144964
-0.2992176630915704
-0.3753974336566714
0.12874066633596998
0.1404241936261538
0.17643353963092326
-0.2177430947947322
0.02619208033773835
-1.1063853811739945
-0.37631896599290965
1.124806691947809
-0.07211558362998637
-0.199750440714119
-0.05844558524988158
0.4618560926106836
0.2266637304136615
-0.12612537418338585
0.1962538685065439
-0.07390726703821426
-0.018798373962725483
-0.4705451038116562
-0.09063144874939037
-0.379493866986889
0.3941357196795823
-0.09543436209369976
-0.16578290794372677
-0.02159549355637661
0.7320872149962359
0.020879229602440368
0.08497766437086592
1.2134235413026506
0.016982800795823413
0.3019108220675428
0.2770032729659404
-0.17482019708631255
-0.3109679478648288
0.02865613003558742
-0.10056057166825647
-0.5890153879388694
