0.4649284611045063
0.4495982288979939
0.4489455268230043
0.4347093601297585
0.43397289002343353
0.42547178105342465
0.4227522311807307
0.40875504540189767
0.40125999724566663
0.3935005219772281
0.3849490387987992
0.370577331263943
0.36943247333805507
0.3520959224537856
0.3541424064492154
0.3550827420439867
0.33069746383171256
0.32900958057949226
0.32870111039675787
0.3165934174884498
0.30922930705559737
0.29594962639757305
0.312452614348798
0.2866695871632907
0.2932450670692479
0.28191762811691
0.28459922981161434
0.2873431562604726
0.28088134505691553
0.2642137702165591
0.26872757089664173
0.2730139719375402
0.2673975224442979
0.26816322663929293
0.26356229388781993
0.25708998725747456
0.2533093116652393
0.23835666489662277
0.22230501606720426
0.23353836408784434
0.23347193823234091
0.24014107122011596
0.23073494744402634
0.23065524211754007
0.22331339160582564
0.2329929070003428
0.2151880506245506
0.23116612705749784
0.21853425867953047
0.22394190815527265
0.2120367093750754
0.23310683235389656
0.2024673589251092
0.2198867007778132
0.18705664807950378
0.2050045497257118
0.19572952194845494
0.19245468790695064
0.21384984278759867
0.19140386640529838
0.21323518144389142
0.21115482141586672
0.2025717428293003
0.21137214257056752
0.20242203858204966
0.2070830997062708
0.19549010311539772
0.20068531523026278
0.19580910528694145
0.20649612477414725
0.20203465664807252
0.20210059007325687
0.20090263521041157
0.1787711856146727
0.20619928593240422
0.21151240622372708
0.1726679024699847
0.1982539030119193
0.19580886343398923
0.1770720919311926
0.20948201150567375
0.19587454152337963
0.19937401118381887
0.1956941467920606
0.19911100867998155
0.1896390644696601
0.17330094312236421
0.15641861746008218
0.18958677009586083
0.18055548726038134
0.19275278990449096
0.1787643998966315
0.17750459058126672
0.2028351005607365
0.18455525707109993
0.18150086630545254
0.18991094336415648
0.19213035805543716
0.12456076182324644
0.13929049470180022
0.1351272990289561
0.1733316401054284
0.18196814333470934
0.13209261407448059
0.14395119061050565
0.16251364589537026
0.2293912066123071
0.14800606378856318
0.2562286986926543
0.16350263229061457
0.14492261017304053
0.2178059200012637
0.11083791083814515
0.07205366775136363
0.10225169119430055
0.1686402087204394
0.19464871626803937
0.05903585450240639
0.11579764821825567
0.07051439156333106
0.13584800936655556
0.15817318043141904
0.14092638438897243
0.15701806252026757
0.14390356811699262
0.13242179492444145
0.08935892001874918
0.16087918945940832
0.14567617499859747
0.1389911753678738
0.1411428133305369
0.04991407579091084
0.155354156721489
0.2013278113398574
0.0910271751053307
0.27597284103809766
0.14579222097131428
0.06574400419901061
0.23362038659340256
0.04287636153086943
0.062042553942557754
0.21418776391677824
-0.10648424238937693
0.26688521574921853
0.10986794685754969
0.11813352621274609
0.09246234329643988
0.15640656698968952
0.2516908225965737
0.23644600063482774
0.10628756784083826
0.030449495439772656
0.13118904895122874
0.08853235921742947
0.06410973891424016
-0.1187972548440891
-0.16646504919081206
0.23732299252274075
0.18375293276789434
0.1896240268906637
0.03293990180784623
-0.11993548229564421
-0.5687772290355964
-0.11466901398264229
0.010308614455737941
0.34360170172058735
0.10201617560027698
0.3220442593460646
0.32373008081286114
0.45336476756040467
0.379473886664595
-0.034875828891159366
0.4039823657799854
-0.23659193722755634
0.25308291833585006
-0.6391288098903807
0.24010037261650063
0.31741197641455
0.1813684336490518
0.26884671817964506
0.36036394722840304
-0.03235519617608351
0.4868455919477546
0.24234428549853537
-0.22750172836576943
0.2565336162089742
0.2786939717156828
0.12566246332816017
0.19445882590823493
0.2131785991455198
0.24101737182145117
0.16245283025250584
-0.18227527158223156
0.03108873468400386
0.1875473105176398
0.041908842389106526
0.050669271268623306
-0.5994457400265853
-0.3651068399891573
-0.11853363250998128
-0.04752250671781755
0.10686582599014355
0.2035832734097512
0.2836644710571774
0.3715809467765455
-0.03952275351823464
0.11627284272481386
0.053926455591714106
0.2974150027171505
-1.3990959845927868
0.4420368895560749
0.24699173020966808
0.1428360738479611
0.4172160543811178
-0.018555348393136772
0.19660148015446838
0.4303301380657879
0.4406469017454496
0.21046887291992966
-0.06684000443304927
0.14632199249859745
0.0584591914369787
0.3685987861109058
-0.06272981660618593
0.1695424408591022
0.37724725714203944
0.47995887573689083
0.1934760291350317
0.20327308233773983
-0.3751539151592783
0.023750418953536356
0.2828942169906501
-0.5161342805275924
0.1992929192054279
-0.06842407460886812
-0.3266652724794643
0.21160168441907862
0.10738057694478564
0.22827248428973995
0.21029286113564977
-0.20746463678202165
0.21640044441224365
-0.2740645516692164
-0.2584780364690934
0.41700645301551303
0.22850380854886077
0.2793183660309897
0.3550777325194159
-0.17382205873377465
0.17790112495060384
0.14582759517650307
0.4082533121959775
0.06108036010647622
0.03918261501358966
-0.059151703173968784
0.11752985134529392
-1.7926306217965688
-0.4998121558461045
-0.2666856596464885
0.06500139514682762
0.34337783686813045
-0.002403603255221154
0.3207852999345955
0.14112743246843523
0.13887649149557307
0.37938551977806323
0.4693345434464086
0.445197331207181
0.4137255415310106
0.2828802241821496
0.429598951696485
0.4500236601197285
0.3552344516857603
0.40818292345035334
0.11221623247361828
0.4291410728913348
0.3651343022479687
0.43060127903709905
0.4032805734317957
0.35195778651455323
0.2641062845802854
0.08795845728865609
-3.6795793623916273
0.2588354978987587
0.41228658629710857
0.34717669118344185
0.1278836146766898
0.47887496123988404
0.25115618132526896
0.47942693921985086
0.4129610400211349
0.3544363745459228
0.3747688913849307
0.3663155173523442
0.32452625637479493
0.3705040998282821
0.1996021657849572
0.35312538384195596
0.3531703100669318
0.24845845044602738
0.2907282216466526
0.3520302292045343
0.34257378265057853
0.2520407858569841
0.24019409106344164
0.3022316411446272
0.27040339389531565
0.14957416317703698
0.19962843536206598
0.2819430566278618
0.2729389667911807
0.27459770513124215
0.3015870067083417
0.2503697228133844
0.2778022732638058
0.16247472061044638
0.289705821618855
0.18926102717568888
0.23781378646624407
0.23643030035687346
0.2338263221181313
0.2629549791279365
0.21955510141251772
0.2708094483952902
0.22454639349842026
0.3338184738545269
0.25326118718576374
0.23867616649390205
0.20869518856162617
0.2848520662716822
0.16467212472525528
0.17942864480333437
0.2357388760039904
0.2470266052159234
0.2579279555849914
0.21759812761268132
0.2308101965686758
0.14071362316766206
0.24192545143016358
0.19202862729410564
0.23872551287084998
0.12934816333533805
0.12901109682005157
0.22153307606585826
0.18180642086047677
0.2797201188516466
0.16958637071975413
0.26297452139230626
0.29585715383714073
0.10812713681312908
0.21721445547470458
0.23976731086920422
0.19407987410153626
0.21611553538176193
0.21279369852907176
0.2138631145797688
0.2785184373181079
0.22898549149786684
0.27598670373375345
0.24651062842736765
0.1401940373111748
0.14131170286574912
0.19972379831918347
0.1612444028058086
0.2566414575431709
0.22074021250029663
0.19585378885074156
0.15218388835702956
0.1904627749531484
0.16896967975608096
0.11026041151471572
0.1655255226214682
0.24602872015967647
0.19243943407370379
0.16137978824194366
0.24749875839729152
0.1976005913333429
0.26411088193480636
0.28452183488114413
0.14763203091971627
0.19329305080049108
0.18587265910016226
0.19658835636358163
0.18367838911839324
0.15196312876232226
0.20993591029334624
0.14188980700758458
0.28208021531066296
0.0976080515794141
0.1905201887385543
0.1795028396104646
0.18361589292662917
0.20302366890050838
0.09882566818299188
0.12539475187013155
0.12011956261685619
0.14012741538183138
0.2217932906343733
0.20917694884802068
0.23440774241309748
0.14885172275062714
0.14897917498464075
0.2106719622858796
0.1028646344828762
0.19950318203832418
0.29852491733298214
0.12023742847590041
0.22041749868264132
0.14409327384183812
0.17122663968559582
0.12408334147489952
0.19425792197791503
0.2093409441618267
0.2237113231055004
0.23520528241664118
0.08097817580379346
0.11360952733894342
0.2013840941481504
0.2368956257309347
0.07475483379849657
0.22733173991032235
0.12087277070261448
0.15978451377386577
0.12054672371093084
0.19390745062966241
0.19156113029105282
0.14262152468021927
0.17251240067601076
0.17020579111538292
0.1155051609595324
0.10858176985054041
0.23003480651936925
0.23174106616538998
0.14594282351696475
0.15562389976358498
0.10330530398935328
0.18361109393525854
0.18619594729835476
0.12094121938020774
0.14371242181910415
-0.013929880884274493
0.2808656531290936
0.008860413402445921
0.21914296851998033
0.10731876266630724
0.12055837342742881
0.16461933812679114
0.23139617278205465
0.17155720633862698
0.26112346045240276
-0.04100235887993353
0.1895383344519408
-0.017191991872785528
0.0027819389709863307
0.10335935009938274
0.18447164262272936
0.1686741723154782
0.17249034324231594
0.18480203671611017
0.1617609582961202
0.28069282529788914
0.0548083450188801
0.19358618999770294
0.07665078953787546
-0.1294701370629734
0.14594363372462898
0.166418146015965
0.3568528690699759
-0.014940856809831482
0.16771500831706043
0.17772429039865417
0.15506710446845035
0.24898097024677096
0.10113626792440661
0.027023028398470372
0.012604026455161232
0.07762075545755648
0.14352551490574222
0.05239500844792633
-0.6128756112983729
0.121948638449066
0.13193263912529907
0.19172034437746677
0.025015027070962426
-0.14683945011304522
0.20617860406331212
0.2509380279573453
-0.1094968415919303
0.052071323153835225
0.016260559121119622
0.07357117292312332
0.1964962525496432
0.35302799695254156
0.08570192183050057
0.10778912880789387
0.07622293712086481
-0.5154526311881804
-0.20132256665451398
0.29976277306647725
-0.005818893891505472
0.209102953839506
-2.7969794447235694
0.21974749962608864
0.2834317337296444
-0.11281734810961386
0.30285641498430627
0.04200268482270786
0.45013766131309485
0.3121499924263945
0.3890659221090307
0.27039115453605234
0.3631903576332284
0.44298641582308196
0.44874395825303004
0.3790618392819773
0.17377925093572677
0.29431285543678404
0.3528759205781025
0.46233435171598586
0.37725644267237834
0.3606006669758254
0.4011520360476619
0.37795587734409447
0.3422838267366354
0.27179549179567875
0.30234670564625643
0.42044954763811937
0.40105361275617113
0.21391015239611927
0.3661741341758649
0.2932229282740728
0.39353899672669446
0.27896819971249
0.273262246284312
0.41388435664436235
0.2805496948490921
0.3813091203634309
0.37051786884699217
0.2276149890705555
0.2086750294324366
0.392227608082218
0.2730204301850391
0.32374962213046177
0.42261195027087584
0.058475538241512415
0.25274892830553064
0.26192606859895917
0.270189239096655
0.28934965278164526
0.22479482300808684
0.23346157686357338
0.26628059567652745
0.21292636664881037
0.1959851519407812
0.1333604177997179
0.25127584935927094
0.23249126768964157
0.22821124074298327
-0.08168690298256343
0.21317742388879996
0.3559939784791185
0.1579518210113226
0.24309805170423282
0.2558358017176788
0.3036046243105188
0.12479463534049767
-0.020635313197213345
0.26917774624903057
0.07895833479213293
0.16915368743179382
0.2445042209466547
-0.23371657760276743
0.2579160190933599
0.08217655567365939
0.16079368154482288
0.144083215809425
-0.08117730047985383
0.19474289203976802
0.22298857978182435
0.10021059874784838
0.25109284320781844
0.2896010995794355
0.22754732845506975
0.20762581971748972
0.08192218310584726
0.16518292444039956
0.25271973271595305
0.22209991102123894
0.04795931800837955
0.13866740531366628
-0.22528769279535488
0.10418802890595624
0.0497129574597151
0.008851102026544155
0.23085489128698988
0.1630821983683397
0.24001864907035098
0.24519093994767388
-0.03920711770386842
0.264493357720652
0.17149412859926305
0.14692122335195806
0.22413000771813735
0.1957541341149815
0.02748204286877487
0.062260850281947555
0.11807081782333917
0.07014093809384875
0.17175730512434956
-0.24235171109268616
0.17823910257600967
0.22193604542129997
0.07310673477893948
0.23210998042866904
-0.01265591609611083
0.12203851243799535
0.15520796996706465
0.09603243616841783
0.07105282750403769
0.012618368459906548
0.19433996055453928
0.007913936490020368
0.09208472381073268
0.14616464143811664
0.017994683434431835
0.09519808553381809
-0.04136412911120968
0.20547654438009505
0.3342665660206272
-0.10102353505601469
-0.12120759620271515
0.23760348791725122
0.02148157617490648
0.06293748425811069
-0.06450670357186361
-0.006164705117312819
0.09312482837589786
0.10107325612910134
0.2811786402920581
-0.435947037602916
0.29851054344461775
-0.452667804360404
0.0037790192896016706
0.15626970131881507
0.16525913476911713
0.019723625598858874
-0.0016519293428178816
0.19850386717055724
0.15344750172584992
0.15885208494997743
-0.009867479930227407
0.1685336800651594
-0.0836250003254454
0.0841533276913759
0.1611558884125185
0.1783421026735133
0.20520965051865458
0.24668039297962496
0.180432460035638
-5.861206065605285
-1.7302608800295705
0.3081368554972442
0.26761200394918344
0.4546984360866254
-3.4140500487190955
-8.723773202907406
0.31763191731302165
0.3094465857987818
0.46962844562131845
0.3733036618683127
0.08806537647717638
0.3264919666605418
0.3976508270755287
0.23429866286231293
0.46189378096017547
0.46165885536449736
0.42756364910941946
0.37943865615825784
0.42627560922549146
0.4306986644943242
0.43631789596430876
0.38504179302745417
0.420242196789805
0.47416922715703613
0.42067580968828117
0.4104664550968221
0.4091527535367322
0.43231913305668557
0.4483798126330683
0.3914986468280465
0.45171623672489897
0.4612452351829735
0.47670814730207955
0.4409861763231385
0.41302043762804064
0.44726668114953505
0.44868991779369266
0.4827510311303828
0.44129012178756
0.471364644488203
0.413924952941504
0.43631092839534175
0.4249338292195009
0.43145256358426476
0.45992130980949675
0.44846621045731716
0.44074078832684516
0.48259092633572265
0.46715800332328017
0.4384215906562806
0.46331315518845345
0.43614348733386266
0.4275033082434586
0.4799389259184832
0.47212235497097027
0.46652427335170693
0.43694076677678917
0.4667644883087605
0.4533756367980531
0.4653732636140902
0.4229257426760137
0.4593964674027546
0.45092896418351985
0.37469861300049856
0.46141353851983363
0.44279812589846695
0.4428865887247094
0.43298591255793395
0.45023434428701453
0.4475859620751482
0.4335609379556882
0.44293182526744485
0.4606531883767963
0.4681311971539501
0.44763813247039175
0.456272207612708
0.4535282000041172
0.45632270359465843
0.4204738096538317
0.4436977288310064
0.4244508311571344
0.4200043518784792
0.45210954065635867
0.4566890948150001
0.4517698279225346
0.41574035680332144
0.4401552187505163
0.43931759726365605
0.44415996971248783
0.46379769673546156
0.40097865398431237
0.4473547671156832
0.4747991903467161
0.441899085412488
0.4490209707930219
0.45418963852746347
0.4434401628742454
0.4756980776353791
0.4598811196201158
0.441717332312703
0.4332053294439515
0.4307420617236295
0.4561531579628519
0.45354389736557543
0.4085797386848562
0.42738833257472403
0.4305321747900709
0.4473050402867529
0.4225341292465945
0.4598774955295044
0.4381057239322327
0.4375166538978312
0.4361047092947894
0.4475262247371879
0.4423533841651914
0.43714147610193477
0.4230104734220761
0.4395570605724469
0.4165536182949485
0.4332652226785476
0.4463457488450478
0.4221323679851021
0.43855922880715714
0.4333778884730858
0.4380218015685004
0.421766452020465
0.44774762346918445
0.44420544695315195
0.4287343757960659
0.451954827803192
0.44388684841043285
0.45905542323075216
0.4195307853501619
0.42630144661539476
0.4309628968628686
0.4532176737832592
0.4391739948218322
0.4372940363529717
0.4580584175549892
0.4412557834565876
0.47409458341964406
0.46746121005081115
0.42939850492306075
0.43067269445012507
0.4303162248029516
0.458427163873515
0.4291040850948175
0.4380445824658992
0.4294167288623384
0.4116526395723674
0.45383911142550376
0.41977068196252937
0.4554306446407614
0.44099216367506416
0.3954430491852557
0.45237867638451695
0.4430143598898236
0.43497782127336726
0.4522197627805806
0.45387118804862203
0.41582039851685637
0.4434790690129186
0.4324663206451424
0.44155227780559925
0.42954630908120306
0.47560880748560147
0.4175482625778052
0.39596671732055433
0.45456248849245806
0.440251361012704
0.42053989164638905
0.4271097648646053
0.4372202807498772
0.4480665596872456
0.42519581991469285
0.41113151645827906
0.4697102408810708
0.4325279475509119
0.4452250526757772
0.46068829398960026
0.4635747629394189
0.4541334101114218
0.46038615064289223
0.4247311834391684
0.4592821870098556
0.46040091415702805
0.4193773486986308
0.4354787243497071
0.42179726735113804
0.46066356442371703
0.46750758849363555
0.42478365239102495
0.41274490902155436
0.4443242037059296
0.43414129428761566
0.4022601528998705
0.4079797970302134
0.482373957481161
0.4178114556361763
0.45359906365687985
0.4395204041781377
0.39568757883169087
0.4380299965890242
0.4390534264936282
0.42411815072612746
0.44494985215759003
0.3985738936278222
0.41794902928334043
0.44388654751160805
0.4392006992336209
0.4195450587292603
0.41722360023016514
0.42044154326387645
0.45525933641321686
0.40386229735416274
0.4121982533810121
0.43709338716993756
0.40712252625005124
0.44560860113684
0.4393826747230361
0.4464663943091214
0.43218789395228335
0.44340129690879576
0.40879127624734085
0.4452058425810429
0.4069056328072159
0.4527538310555817
0.4466783272103924
0.42223831149889773
0.46574365421406577
0.42760643865942116
0.4166484272889453
0.42166728916320584
0.40554360779631177
0.40635711988574413
0.42150639429606984
0.4175167221156029
0.4129895061432317
0.43084655493363355
0.4215748145985871
0.4519027675599241
0.38561777843016964
0.42502195211533444
0.4280707230580025
0.4340983110326709
0.43233139257894404
0.42693429637751973
0.4340919600463608
0.4090906835750653
0.40637197457213436
0.43083692825101755
0.4207648536813209
0.4170281693240798
0.39259184697644717
0.4286432758532853
0.38672690491129025
0.38105720275855265
0.4239223641994153
0.40888114552490074
0.46149021129234746
0.4369761524338885
0.4289203448690262
0.4065665187257635
0.41346201792676784
0.4153770357746325
0.435610350280621
0.41165962975576637
0.44926171518148955
0.4332029723591969
0.3899598415425039
0.4257372716169072
0.428364530290932
0.41489243641529727
0.40361709877841445
0.38727369404495293
0.4162877088073871
0.376424612869812
0.3756909642108055
0.4161086252139321
0.413597280839378
0.3519701022362258
0.4162225655946397
0.42035658371922485
0.41287955489145045
0.39051359501049276
0.41344196969046143
0.4277362853590418
0.4089781176516101
0.3995015165070976
0.39911014431101055
0.42984717316668936
0.43236623814001335
0.43803468847028665
0.43701131673803156
0.4319468896736255
0.42773795099041495
0.39148020219278534
0.4028395043800964
0.39569841059326105
0.40492787662189084
0.38379822320186596
0.39231877636018353
0.44320561988837803
0.41044552567797005
0.38662461600452397
0.4089175399164837
0.4135705012724434
0.417852213840566
0.415060162553293
0.4117215177883937
0.40016336015631737
0.41358829441753603
0.39537341678452054
0.42799935544204626
0.4317162568094322
0.38127283102886445
0.44043717977317687
0.37405353125040774
0.3485184284147619
0.39755966723186925
0.4008501827922755
0.41068463033338487
0.3821175273224773
0.41337980730239593
0.39462318646146116
0.37938452884471213
0.38193385984021727
0.42592687500137827
0.395304411318438
0.40554903083974403
0.3866438505036712
0.4003507549904889
0.4192557321440271
0.4136447490281976
0.4119244894799011
0.4067537587596449
0.4277360655445891
0.3862363877241357
0.37734293674255215
0.39571928454101274
0.37025282839148743
0.3694638588578436
0.41098397887360333
0.40440797472119083
0.40737184622385697
0.392583384798111
0.3904965298390032
0.4154161502195569
0.4262077343398342
0.40407346121082083
0.3739222663375581
0.3886836130291536
0.43777104235982117
0.3890857284979501
0.38670468072713526
0.3793119012770083
0.40682985576046776
0.41024396705353533
0.3985254478670809
0.3955882214946156
0.41422569738226256
0.4002607191494981
0.3795907117788699
0.39258594217810183
0.3897561074598809
0.39552516155325
0.43642774015768737
0.3775275658769082
0.3789808921684898
0.3756323957227111
0.39938894295162275
0.38735409628820583
0.4139380012341002
0.41724088822361716
0.38999153728156577
0.3639576643770266
0.3939902994804084
0.38711819803859077
0.3631725594637533
0.37154301945813795
0.3905869530025954
0.371909515303884
0.39102873567073415
0.3742995359332473
0.4016675211103463
0.3367762993457016
0.3964483896852051
0.4021282331857313
0.4009753305418343
0.3901860920404636
0.35932001218408866
0.39332404620746236
0.3822996192609383
0.3826424488967053
0.3911283364473387
0.3929204244096789
0.3636349073917766
0.393676984577241
0.34760364825015955
0.38534606096480384
0.3576483934333249
0.3456054344230426
0.366301341898891
0.36974982243494714
0.38232077478890236
0.37010626062812296
0.36773729037085445
0.3784524971286032
0.3508556076733285
0.39380435442421047
0.405416487086267
0.34220940970179203
0.4044646122210493
0.35672268662334605
0.36983611810099193
0.37123692729859065
0.3795752069108618
0.3472479851303262
0.35294091374637554
0.39682564785069097
0.3596240300854855
0.3799740044736181
0.39099099856998903
0.34770235785733183
0.36345778133351925
0.371269327663561
0.3745877469192683
0.36547958522861945
0.36271774772613874
0.4002390448893242
0.37491218280811023
0.3418062223461221
0.3373417333337537
0.34447942423992844
0.3820403112416825
0.35838635920972794
0.3684078627282429
0.3029621204556359
0.37677149005026156
0.3668673062802149
0.3835861975166224
0.3560855709625881
0.35854891098060326
0.33531798100750365
0.3468310835546971
0.3842574255274491
0.33924522058159134
0.37818981627560666
0.37342292248101455
0.35619481416854115
0.3588200552915748
0.36587433652015894
0.3861021870909136
0.3715717322754513
0.2941029941848795
0.3625664304414008
0.3488525834516045
0.34518832325936555
0.32614244948884785
0.3602821724022172
0.36776647073177726
0.31361422786556714
0.34586961869491095
0.36340316720280574
0.3402407165525794
0.35328759494921463
0.32911778841209793
0.3317132471692157
0.36079980263097433
0.3554370016265973
0.32915068383036744
0.33383153411917205
0.3205673414501183
0.33497712318650985
0.3175025294904031
0.3479819490465196
0.30841097577173676
0.3323621562814741
0.3579268582795154
0.32836823463384945
0.3433869422439596
0.3458377753703721
0.3620558048382681
0.34212216838563897
0.3205100733591819
0.30849630886710566
0.36888077222498017
0.3095009764831414
0.3042800216864012
0.3337654840069968
0.2797794797794239
0.3067414131934945
0.30632314669057026
0.2950656024588383
0.3151252118320583
0.29022385417911645
0.33575507517493436
0.29871209605533255
0.33265387230574567
0.31618025528903826
0.34784593820127035
0.3311747662769433
0.2900401184511121
0.2924357915390773
0.3081233742133349
0.34462909111761186
0.30659120701904785
0.25266411305091585
0.3088971431346237
0.3083634297720155
0.27978139081100173
0.3203388186158505
0.3166425032230237
0.2651434509805276
0.29750684555300083
0.347753110432371
0.2632200376661058
0.3075467095456047
0.30769597961177186
0.2689448514987772
0.27605959885810993
0.3230435518682089
0.2802013478467459
0.27514434411767763
0.29431348289138914
0.2731127885991006
0.3118517366403293
0.27587234753183487
0.2846528570994412
0.30334293203296947
0.3179062631620031
0.2818043168121668
0.2578582827457998
0.2807323232746901
0.2652706338335616
0.32933051756115994
0.2172122716460702
0.30213476014167717
0.24442885600987685
0.25665678999440444
0.3419182254059936
0.3114263654043268
0.28521059322357567
0.27458305336137195
0.23680300375603874
0.3082711550745569
0.26938316639434456
0.2723998657014066
0.300623060441294
0.30830652063435005
0.24308133326291442
0.2746907463914475
0.3268648218071263
0.24514635165126342
0.29460242480544097
0.2626996562644801
0.2875375357351483
0.29961328700461654
0.25820995719957085
0.2813928510466196
0.2715752214499427
0.2394572396368318
0.2189549326591822
0.2514839941081179
0.29030272728614215
0.22673375624053288
0.2645870717619915
0.2782848318219405
0.2502848311666915
0.23397002580290904
0.20640981095082872
0.318644736973412
0.25580223649093053
0.24195530029218382
0.2607128626288827
0.27445276544233843
0.27549639032026063
0.2540741436126829
0.20678489941417827
0.2325019938250636
0.2566307288041916
0.2585110783299436
0.2706350594139069
0.27412664864119246
0.266827078047259
0.2843429444999252
0.24901795895009543
0.2511066909038048
0.2513792019045679
0.23220499768181402
0.2099638095333652
0.20587971218639028
0.21302522073450625
0.2383216213054452
0.19504024254383046
0.1726545838713927
0.21845496019676813
0.23497984599552707
0.20048377478881924
0.1786160774514507
0.23446966555062587
0.19561680674248383
0.2585056040380662
0.21431063512489307
0.206660928129081
0.1816988306983206
0.22128355036665548
0.2117990053295143
0.19743300101887828
0.23070962340018475
0.29411761445973406
0.2511034044725521
0.22307299186312646
0.23318989711148735
0.18550273754453156
0.22074698246530366
0.19851790637990252
0.16365298250802213
0.18250104402956485
0.1616305181751887
0.20117935827225808
0.2171868260918342
0.17179199200586293
0.17397559112496114
0.21856589719035757
0.22246811083572365
0.17521578978182184
0.2293551734182766
0.17895257721911423
0.19528267822071116
0.1981984288388669
0.19075009285100603
0.2639140604437532
0.13660105764577762
0.2407835731126905
0.1721050747475204
0.22591243938005617
0.22784537388909398
0.16240641043661458
0.20108221151769745
0.2235047840387776
0.16744707088429772
0.10287828023230366
0.18697821922416208
0.18917736638885713
0.13376848433932914
0.2327152486480754
0.21213084796894116
0.16034767750372692
0.19948694923833016
0.1208925913350768
0.17490791216493695
0.13172814518584974
0.15201234992963986
0.21570077398837878
0.1864095140568407
0.24219391045698457
0.16651087651592394
0.05906393261626325
0.24191068909633168
0.2045809162072521
0.14839906459453545
0.11041369596030642
0.17039888362544736
0.20706933715044
0.09461003684879354
0.1971353373110109
0.1282072335601015
0.14215235614911215
0.13336844903775003
0.17632188777885222
0.15782023031440273
0.21361836084182795
0.14845251590908354
0.1416300359870185
0.1370075775429716
0.1351523254761378
0.16243694046722934
0.10589119264815366
0.06716182215525468
0.09821179395036533
0.18792855785678908
0.09609707234759746
0.2251788251475168
0.15792698098775404
0.2500057290555714
0.14716247236231456
0.20101711757894014
0.16592443110115102
0.18724328298546383
0.17272051541827865
0.19524529309385458
0.1781298569263025
0.2363388978496726
0.20743747857307637
0.2201649792266332
0.07336769036927404
0.17029672245372973
0.12212900181781033
0.14948825206770083
0.09036937607305034
0.15218414519318657
0.13282936823059688
-0.0306572730005088
0.0787345041898096
0.11094075271799064
0.09767613057588004
0.16035071480758167
0.11454073760615618
0.023487354458060716
0.1450434085897211
0.10108077685581962
0.12790451577823198
0.1496986671596059
0.16146108391531888
0.1633404180890593
0.14769828222847348
0.12586091170623304
0.15842662343030994
0.058338632089401266
0.19217434950039325
0.19673462492375854
0.12052994630192793
0.20327241662500223
0.08769883524504657
0.15829831470081335
0.18516404908583467
0.18288111976281607
0.1432557432046504
0.07719729113598095
0.15837327638171356
0.14117769088259546
0.032997872347547585
0.17258039891790694
0.13525752941674196
0.12832009042061931
0.2027408082875256
0.1788913388316532
0.07333297642722919
0.07402919604258723
0.1467561840513737
0.17699696516527658
0.11371578784587055
0.1708131449325811
0.05590594794003145
0.20885714618317486
0.21394468942877803
0.04126572150942026
0.2117681700184078
0.04645128951335803
-0.050814759483073346
0.10305202904235006
0.15110980293091686
0.12719545312500025
0.10575972150655633
0.1057954752557907
0.12568520229882768
0.17194775710259314
0.14782878715413172
0.13050243838352482
0.027761544174778885
0.10807873772553006
0.20322447377951863
0.1648362723599397
0.12016525350500867
0.16864659822917066
0.21335380127157794
0.09379546065961963
0.11067355906843451
0.19671773148118693
0.2629681656799002
0.216072494001037
0.06375868106143623
0.02791291354915798
0.19108634981496098
0.22762910581472717
0.04438057920943539
0.07585330296928228
0.24555753461041435
0.1771520707710464
-0.1562079862190473
0.002038267140293981
0.1408635855923812
0.2035990163570121
0.09009434550141066
0.0727658343346212
0.1442900541632402
0.0204856893124149
0.056278145159482484
-0.051204316130058714
0.08167642779132828
0.012308735212493871
0.09416537174332246
0.0578504343206126
-0.14588764537986532
0.21015261214327274
0.055134843275957524
0.04702062351053449
-0.0938972555287021
0.21546739529463171
-0.023496878448550196
0.08987475516638738
0.08420034790973557
0.04851462422139785
-0.49104126590837704
-0.8447131299948256
0.21918406809494084
-0.14487145992098527
0.4348312608462921
-0.7491648341148971
0.1319563114012665
0.13205531952377564
0.1765448894408937
0.25296310389282917
0.2931101404022063
0.11864299688759977
-0.4903409236990217
0.023401814921517328
0.12331566681842937
0.2108566342949027
0.4442022153525663
0.2192474365225533
0.2540157293339821
0.10888292418457413
0.1484130033239872
0.30832042196752624
-0.13304530672869697
0.4626739219562364
0.12673787358740157
0.11735678777595004
0.2536312643318285
-0.09214129007316729
-0.021508731595278774
0.3391619624753073
0.07332647994969554
-0.07814141766162441
-0.007814827543140668
0.18951051067015534
0.36359491504900987
0.25012221197823
-0.700398608965785
-0.10224696485068197
0.13517482681670684
0.1908967662219977
0.08396677031795408
0.31379936551252263
0.2601776852621148
0.2237706578768771
0.319761886528997
0.39118772380142774
0.33931080264484875
0.15685684052777094
0.1550433015866795
0.3570328756934762
0.21833686620183218
0.13966783153239037
-0.4498478160419348
0.181478512871105
-0.10720695798238145
0.01976583994024722
0.273085016202798
0.16663200547111978
0.0199581481760554
-0.04094905445950403
0.16965829045320963
0.255930001419167
0.12497549516923695
0.12442312612621304
-0.17462847377386215
0.13896727372002876
-0.7962507422257106
-1.5324190336756924
-0.16463284106942122
0.15426145919727302
0.45478214692437346
0.16938711184957284
-9.386457477008914
-0.18371907026530854
0.40314776385069806
0.20966839886467492
0.28073037576280946
0.35036610207322594
0.3455072880637705
0.39896823881948096
0.3820345341501189
0.45709383323592695
0.4912122152527001
0.3882193768175112
0.49243405520497996
0.4076102307160754
0.48317840697538694
0.4707289998813868
0.46591021599328136
0.45282423839116775
0.41928308585746177
0.4611755862122723
0.4920999066114161
0.4764002817302875
0.4680411356459135
0.4400809886845829
0.4798188260057909
0.45058169809994764
0.4516338264638899
0.48799237970479237
0.44632019833105396
0.4395580650754918
0.4559648607497745
0.41708987814627474
0.47191005871808667
0.47441974839062157
0.4734449204450108
0.44668489150601254
0.42418790596021705
0.4282337597581899
0.4330295960048911
0.45717301911613917
0.4439488175649286
0.46038411243537714
0.45204741111859154
0.40276932779603564
0.4252708693858589
0.4514214806280718
0.4318981516174275
0.4258666731544411
0.44253021069448323
0.4706737362169575
0.4480938676511411
0.41182549369839283
0.42983588470348416
0.4184911931607471
0.4198773315554396
0.4330059996932787
0.43963898277633634
0.43991552513215215
0.43193033159553246
0.4573581336574651
0.42899147764882906
0.44494103593978995
0.39414426339943875
0.465978578688125
0.4074893844224662
0.4343131505166793
0.45465336268447526
0.456861522795205
0.4663282935450408
0.43103290501630076
0.4832098502153365
0.4494398807427269
0.41470756235164313
0.4484132313672673
0.47228843797690945
0.4066496952332219
0.44602128514976475
0.45430745662485894
0.4245794424751593
0.4116005658022046
0.38480337596961944
0.35756375662894513
0.4086603948380564
0.42752453346178787
0.40745880888816755
0.4413225866276008
0.40331687864986054
0.4210628664689297
0.3751810159648271
0.425089234005644
0.40522230109041113
0.383858373921663
0.43454097958738414
0.4085413897190138
0.40584965337056195
0.4306328981853917
0.386248374993752
0.4079185659314884
0.41413855965085705
0.3444064775939107
0.3670070768492866
0.40721079032032964
0.3483772374979132
0.41598050539010883
0.3727030098271069
0.4132938569454533
0.37957871869054444
0.39531276725006326
0.38631511684094044
0.3834856314122874
0.3739828291813754
0.3550461170565194
0.37672543619482246
0.37757636413145945
0.4015763007531107
0.4003981551248145
0.37880768975546386
0.3524925015069933
0.34637282093262567
0.3678269484041695
0.36030186862652286
0.3894450917887669
0.3588909670076956
0.39143254339842865
0.3388675044927265
0.39329657785063166
0.3730054537390888
0.37827458028286376
0.3609411701956477
0.3412431442542957
0.37135799077650755
0.34503662487304665
0.3510600465566117
0.3586678224698376
0.3395018924862319
0.33360655076803536
0.35795023798450487
0.3261746031514996
0.3879237909449014
0.32151386314806457
0.3341941519699262
0.36398939092433863
0.337923348890002
0.35434429031805503
0.313825603134779
0.34374263234686075
0.3420454337137141
0.32986448252701495
0.3389348701254187
0.33593496475243056
0.338832741202016
0.34878006591793514
0.35720023312947236
0.34118328430570677
0.35741064876201545
0.3424309139252769
0.3087077265737095
0.31089958075555024
0.3329189172324558
0.3055191290551066
0.31971711107572587
0.3431800054489344
0.34219072433266107
0.27407331763473797
0.332416986529255
0.2898940877881734
0.32369378674252125
0.3461041478040764
0.28098995440756347
0.31949104507681003
0.30273971166962754
0.3156326023646402
0.3159474222968268
0.29893292366694346
0.3257741269307677
0.32659880528096397
0.32195750919317156
0.3123235590266037
0.29885246523449477
0.3078563561114526
0.2993821459270116
0.27459525412415875
0.29041207971018557
0.31643899569454803
0.2777193288062788
0.27878445584342687
0.2915649219880814
0.2910920161542452
0.28544492911621194
0.32568100905693764
0.27025017475907587
0.2770102329869977
0.23882371522125012
0.243612254136104
0.2613164493809771
0.264268432182834
0.3044560125352845
0.2740909559103987
0.30906321396340336
0.28319103674314094
0.25885757723134806
0.27009692788041084
0.29943953060971784
0.2877528629227845
0.25373793774744574
0.22018744678745755
0.2829040417682178
0.2962058714253518
0.2664963764939935
0.26053469318542544
0.23176945997809734
0.29533776945365453
0.2384079370998644
0.2305515398791324
0.2527024072007745
0.2960303061226873
0.2615921761957588
0.2191954859202599
0.24789994799410175
0.2680335194637401
0.27186122554479375
0.28039340232963506
0.24480534796435044
0.22095147192977188
0.24053216983273779
0.31844560741686234
0.2522805505757769
0.26235056664716394
0.2961504026957196
0.21051486312618156
0.23080552379482372
0.21678536501831502
0.26132461509718297
0.20656897902776505
0.2541846289284734
0.28067217157079494
0.24326877546521503
0.21652594322782415
0.23995472339867358
0.20551845573245475
0.27125299650308443
0.2182891331912275
0.19208900816571012
0.18172362189650637
0.19589029172281763
0.2537369465989843
0.18626781479037352
0.20391526133849325
0.23075139888435664
0.24846189311261413
0.19785715499880124
0.22308449981366718
0.19919542693081255
0.2346856550404406
0.20864017688748565
0.23189017189986733
0.20968642030049178
0.18566340450668173
0.23062586951984881
0.21698824598356214
0.22236244597107613
0.22848671593079317
0.2334594631993821
0.19202586499841962
0.1845831564675393
0.20289728321985895
0.22280325943790608
0.22951804650945767
0.21597196086664316
0.21899234525726397
0.1888876954872285
0.19048248658635902
0.17246414215311107
0.17934802446399256
0.2195968882130946
0.19074379150478254
0.19190867325430977
0.18831969220264488
0.2188327066772321
0.21024285907183465
0.17158599095615162
0.15669894605666734
0.14993449723067026
0.13013754904490515
0.1828456624383049
0.18705264293067514
0.16161866918297357
0.25111788270688984
0.19096709629000308
0.2038198530851435
0.20064563271210162
0.2023497042056439
0.16586943294834788
0.22244666377529054
0.18583140789263025
0.20169686566823192
0.16707222276967854
0.16035653786378784
0.16074293859340083
0.18531301612398116
0.14776211717118215
0.1718609011265782
0.22845227148941533
0.14761824301884058
0.2033396795594754
0.17365158864484526
0.19111524483577957
0.17232533947528883
0.16925955039897916
0.19701234366694825
0.20340178252531782
0.1599007251429152
0.18943414969412753
0.1710929388569492
0.15169808086899556
0.18261453495592106
0.17143521830885772
0.1515061585109594
0.19238778625982245
0.16055753962962732
0.18994945880004055
0.18046895753614894
0.18630408955224254
0.18194214708170958
0.17229593832302137
0.19899407075949604
0.14833581128086715
0.1830328158123103
0.18874586521478032
0.14332713922981372
0.14048600687827445
0.11714565102738683
0.19326119220922855
0.18445139750697798
0.16641735153432885
0.18870859735200263
0.13170117037349988
0.16807555951615072
0.1558381879065932
0.12939619030286154
0.129374818622221
0.16280305942952278
0.18851928425304176
0.1833591845965386
0.11982566281266777
0.16519386149296594
0.19000848197181974
0.16811386117889748
0.17734293471414742
0.16497482554776255
0.1386871263894892
0.11806275424160645
0.14535295027881368
0.1491101692178904
0.17728986445306605
0.1718601691497395
0.16351674495959462
0.1984401628580021
0.1666319789156384
0.1614320650616311
0.2003353862524035
0.11900739618211276
0.16787401955392278
0.15072827548297069
0.18250864339032974
0.18039934710795952
0.14296642433599815
0.19099084755128504
0.18345152813353965
0.1290056178148244
0.1549602258584304
0.13262392293844621
0.14974735316081633
0.15705860941575
0.16479170763140932
0.13690354430355145
0.14451987479660178
0.1573124055459012
0.18295073923725141
0.16232924681216654
0.1454193389555104
0.14472490123703363
0.18556939863793231
0.13620603115543056
0.17405415840081379
0.17464503276387994
0.15770184004577786
0.17611572767979405
0.17333893945164552
0.07708788125357846
0.16162564751989367
0.1804162352567647
0.1372143857348998
0.11641377759452315
0.19507121803843908
0.1867267602207951
0.18281346652548758
0.14320733689829535
0.11883859966001603
0.17273388644484794
0.14512135586538177
0.1795677130949867
0.13357104972818645
0.16140816617627185
0.18397864267601272
0.16914239983268625
0.13229231399836322
0.16578732575876093
0.1626764901179698
0.14353053830217882
0.1942632298942607
0.1144639617169077
0.09246593684250776
0.12805830667684093
0.14293786780168138
0.1278976755195299
0.21405306776011812
0.16622724346553097
0.1642722732461035
0.12139335098836618
0.18292026959093988
0.10820457760823748
0.12254231658347053
0.10686251345102771
0.08953907928223731
0.16338353557394808
0.16086833946235424
0.10682336633318607
0.08086606392435369
0.17982472544099604
0.15348095067684936
0.12132820051644172
0.11822356329070743
0.14819084905601082
0.1488327665761386
0.12133706678580819
0.1291332142217787
0.09697400464333572
0.0901962720737638
0.07162714270058512
0.0986172710484185
0.2000298811873953
0.09495748211501687
0.16397352808930554
0.1708847247348662
0.16215221367275634
0.13147952783017725
0.1486320949845894
0.10259689241310616
0.16400022245938195
0.14134952222303154
0.15264420130444528
0.1025236743962023
0.17185092730792662
0.1144237980033177
0.0692940673612904
0.16220594858454113
0.11161349052922992
0.15868621472818867
0.1489177242060969
0.06732900131107766
0.09094787140092747
0.010247521551086713
0.1418911005473268
0.14346972375609818
0.07684852616301802
0.06433106100324226
0.10532373810510609
0.15753723857989332
0.15130230550542084
0.0994757577019641
0.18323053869891137
0.143385156827382
0.13675459722063038
0.20242388010283346
0.08695004024884134
0.15464727835481012
0.08041680374335336
0.11570529141586172
0.1225740477728069
0.11528598988158445
0.09795783764293875
-0.019410385727251067
0.06652880298690939
0.11626042934265812
0.08726998973865852
0.1537437295464829
0.1605064178121236
0.17142386766156864
0.14446963892756814
0.1723659962839738
0.06310112117931643
0.040943184672953714
0.0899024904194195
0.1251984792377015
0.1473361694194421
0.06894784106699392
0.06913841676615612
0.10391262976716792
0.09722599579113472
0.12609521827074266
0.10074507860661297
0.12305638922052548
0.0844610641873847
0.11901046019322908
0.1217428353922963
0.016493199835041827
0.0465746195341884
0.05022689383259421
0.049408861540018945
0.045184934209542615
0.13486564319267963
0.12660138106104718
-0.05589962409632454
-0.1308312450869794
0.12092784668369677
0.13907326614242616
0.18200430832022413
-0.10721535671135685
-0.18517233548745238
0.09540751885924348
0.03449013997543304
0.07519355817369111
0.18687348620247157
-0.10472285558503247
-0.2455104965410988
0.17140985643456141
0.17406591926141451
0.04110730558472897
-0.18699579250599552
-0.09497821373327264
0.13806653917391642
0.04567425719784618
0.18375860107939568
0.0009944326647224333
0.2038718353025058
0.1313092099472336
0.09721498053473226
0.16125885576801313
-0.4461034467580801
0.2364535385646886
0.007990181750343661
0.08506886893954729
-0.022224759967090724
0.18451761206589257
0.028459361986581333
-0.14569153747598962
0.24515244524251167
0.09451274783955088
0.05150485680879485
0.11802907051701306
-0.007715150357754497
0.02465073229998538
0.297882007945434
-0.2200168467939987
-0.16126708964844594
0.1687682477903662
0.03902748370682241
0.3809704447565795
0.11027460652431548
-0.20031913887275177
0.24082202229014038
0.2611290938417646
0.2187628661160862
0.1822015508251153
0.20673618743375283
0.18876922014547787
-0.33742715440941473
0.1682962251818344
0.015468389396561644
0.2907360557260929
0.12647230465960552
0.011973294621479114
0.16843785210131662
0.23341788255706503
-0.10658664351886038
0.16540234200812332
0.26005563901168544
-0.03919980326603567
0.15465107802704414
0.03873365452992378
0.23013209606738716
0.06406325239784644
0.127315778220433
-0.2093884317582102
0.19106557528204438
-0.101143890119333
-0.07065949931842386
0.207576919877357
0.11298982706583022
-0.11366653445671471
0.18663117350481045
0.285997579692832
0.10612612682257322
0.11775598724220915
-0.008811685524288126
0.18511838744630366
-0.22054669451078102
0.0013116648158784106
0.10782508754288828
-0.10516265255750856
0.07526441265965583
0.03679875762204449
0.030470140335162987
0.17710351905433497
-0.047950470423043345
0.11063751783402004
-0.12539503833349275
0.05449610155013812
0.21347431409114626
-0.8404886049908016
0.14806004338786988
-0.2382780947056995
-0.2323020821768127
0.11589480724344026
-0.019704125759880564
0.06898899048993884
0.2202041618087549
0.387005818644162
0.17913760329248402
-0.0915321750375736
-2.330423969857616
-0.747778619593354
0.055411597807776825
0.08299304976105393
0.05655966705163701
-0.4887285108338357
0.20233808283866445
0.13508677311827377
0.22900854375423801
-2.601377416071316
0.09556610784032371
0.43003255575233446
0.0950144433693057
0.44083876665561694
0.25155070966497817
0.25665059887571595
0.4940329379616164
0.42030237389237685
0.44078438852680385
0.4074843797200103
0.22890730197889864
0.28739838104749965
0.3324385916530282
0.4706534407008728
0.43726408413521267
0.3936928884743211
0.40847739178775655
0.472996554023735
0.35815966504452723
0.3424814979195064
0.4483809046475313
0.3336369652788678
0.35344336643384433
0.38434473601686553
0.36740171227134777
0.4481727427654189
0.3786103549078619
0.3260524721121389
0.32278991081661923
0.362717000254942
0.2856589685291394
0.411152148705414
0.34802130863478614
0.33269032216448813
0.38862359105801725
0.39777624387058164
0.34777546905408735
0.44325386681122175
0.41114679446465463
0.43116569422394124
0.4646932098726294
0.3540745948945302
0.33531854431800967
0.3467785908598285
0.35627443185552066
0.3084905804971695
0.2669541285040573
0.3265166122934675
0.2896965833826918
0.35287275683409686
0.31767081721895624
0.32716615448153774
0.2747368245180378
0.1876315328524487
0.3349383190589368
0.31695676983268684
0.18767343052415053
0.3122776583233835
0.3126670692027652
0.2598108667303566
0.32762632365687205
0.28786821596692935
0.20741671473883094
0.3051655015023837
0.2964343320615542
0.2527022484378626
0.12951415426286905
0.24947242368750844
0.368017266148277
0.23109812027839272
0.2778219146677522
0.26896431883300487
0.3351316961672508
0.24123979153509056
0.3083537451133761
0.27706136810518356
0.315766211349865
0.24727011744723354
0.2334404968155427
0.25939768256976486
0.21960851406599308
0.2807061762681947
0.13886351598925706
0.29918842279193714
0.28424602436174307
0.23504041227112266
0.2757812004175765
0.2518250815234684
0.28437041160190524
0.16317936488917423
0.25608144234186614
0.36329359129579886
0.19423794032536001
0.08538421763233567
0.17054706133467534
0.22418544328229967
0.3181881994349053
0.17197723059180398
0.278662508383581
0.23874129619970258
0.15250171758216508
0.2873479578029497
0.2694200866066204
0.2555429932175416
0.2244182250626427
0.1634619947114111
0.1797650757918433
0.25158178918947116
0.23743637072227763
0.25752505675469256
0.1556949833486247
0.2277773170958005
0.14909735616414915
0.25671110995159574
0.21391341449197337
0.16333630281170647
0.3171258752066254
0.08167998662156772
0.13501320754231222
0.18121685695217016
0.16425660491143917
0.14022433183346544
0.23541067987420145
0.1135574437712693
0.19343174458423468
0.13629554322044685
0.16235737149992485
0.08604669617819682
0.16776988315422936
0.2270744021763756
0.17207489009587829
0.19016514189667755
0.1696275984242111
0.20467543682627037
0.172204771714698
0.21509056737315096
0.09976672816212684
0.18563525610295106
0.2657364727983905
0.2590042003621885
0.15413462459456678
0.027502702610261553
0.2867699150871472
0.13966100837500361
0.09494470645704517
0.23497427065747306
0.06071048822235059
0.20350896912886068
0.14782978220225285
0.27168500638264415
0.20505775632287343
0.17724290173495527
0.14885368763745038
0.24068604307505548
0.1788319475432662
0.2624092192022467
0.1976865063536955
0.24122375466747964
0.08420741497669759
0.22900379490062883
0.13391667404911833
0.2289636275963009
0.17789273979203868
0.17980283507330486
0.2297857012896558
0.24646016640964674
0.12117196382140072
0.1475570992589424
0.16828076412486448
0.2017451794900464
0.2651755836845252
0.19881522535238239
0.24447880758454243
0.10990837028754086
0.02551558405301224
0.09366308122305422
0.17315879860384037
0.09643046799264726
0.07906356969122746
0.14722643326433954
0.26083814353222473
0.06541929789004353
0.12871605556397991
0.17244151271265945
0.3194949052221403
0.27213970657638537
0.2394240223447403
-0.04973908749154976
0.1437541691581305
0.06408863191705533
0.11360570756735455
0.0998371660215257
0.06722684880510565
-0.006929803326570005
0.263927295840219
0.05264106896131432
0.015477744537084337
0.3012438275151723
0.26717935870665827
