0.4645331654426629
0.45796124014114137
0.4483278392750719
0.4400594245128807
0.4336489985956322
0.42713118911881254
0.412739367223675
0.4123625276374209
0.39959213462954124
0.39160927407186935
0.3785741091571132
0.3723795282493819
0.3659459809318658
0.3587519755986246
0.3480454624178154
0.34545259742957946
0.33837699210932215
0.33193121056727803
0.32201931258261735
0.3179844455740718
0.319741859433032
0.31199439946974517
0.30394994484091464
0.30574784885927053
0.29689131621942044
0.29780049515018914
0.2866646168963298
0.28540177808951067
0.28701570247087715
0.27301539296642563
0.2794791590200373
0.27667784944126317
0.2671207950199489
0.2702769089742179
0.25928535464225
0.2591356944928761
0.2640847025309476
0.25508891952046475
0.25788596148871745
0.2536344918144119
0.244748338770031
0.24476877385367046
0.2385260109126432
0.2384323119590327
0.23362381982256752
0.23398421153814847
0.23140447047456797
0.22474733684839915
0.22242926981813171
0.22361951683348535
0.22303095329981565
0.21432726044648753
0.2173278772791663
0.20489710986067733
0.20828515404581804
0.2025180097588722
0.2105923292617098
0.21042190299058555
0.20215490138492753
0.21011620686187482
0.20258597020697566
0.20748848997269714
0.2062751198076418
0.19906245157765934
0.201471716293616
0.20023725386204227
0.1990027522277063
0.20153106104037466
0.1971247586575865
0.2007527114051082
0.2014986769465863
0.2031515734311402
0.20274034630514493
0.18705900752539345
0.18470444787692597
0.1952302045508001
0.20009851033995124
0.19414657370897404
0.19028387825263038
0.18526056040423383
0.19750681728609815
0.1871714263789951
0.1926581012293468
0.18462430587824863
0.18477105351978518
0.18991438994100251
0.1873106572609866
0.17951480623494936
0.17496739856100674
0.172743945910165
0.17116466086808424
0.17891230489131527
0.16238905283950883
0.1666914428271455
0.17204647294649306
0.1779814317635267
0.1586520288574722
0.15085733728360345
0.1634344379819354
0.14201100433655622
0.17290829527356905
0.1754835043653325
0.17534674515766185
0.12966380878260075
0.1425934583481766
0.1355216706933144
0.16013321788031004
0.11252057097589263
0.15486295791417348
0.15125437943036774
0.1476263400321749
0.1369863708715789
0.17444719351147786
0.1247240550439771
0.16218676245839025
0.13088445363820417
0.1494575053227381
0.17537486693428345
0.11041386878663667
0.09762631261556737
0.13983323207752912
0.14861258546043343
0.11013229892444543
0.13077729501640095
0.14658174621184644
0.08770778251508538
0.10779621700843395
0.10509210089699933
0.0906201250206824
0.0964233977626015
0.10663019676750962
0.08980208822504648
0.148925729145245
0.1757958357374586
0.14785378664817211
0.13349342359914085
0.0920286188383756
0.09142533789842822
0.1507662331280149
0.11110368112286567
0.0835268105276214
0.10986263568051796
0.1034194475173531
0.15996886507627245
0.10498211060865575
0.13248265992467245
0.08528042616849152
0.07190864854679863
0.15163335330437688
0.12471854514083347
0.09329073739830812
0.07703599092428498
0.08575831395191019
0.06433995484080596
0.11305814244680035
0.09804707304489668
0.1418736777527419
0.061126598211222294
0.07835849419053076
0.017073099035849082
0.025231711584670913
0.05927276418818955
0.005839896348451001
0.15410904096266836
0.08509790013759155
0.08646152853817507
0.11925699909549414
0.09587559638057336
0.062203389432825607
0.11031167348739562
0.10116828904423747
0.06430823769700972
0.08254577476925151
0.06293719839366835
0.01081315055740889
0.09496679600457647
0.06667090721047936
0.018118733306963897
0.0729490627751912
0.0518250317439411
0.12703249648468978
0.08694966603706611
0.037868556451807034
0.10778509552006876
0.07042623954356686
0.11022230593899579
0.07139005752400562
0.10907049591671558
0.15295238221706253
0.07951016363146729
0.12977811724431126
0.05030336816903874
0.06324889928573613
0.0951294166470455
0.08880439186478056
0.07868724266201121
0.05758519454173461
0.08905057251398746
0.022356181906535433
0.030891552128590904
0.09969748383967614
0.07750705061519597
0.06688213838829354
0.08784670936548966
0.052924774259499596
0.08699025105610847
0.09973317025294942
0.03432572578409793
0.08285688487312876
-0.017675959656456963
0.09607312769145804
0.037450777291935355
0.07033199977217214
0.05663877190248806
0.0320528113432087
0.1034793717040493
0.09234649985999754
0.053923852128811456
0.058333190559584136
0.08688490525350206
0.13905508515922982
0.09110915045436696
0.10418621522642091
0.04234039153944491
0.10026134599796538
0.09515852622123583
0.07245637735764182
0.04683838727616596
0.08640855164415429
0.002609240699769644
0.0801981304030786
0.05988545515198268
0.04326308097592041
0.08476194139632948
0.07899486105795028
0.050534189344416836
0.04370410899840793
0.04409970730909557
-0.04603526796074475
0.07300339198856926
0.04004986914390413
0.09037034879133848
0.08620329817662631
0.031693643550519346
0.11606904800399076
0.07434912052823034
0.10550365521396532
0.04132164169172259
0.010966813958557253
0.09688081164957357
0.009694351359674114
0.007753731969702804
-0.07232357918126353
0.059983085811005366
0.015595589052767811
0.035118091669654905
-0.01799147187264527
0.007066510959309269
-0.05464595043024689
0.08373795197338768
-0.05660434413984994
0.06515572195198349
0.036255508581163054
0.08754293698081167
0.022973089586624806
0.07984762525766248
0.0715496967420638
