0.45067703793365976
0.4756735648543606
0.4148115989598375
0.39847986062549967
0.4247830754919888
0.44722723284687393
0.43375468286023017
0.46180231034824115
0.4196879211548856
0.4347251020957225
0.4549992781971414
0.40611123871677957
0.4069749419166978
0.4057536454742592
0.3681631226640397
0.3497278176175544
0.37473951842341247
0.3479972320516729
0.341236938339182
0.3712395766419424
0.3410069711933407
0.3596385907591463
0.38673852740303194
0.34777752606026435
0.3716010063480373
0.308138016422154
0.2976327263362052
0.29042489517329206
0.3357970170171709
0.3343743761371945
0.30015854740018194
0.33280752646564554
0.3291610825920136
0.32747987355503405
0.32737926100043857
0.2562134892982877
0.31597830024475426
0.3128612003803871
0.24870653720433572
0.2909014543634212
0.25006841233512156
0.2960562443633684
0.32075286234528566
0.3013882087892641
0.2976731678014544
0.29918135702476933
0.2853981113236457
0.30290740155186646
0.2145158963883259
0.2953045815574386
0.21036235197928593
0.29284249222515657
0.2605408286220653
0.2510436619109143
0.2770085242134006
0.20695268958817697
0.13564578158669222
0.17895066150977945
0.2610706555772724
0.2532787645438722
0.19609449291697972
0.258669699180054
0.22168728428750278
0.22477451524235625
0.23201760048951425
0.24568854403459522
0.18855590765152314
0.2146311439451043
0.265078338242959
0.22425492328624508
0.1679984344490842
0.17227146701609924
0.20650171676469664
0.2038699970510251
0.18373429916352352
0.23421233560404575
0.23667018826787878
0.2726406072173188
0.1481362701171774
0.2434710230289458
0.25705042331975114
0.242285939342062
0.22316354048674242
0.20836473708023756
0.21662035725009948
0.24773119653301656
0.2983218673564609
0.18862452676463692
0.15839099177654298
0.2304843417418586
0.2546458680902597
0.25434233316051313
0.24821902878843044
0.240898019221839
0.1727994314709675
0.30146175914182904
0.2609657336001371
0.2100086375132763
0.16772984023214033
0.25450426248919233
0.14870577834468635
0.24001452072003165
0.2569505714015914
0.26077764530271313
0.20126080797778895
0.1761047326115166
0.19172292389826984
0.18289859422383192
0.2192673773477683
0.20369149877599363
0.20122831122319512
0.2154233331854568
0.19716394520974995
0.1885699950325463
0.24441635615522816
0.21141039235474524
0.22610574218353746
0.2018766410979685
0.2177443872919549
0.2673077958047867
0.16556205454146
0.24522464102210279
0.17870278739088125
0.22040926883312656
0.21371790233638893
0.2333194615209394
0.19457344133789417
0.042099735982120634
0.14020348030466323
0.21681661497411203
0.2195909790944413
0.19266079747300624
0.2019938795814471
0.1902666818310983
0.22783468192069667
0.20440646823058134
0.19992581098121465
0.13051777263076403
0.2466467363305309
0.2040371909259367
0.19245170050997956
0.19189522727936498
0.21329522871681367
0.19484278825213674
0.24203949562172417
0.2650340937809035
0.24644989193428973
0.0839706962934278
0.18571181626812538
0.2408993798534168
0.1752071090400063
0.2138711208146728
0.032458499933809115
0.18358216566424573
0.11925479573800479
0.18133201184243342
0.23756829562872783
0.19041560152726533
0.1715403579141389
0.20716557846687933
0.2659082330539298
0.0877011958530935
0.24030648798107207
0.2288397980036544
0.2339834680571175
0.21777779896790145
0.2435527944103052
0.1594542101408254
0.20602638914318994
0.1975160312822557
0.20754541120899234
0.1478443211588203
0.2164543950392564
0.1247781161338225
0.14013934579304144
0.17169257132405646
0.2724893179209127
0.18063729841452458
-0.04703002008460433
0.020674280345212903
0.25894466847359177
0.03560434453033545
0.24185605567977914
0.18205920734615472
0.3104827798445538
0.18955624032193436
0.09501936254091908
0.1697875066609894
0.03694905868015741
0.08920290658766494
0.19701146787757162
0.20598110372519635
0.37414939439767764
0.3294383766212159
0.1265313729933531
0.26871551259510645
0.2558514158498481
0.17768151861054943
0.14408577112055854
0.206876481477983
0.2882919176087101
0.20070627437256366
0.28840523975947774
0.04108188372260263
0.11999190919750535
-0.0947816324085099
-0.15548922940429388
0.2874983885810385
0.35067852892133244
0.24624830988536178
0.2246898295682167
0.3273695600714185
0.17444115486349526
-0.06913569147009013
-0.045833204537287564
0.11738902690847841
0.2684622656137512
0.14211762527501032
0.10342900680430833
0.22220946199798647
0.2944497886569767
0.1963252160682914
0.36018671986976525
0.29152145780354155
0.18376496581807628
0.2565811079336293
-0.3371804811779322
0.36045990843437475
0.20411939572066456
0.18307159540387102
-0.07148898871232368
0.28905854576768913
0.2105748377727446
0.11965434911481426
0.09381187344608677
0.2501362704022546
0.18827704842001997
0.144085460313004
-0.3935882541793273
0.20271123707891414
0.3665231861505342
0.08878452867131936
0.1728355400883883
0.010469511546680521
0.12227193295799504
0.0825427045677779
0.26527281015733184
0.1532580830116998
0.11360768289058082
0.4042441401304448
0.2879872364560965
0.39016930160546115
0.23814628926650266
0.08429794949289948
0.09541871554686393
0.2471002036088571
0.31599318881123273
-0.1493858834426397
0.1935120004130772
0.35974302369190797
0.3839703260094045
0.2677440716044075
0.19451536678781112
0.23482291221162088
0.16685821340375917
0.20756220642369078
0.30635300382766556
0.15624382457086544
0.28766724157535206
0.28591671323619194
0.10010281784208314
0.25558252525585173
-0.7804430908612039
0.1476195859469886
0.3252847100828995
0.23388616132916673
-0.4732066684888566
0.25524508493200193
0.2320281882176355
0.3113844072347691
0.22739021636989754
0.041204798103744056
0.12090393925470894
0.23141644194636773
0.11222051875216521
0.32924787247089027
0.10281680828651518
0.09593416027698887
0.20802855744194176
0.12474568834123789
0.12913165924251818
0.24328138726670556
0.05964592422661863
0.015159521694350586
0.13675373448686617
-0.6568992163515746
0.3506646030787137
0.24483609207411622
0.17085621722192784
0.13237876116567177
0.38576875238635255
-0.20990596577329412
0.34908918373957853
0.3496742837924141
0.2830053078053243
0.05170766363380086
0.24483291166545051
0.08187497239439195
0.05336794101989861
0.22526368093891996
0.4236345968323646
0.22459486774419024
0.4566253230934
0.3333237434829431
-0.2605548239209461
0.4691192543097027
0.2551363761563069
0.11191220066258462
0.26689363027014057
0.02704288440857161
0.20881970032727754
0.39704749651907734
0.37130057346587225
0.018146383839712843
0.30496053770112846
0.20097850360358677
0.2648730712501866
0.04414193552158724
0.30384137807197154
-0.04657119531976217
0.4466356287000397
-0.015892556501066246
0.2260623939204468
0.23399756338413658
0.26861362173478637
0.3519746937432079
0.2713743892141518
0.09265640101337308
0.3110409418211072
0.3410262168682023
0.3688386551035018
-0.1187118115526643
0.1226850673645416
-0.05463858925656584
0.2042334299765859
0.18884353029573664
0.190851032358051
0.36581747129759246
-0.01363317671756148
0.07696287318028538
0.283037363537364
0.16708784145360595
0.3699665648736185
0.3454881560399888
-0.34849936150565886
0.3310300030098187
0.33342122292047716
0.3850654843501626
0.21258835687449418
0.2583378334861508
0.20629259181408477
-0.1869498036623356
0.050660140062750325
0.1353631008249847
-0.09089126463152863
0.09910578716526991
-0.40697267709919394
0.2457640690863741
0.10687198919618107
0.2675350797903668
0.31992894862195115
0.3539164704077229
0.06165601620473793
0.3452659315197705
0.07265608800789186
0.280373331870607
0.15289406785818405
0.11485453133303325
0.3425086826900594
-0.43927484476867984
0.3529314201162068
0.001892917989460785
0.05293872132717825
0.12567673669945445
-0.028629747712103693
0.18937359594289543
0.014875702449817563
0.30959075393984004
0.0707102632006722
-0.12044814140759008
0.32252840585925635
0.2309141487987813
0.19331071022634078
-0.1859425251617769
0.1884492527028629
0.17880797820971378
0.1375870992346266
-0.08174281719112109
0.3178956761804568
0.2677352985338104
0.14552611091959344
0.12129997264204029
0.30868747502830773
0.2534413134194591
-0.49069886909048666
-0.15733065585433592
0.396777835789661
0.1701571279754192
0.3582759825155576
0.32975901919405926
0.25524323149851036
0.25944942471638527
0.14236872703190928
0.046538440044221585
0.02833130921682603
0.31772182289957596
0.3920476102508555
-0.07360447297092798
0.12955954721607732
-1.082289988563457
0.15132489787676723
0.17647092997905517
0.22899417614205414
0.3034990777750425
-0.11518458157247069
0.3204424481822623
0.3389629440177923
0.3021952397190427
0.33691615464516006
0.11073044971249735
0.09993319969895748
0.3197179896015759
-0.4268707884488554
0.45858388269508493
0.28677937318487684
-0.36251335506914373
0.23900579995257465
0.33174982157428534
0.3440640635045601
-0.08868886337533743
-0.28034993432236277
-0.017235722327321512
0.3467331874811873
0.008942947393133616
0.2630021773890652
-0.056841955235994224
-0.026749522718282348
0.22368999918661103
0.13180617361842994
-0.6731618291668118
0.37821300310100003
0.3932349159667833
0.28348939870999845
0.05534662664565815
-0.07644128695403951
0.16455167334152404
0.4201446054552701
-0.06239925627514409
-0.06685206850700698
0.3972607026994066
0.16033144118167703
0.3228198558669446
0.17123443358317253
-0.016521930316226507
0.3757738231402298
0.04897977351472782
0.13429624757682013
0.07611758593586065
0.3556323639393516
0.2182208057757693
0.3201805747771621
0.27876076565636676
0.3031191080628027
-1.6459478717694025
0.24754241193129384
0.13050495312267224
0.06328083522106964
0.07878610050632134
0.33464846929129105
0.34240944483886954
-0.24440865727380012
-1.6866777400996997
0.09993605523600763
0.39548403028588464
-0.0798727384102077
0.33235875694840744
0.2135577638937663
0.4392888032428151
0.4426898541510257
0.35179844080230255
0.38404272709864173
0.25500390977601073
0.3787163196098047
0.3194304306221004
-0.026603313704426923
0.3719764805382775
0.2930034653109781
0.39409388880702234
0.44131110764068743
0.30619059115750635
0.009176473225497583
0.2687095362352513
0.0434567389206702
0.3357522049841548
0.18295253969186054
0.17815903233838365
0.3598435965425053
0.27256498864126844
0.1780019059459192
0.36078071562894043
0.3170407392261264
0.4339325230888461
0.2685764125299353
0.028648551768174935
0.34311490307568737
0.17665376391725024
0.3652606103546594
0.1958699530179696
0.46167977050151066
0.39615713940935904
0.3595798885388043
0.035661190926636666
-0.07613099978682669
0.3672803092850132
0.21540087347832426
0.3439828842477023
0.47611744226316544
0.33541916598704946
0.4316872114053597
0.3650694872293824
-0.7709293761651073
0.033285847884772235
0.16791154577302542
0.201431768076219
0.03364600427452474
0.15301801046815877
0.07938184242057611
0.4003569951760381
0.314110627373829
0.330331064822188
0.18858953443073545
0.13659957932700023
0.28381813083614293
0.4228633696669881
0.24344622269604382
0.3029517971246701
0.19217410110296607
0.3489232144410447
0.025998826011614296
0.1593214924849281
-1.8442810925185222
0.1756320096342765
0.42916490819769487
0.263393659148774
0.11537428745678535
0.4888414454722014
0.3192290486627432
0.392776186043101
0.33889254997044005
0.36616356959633933
0.22323663036454305
0.34318812807970617
0.42168810305438503
-0.3445929952813124
0.2381986130694841
0.3988989379930366
0.06659753105827249
0.07930345092914087
-0.02480350470154269
0.29497568929011986
0.1884614493181277
0.30931963670814266
-0.7738699132619704
0.3218831236762042
0.10257726219645674
0.04809468818853174
0.23069226274219806
-0.1355197705979967
0.398703234586559
0.14014882732645756
0.4051157754895572
0.2618283866297728
0.3157440857829965
0.31616205171859046
0.18900073796804884
0.3510056904066833
0.2346029754536184
0.2705630670371623
0.36375481719409986
0.37392680724528216
0.3185184392378083
-0.3575154830857108
-0.3795747055624017
-0.04771380188291385
0.390517183347158
0.14183258868687215
0.4047969059334251
0.31283263887015644
0.4124614962478892
0.1409371923179149
0.38532324384702166
0.14690862736884275
0.17568436505417984
-0.22811279892754965
0.45752843973314294
0.0718534332139551
0.2639357384422819
-2.318501723011217
0.4644478404836872
-0.1417842510060393
0.3790724309386234
0.22242987437088724
0.264596619791712
0.3566613409291589
0.39810636565497226
0.38286309287618253
0.24714205662200134
-0.04415303533466364
0.1434999552225253
0.3250827097204395
0.34483537864301295
0.35403522970212137
0.3675929370048106
0.2873468573456801
0.3442288191992102
0.376038562886546
0.377174633359066
0.3191932157154643
0.4201708627825642
0.3804278146149466
0.09236069308005318
0.403069093022346
-0.32022537896257164
0.15009616195817405
-0.01695635529222206
0.3606443856198115
0.43529445893604285
0.034030224122239106
0.3854160411349002
0.36713413356382574
0.14190347372516476
-0.4149463547606357
0.40548154009066434
0.283491683879473
0.40692591362071306
-0.07605871311470036
0.27057180677107395
0.3478784792757135
0.4825241426995949
0.4395693693096016
0.3969874996988712
0.18533379284302542
0.34962300285915404
0.38133634357263213
0.33819196802807727
0.02386889557777533
-0.34873544611827545
0.3252686035908239
0.4586763208821251
0.3363908438438048
0.38908636033351773
0.3564045892546292
0.1832350728931172
0.34938468519860594
0.3864529656725204
-0.16716532912815885
0.25077891276251585
-0.09414465026989671
0.22088470603707222
0.25739985801293747
0.40672216008290785
-0.3601579408916977
0.36326016563615304
0.2995630798606311
0.3791676329351015
0.36864212025356485
0.43588709335598824
0.3660121545795454
0.37620249658314153
0.24557905132553204
0.1440650054626093
-2.118721505838835
0.4499435994776524
0.3218424911886457
0.4707165293224349
0.2067294630394942
-0.2502420489560361
-0.035624466866780224
0.13045774872831062
0.18274994357064267
0.22886424862989058
0.08425759908322111
0.4054497122388011
-0.4445620640475878
0.3626503397606308
0.4458270277721722
0.11249841231330054
0.376844937943039
0.41584873720711674
-0.69091198350515
0.39548045560050543
-0.9531060164934455
0.42460199678454325
0.48902978993577584
0.0833441834520447
0.3524931514584193
0.1753230268228943
0.3913508917752264
0.4147693109341427
0.27086597935523393
0.4181409946796746
0.25214919870962604
0.3923128022961178
0.19914902418434866
0.28476171894531244
-0.5244490110950977
0.3503281007181913
0.27735843187135356
0.44782571617320754
-0.15705383060569633
0.15382233770304027
0.2453909546535381
0.2895955240100091
-0.15033620583868446
-0.5125492719819096
0.3840276043885141
0.33029733156057006
-0.053811506079809446
-0.5879855930694249
0.3021163710732594
0.3012080408947403
0.193855761165584
-0.3255939518799378
0.23341900282495565
0.35454965605949185
0.4043242521148121
0.33598060263169266
-0.241828070351647
0.43782086257734476
0.2903005187018149
0.27315800349684116
0.1510562139773014
-0.33996669583572126
0.4744076153949636
0.2729502893061453
0.45879102185906123
0.327611905503739
0.42731749395706137
0.356051948859113
-0.4355512027748426
0.0818995097301175
0.09089619094323859
0.32614503469379263
0.33234143583423803
0.4712404787978547
0.2570729050220544
-0.0821024532665473
0.27645805736128404
0.4596837143788551
0.04453823128241713
-0.005692918659176316
0.2506787574474154
-0.9248877386930996
0.21137351164509527
0.07255316886009006
0.18974599222220362
0.3631619173988949
-0.12674906294946486
0.43661663506290427
0.3904460834869311
0.31003486750401466
0.27711304565741585
-0.03634035823114845
0.20905151888980544
0.23077576271863692
0.050079079912254354
0.40643442693302023
0.3002565326317906
0.43783445675918137
0.2536740126137513
0.32447012836360667
0.3058414613454945
0.22838766678011319
0.2665526213958649
0.39960673001151303
-0.7291602475554455
0.2639455266611696
0.2154219376667187
0.11048944925969728
0.2676275918405112
0.0799516351000435
-0.077284725068122
0.2511072723409151
0.3260646819249856
0.3274723667838994
0.08529501313032439
0.0443811740550627
0.27347120017780846
0.2716351730579778
0.25431921388856016
0.2805019672250155
0.3237305710263535
0.48064567003754555
0.43783316407012396
0.24969150973963672
0.20360011736933092
0.24027586085025088
0.38687189836561336
0.23020562320705718
-0.4283365698856211
0.3182122470665662
0.4170516801826805
0.14958283783276577
0.17409592518189437
-0.22061457761504955
0.3585459626134525
0.4086542550240719
0.4596950554738899
0.36865576253095833
0.4422164630591552
0.36347058853766684
0.41016953702384884
0.3517230692706481
-0.5595986563902879
0.40034640601223004
0.3598187291946976
0.35348731050231486
0.42770267709747656
0.1791554741671849
0.17855727714931785
0.31352791978913785
0.00553118371229433
-0.1334812001033452
0.168084693690147
0.3894489299317614
0.09951535546401019
0.20997997579631805
0.251970480744802
0.27815692926830904
0.3146918853721119
0.07139989911985972
0.022132638768812496
0.15976915772302774
-0.7040067698688077
0.21420852826533032
0.3838501870700335
0.08169575550550429
-0.5781240083186656
0.10902448918621815
0.36273867238386126
0.3205305213374397
0.38731336365648356
0.39900991249208495
0.26429514057263187
0.2670890729658697
0.29747831376750933
-0.3321365840450411
0.3740541041607559
0.22118964788445822
0.28414748944899326
0.35228403857876134
-0.01753599822670493
0.2982649840959262
0.32609547392067606
0.28986914365246574
-0.7205853943369234
-1.3476683963383886
0.3748933843040383
0.09157254746017912
0.3758235318246634
0.32144301884532656
-0.01709833751201484
0.19906686725649803
0.21080828734104418
-0.07761206950455513
0.38608034333704316
-0.18904110132285157
0.3800300491755593
0.3963398574107845
0.27053665150993
0.1756636414859558
0.4019585125025852
0.20376149097609247
0.31926576574680077
-0.33116364988134284
-0.49278946431995174
0.03558855989380305
0.4052761042364743
-1.724255141914992
-0.2866157874016083
0.21886409329360618
0.2917256975039002
0.12007046025502044
0.2946119658015357
0.4133180053966786
-1.3190339626226693
0.3601289572993247
0.345288583384871
-0.07827828528098857
0.030004261719743408
0.3224309355699804
0.42855124603194633
-0.10376573930243682
-0.3361792204656989
0.26565393227094203
0.1408137395945322
0.478138351745051
0.4331940818702369
0.2216670747655486
0.38117163775993823
0.25680517951430637
0.21334417702016
0.39090991258494906
0.3115307676174192
0.4065697887183996
0.310774935479706
0.03680561292592083
-0.01119799332219773
0.3427871773737251
0.3971994752629049
0.39574987197280437
0.4100985689262818
0.07957249536105565
0.23051852185983895
0.368720871971432
0.3817321036223003
0.26081396449496697
0.241302614116561
0.2689585210984321
0.2823251302509149
0.39436827164273947
0.23471328817492182
-1.739377985442014
0.09382946373123968
0.25805002735474714
0.37966307393370347
0.36467144345231695
0.35133913975708464
-0.21266696402545837
-0.2799095635467952
0.31864411961736205
0.1989071508841077
0.17742613762975878
0.0022040505927456433
0.21435070955448554
0.3300372818485412
0.1524797850745263
0.23235587337987418
-0.19062764222273565
0.08932538067862789
0.40812733416730135
0.054270531577132575
0.35363398829445725
-0.35836529428312636
0.16089682636368435
0.3970577313218535
-1.1839244783839313
0.2770989073052949
0.21599235865129107
0.28915886284903947
0.33922285404266783
-0.16808348812294915
0.3482296286258172
0.3484309134501913
0.06125799434761953
0.34599356011288385
0.29297629272345693
-2.6278336759168983
-0.4131871190131563
-0.08058409274663902
-0.1738156975812225
0.2628152921739288
-0.5017660112019524
-3.02513180224002
0.43057767361978333
0.19725279021215286
0.2723524613659938
0.35914808249398633
0.3979048079960676
0.2752248628486882
0.32495386230635126
0.37150362373681334
0.2504080059712792
0.23805103271362804
0.34760603012887537
0.14365502225714588
0.4255196731173636
0.4619746948350138
0.42177829744458273
0.36438145573850167
0.4781946634287054
0.36145676599133136
0.43009004785353383
0.38854768143835805
0.3009174937065112
0.18041137163333232
0.2972652760433466
0.3855890717742097
0.26192107785437724
0.3138051394447562
0.17774976361227712
0.3662708960246954
0.38846116634634853
0.3656771363161942
0.3630170195194483
0.4319939841627989
0.36796141085146045
0.41750592767393363
0.3930314472823791
0.3476637687631179
0.4016259774830723
0.43424198758667754
0.44405166770122123
0.46610914827389793
0.41636380096895237
0.32421167339463647
0.1458409559268108
0.416147044773971
0.2826536589648251
0.2548769435122164
0.3726069396696452
0.4261606437444431
0.3992727992883188
0.3171557057362533
0.3000911058428741
0.3205173631724274
0.3531765316342858
0.20637479699051559
0.3928876621930331
0.14022976177760832
0.38671562779293384
0.21651634708859957
0.23488162326662232
0.41694950597833946
-0.07532237166549316
0.21586768459040656
0.3221976004312486
0.2273239825858273
0.41888364580509013
0.342605098585625
-0.01807239435588537
0.4688187473544903
-0.47937136822368287
0.3907325844118169
0.032817534285267014
0.37010607583867006
0.43716368367232955
0.20068568655910984
-0.06186473561225991
0.15398591498014158
-0.05634345265490337
0.27101075409488584
0.12735391419399789
0.38745461657411956
0.4200166541255716
0.3615152435121124
0.17903796233287989
0.28902653134762885
0.4194499448836873
0.26389309899513635
0.334012401545823
-0.46869096247190245
0.3541354877446635
0.1985600173313673
0.17826674655624353
0.21520083745233648
0.45842058804516256
0.04465030924230784
0.3573623794188956
0.2811240687632524
0.2843689507678927
0.32295535506451845
0.40226258219727873
0.21254295498286252
0.4122506732226032
-0.21424127854952224
0.393531793536185
0.20847670094025889
0.43347651529264974
0.20594416561990841
-0.4358856689908791
0.33613695576283653
0.37600451006943536
0.34964996410078336
0.3795983807211618
0.44850364807013055
0.20771221771230813
0.04331739105409432
0.1593710681011259
0.10567834549243532
0.2646138164834544
0.42115819996266857
0.28023450756833507
0.398079577955115
0.1755161557213707
-0.30221085133414316
0.1366512053813218
0.03563008844514959
0.27792017799698576
0.018197699839083648
0.3796585956759911
0.20007293857717828
0.284073613902499
0.1396118957146864
0.19443600419572638
0.22496781257545018
-0.20622661338372328
0.2233082893043073
0.4177940617474314
0.23419555859844982
0.05448615264036211
0.3782627181510999
0.30752243038722743
0.15246377031790648
-0.9639858967750419
0.22527611062837738
-0.09230183283107185
0.12600000356446106
0.4386810055042126
0.38252522661683114
0.3142606867202217
0.236290030375996
0.28738737669804426
0.3081669009332163
0.35515410849164203
0.3055582432609848
0.09218687532204173
-0.49557476379402177
0.3130817376320092
0.18375908649677997
0.11847739367602833
0.31650762616418604
0.4038178029191767
0.13662926154363914
0.10099225131962053
0.39561802260102696
0.2533571945224411
0.02953124505357252
-1.0017951721206326
0.34358366797345613
0.15669218857453615
0.09565243120526123
0.15850272997456372
0.2935091308666576
-0.25435178444756745
-0.15140540864115792
0.3025584242140643
0.37699802096384216
-0.18691002019154557
0.34705557589669
0.22119820428781345
0.30678241111899
0.26594866328300115
0.3410804898782559
0.4103399213598388
0.3718957919117716
-0.04953071639334106
0.20014353906279442
0.32125592056333385
-0.1572139926326055
0.10145053974601259
0.31358334723868403
0.4159825637013497
0.23181018576603302
0.29120748029395915
0.25592390215198113
0.16539800182534653
-1.5950751415700095
0.14042862486043817
-0.7684277553354291
0.09236805975167772
0.31375179100668094
0.06228217020979393
-0.15957895143463274
0.2625220401011392
0.24642505228098394
-1.3096006236584368
-0.38648421994760196
0.34900689019934994
0.27415063024748687
0.09396341693705285
0.4078447605922363
-0.098402360992761
0.37668812199183377
0.37174664912329625
0.3234098844931455
-0.13311751456862653
-3.6693182857182576
0.3230450827832113
-0.881025309498499
0.3870632816088191
0.28891711336784953
0.2608592215955745
-0.016129906241423964
-0.4750154341731472
0.43698293872306326
0.087633339197832
0.4209587807350035
-0.47864346263190216
0.239365115562371
0.369850646018709
0.3267321556339693
0.4422227434631627
0.3540999016247436
0.31685928715906525
0.14442535889843044
0.20209256662371744
0.34102073492173146
0.35259367361492594
0.08994483240999335
0.3451370377072675
0.3806351775195808
0.13959290011593312
0.40274967909253157
0.2572263338742162
0.4252838629945423
0.3687389156238248
0.3157788803707141
0.4300145464920294
0.05878295774158593
0.10036112440766659
0.3969328257224254
0.3191651704495161
0.262562009656511
0.2801256286451028
0.1567931704731374
-0.07642681349811875
0.08040283454379321
0.39310942853024244
0.2547121521843583
0.3170788040204907
0.4343014378566303
0.09047066597247744
0.21706353967022735
0.14757288092119597
0.3142528515919203
0.23183810109683195
0.3698653290087086
0.3083740041587549
0.17468065386150478
0.2697481682467095
0.4001348117951979
0.45375571772599765
0.16908654556446895
0.22440979413792972
0.08199339200943973
0.09288920612294638
0.16336611064988094
0.3103139830952891
0.4249102239155377
0.31854787940336804
-0.375588882365927
0.26539870257063536
0.31087741439462757
0.02805039349608973
0.3569423264724435
0.35416857605942664
0.2992993845200879
0.2865303601419825
-0.05161369706566932
0.4384756568835834
0.15902665623436324
0.24009148026282034
-0.345520637036437
0.25178301334783826
0.28477582023629766
0.31251321160924106
0.22490972681904786
0.36709001480320413
0.18128677557929523
0.42063871995606633
0.2792809402819425
0.05716854631649543
0.35088236556199576
0.1462398439098629
0.40883287368268834
0.3345785434849955
0.3954164587113832
0.27346111769581427
0.46281473396082357
0.007180938071286835
-0.003551811238672875
0.36903039424568157
0.28501358971737545
0.27558195475791414
0.024649785545347747
-0.11208283897599947
0.19596976473439348
0.4501160091692736
0.2138066138357826
0.4027589976557525
0.1460635583562997
0.037948641358407975
0.10323031453521009
0.32029199827221805
0.2918127246818196
0.0007866220285273062
-0.2494574695134203
0.11302002493456803
0.0911229013598085
0.34077770191963175
0.2587652948418477
0.23045781785702685
0.35596699273830285
0.34139290184620374
0.3539034964907891
0.23601228004449537
0.1015684301548263
0.44018036525804305
0.3228361688754904
0.2738122720412627
-0.05556160298912893
0.2758111990753594
0.2858149796403634
-0.03294974940164597
0.13543526309099863
-0.7364587615328482
0.28389568103518786
0.10367128925039854
0.41339702287994556
-0.603732960108341
0.080883410461841
0.2119400068530367
-0.00635227307928099
0.33628833650723855
0.23419077336854416
0.10833345892269608
0.340823832213323
0.28438133956474465
-0.3367451603468251
0.3371187695051582
0.03681505995431639
0.18734113436216648
0.2882963940147394
0.39455303886169235
-0.10539974134014507
0.4350801534472976
-0.014298355343360436
0.2696010749303148
0.19727201914606818
0.3471444868091862
0.15515579251655898
-1.2956870200938584
0.28155064293598503
0.297006328634195
0.34951777829967656
0.37321379355056566
0.3534019902252252
-0.33995110904608405
0.4563082465113454
0.3169949492442698
-0.10612639422999459
-0.008105806920094105
0.2626193157527028
0.44583096157817714
0.41825788379546414
0.16613693408768737
-0.15520858063416976
0.16098647134071958
0.3111351974565456
0.10665471977720092
-3.7866636499453685
0.2056188400737909
0.08061261334993286
-0.018768645173436904
0.42370249902307816
0.2541835296321267
-0.14479250723522286
-0.2166876663549414
0.27944312556378625
0.4488441739407735
0.36064362693243834
0.31537135442989106
0.44035440863361963
0.3205931994290211
0.28554525976907863
0.24128646544931492
0.36177278520173134
0.17956243145171918
0.30048722144147155
0.40576220262185814
0.2496028493317461
0.41705916008639426
0.2415117489219103
0.16247820931778406
-0.37929800848199036
0.17111648372946142
0.25951299256776794
0.2682456554622872
0.24084700046704144
0.3973882123898688
0.2014747747493998
-0.06993302043883554
0.30623784218396555
0.37507116820726705
-0.8701277897752699
-0.6526591971620186
-0.30585902126607056
0.4604106220475272
0.4675854370632192
0.29584352289997634
0.2961264400011693
0.2991533729136041
0.4686439840830353
0.4713474382279168
0.3686109919817516
0.15220835435419672
-0.7174070324783075
0.2478560704238542
0.4303771467473924
0.2905801679178025
0.35590822084216633
0.13754362472597342
0.34433820858605435
0.26900669550226297
0.276928319414999
0.4183086605581061
0.21649787074414945
0.15177870410833616
0.14731296330806398
0.10128170496767952
-0.007447206898795078
0.1107442780188993
0.16510284044487267
0.2533749379641256
0.4602129160201996
0.2016395676076087
0.17824551542374611
0.34590517100006046
0.3984232807484025
0.3109952155479936
0.3728239182317934
0.4636634528452147
-0.1205528391708166
0.020602559409384047
0.09213526188128385
0.260899439272901
0.41513434606938937
0.29353375943140275
0.46660646763528796
0.41532041064594705
0.2872201900568062
0.2852881694353575
0.3625587805540746
0.2998596502913174
0.09964418340667375
0.3894889511335676
-0.07519278160997633
0.13157177494614003
0.4393521480988594
0.3078458388835248
0.293084383076749
0.3394223590500247
0.3825313368517854
0.3243338896063198
0.40553449522793694
0.07133401135193207
0.41593254735748864
0.4554657618915694
-0.2782812674506103
0.40642334939287766
0.44052861330463977
-0.7640892937345123
0.19410113478736907
0.3664491827231591
-0.3159775864781199
0.005509650550369394
0.31264807422981583
0.2642437273848729
0.3188488131476403
-0.11876382128504614
0.36787622620979576
0.287180683510049
0.4273548843522711
0.26759842841164155
0.3833934345371206
0.29008548626793307
0.20861837454892163
0.4758198366042592
0.2091726402429111
0.4277147757467641
0.3102242370529522
0.43974300993276233
0.42248334330023296
0.384206110707338
0.3455965710806316
0.30853265600216806
0.3185347772567112
0.30342308176378696
0.3956129777463515
-1.3020144359084274
0.30180944466865056
0.26283163096604634
0.27097338739768706
0.46201792386748064
0.06790407986260677
0.20498201371059
0.2051854187183748
0.3970083328222449
0.10237662412867132
0.15142718830816754
0.42104362298247516
0.3702529295999972
0.39405180367948917
-0.3884926630443024
0.39852709858301333
0.36623215570864887
0.3162043355526307
0.39365185827147814
0.47373369599758886
-3.2696037437210115
-0.24856031248678834
0.2560338768179401
0.27369491941196206
-0.32750336966924143
0.2572939556484226
-0.4927922592401769
-2.0915246587512955
0.36470699980739146
0.37697939688640614
0.42970062208629123
0.41509824753950203
0.27847544858053075
0.3127075384318514
-1.9656178725090392
0.051129288550199714
-1.0836249204256774
0.4359099700904967
0.3614913425647525
-0.004226625873784862
0.3849800503331725
0.26296949813962334
0.3783673872572693
0.1994091451094569
0.2412882247701681
0.40365816252997955
0.27051033786410744
0.3351349232753875
0.24548816860861367
0.4294876828842546
-0.0048481343910790065
0.14600524567804968
-0.0251151870375117
0.4445813025740233
0.27810138107236526
0.303548293415309
0.00900579815696334
0.3320485599042769
0.3158349421412055
0.24536183991038973
0.2735891745837219
-0.3116742798388821
0.391888038307901
0.2835330686804707
0.31595406057843506
0.4404835555423268
0.2980371237582745
0.1903871059842655
-0.8933349284859449
0.19949779824370634
0.14840064818009752
-0.04326142049183468
-0.03679753274035957
0.05096660816569981
0.2297836249375616
-0.11692536454577629
0.22978053315709285
0.38116822775884396
0.0661832867942585
0.3312619729000659
0.3374273206785642
0.28164979496764453
0.029084861693781994
0.41200336760983164
0.11675083121645069
0.20313582771098232
0.38836135020903917
0.3180419218779561
0.10526165339220828
-0.2448897584128943
0.33730287560899863
0.23577311353692187
0.029531169871378715
0.2742583406732623
0.4608386546772961
-0.382774770899309
0.44502529357158954
0.33955863099621353
-0.42539239703675447
-0.7575812829165871
0.16122162185410527
0.35140671385914535
0.29266407941869843
0.46237851723105305
0.2626083052828351
0.22224085509636177
-0.495336017519979
0.17464285416162617
0.39628956442088753
0.38131531251933326
-0.6225244545046291
0.2857818927204109
0.178267729878769
0.3691961024008148
0.19109494728410525
0.18990364915613317
-0.1417883284048841
0.0750574623491812
-0.11530141979279518
0.33427422907040405
0.2855551512485463
0.3080252074699025
0.2803577847215307
-0.4729774925231115
-0.12862727855659828
0.07962866644872046
0.2552374573453401
0.32169941190699175
-0.33084390953313636
0.31548041896783374
-0.33105633654615496
0.2017804206474324
0.2337775594744123
0.367822327233026
-1.1840250902957121
0.3577638750550699
-0.07746824411301567
0.43698400823228234
-0.40006378429632905
0.46164296411181405
0.44966573119439845
-0.18652655225899795
0.37386380035399736
-0.3354220785537243
-0.5916620545066555
0.15948000149855324
0.3162467623967187
-0.2740493162025768
0.0009383930036699351
0.17861874614154327
0.1524335351710121
0.12667714779373251
0.4843848342478019
0.44348971266654247
0.1379876964354817
0.3804242407686679
0.21826567850819162
0.12987949081024586
0.21625651071874769
-0.678698767238473
0.2598730963421376
0.41672777220277835
0.13255931280894584
0.2698868656285809
-0.07979544344014267
0.21855138755219805
0.15932390802905544
0.281770003357631
-0.04286504920632239
0.28661213209027714
0.2336378172059036
0.256251654443188
0.25505189731221467
0.2581579283940033
0.29468799079201824
0.2739262711102364
0.10374441900352371
-0.026490561998751883
0.0052977205018214235
0.3723417388472021
0.038813666269056135
0.4368119115135152
-1.5288397070461377
0.15201607393064598
-0.17493080848312859
0.20691976127571565
0.17867184954044268
-3.225859399082558
0.3657463149000296
-0.06281190323442842
0.2600088416932571
0.04983846320991531
0.39512884896070716
0.30048071362013584
0.048188111029075276
-1.3430153715074493
0.12795683137258979
0.34811779769823575
0.4849613817118558
0.11628080420038911
0.16671466678388414
0.08956201019560789
0.4302806826209517
0.04408867516979437
0.4436810562276673
-0.18638944698211624
-0.6215138039107952
-0.011691765553164535
0.38458290016152064
0.3513965666325911
-0.11019294793014234
0.30630003433666897
0.2696033673108267
-0.034961332126522415
0.1848357132382329
0.2135212258098017
0.11554207995054461
-0.5449558606171203
0.33278797247433717
0.3892989533598823
0.33660453800024887
0.39339348578255595
0.1969779808670603
0.13771672905782723
0.3487066531475713
0.3461691608324724
0.38283696040250614
-0.3705647689339219
0.29011669632856263
0.30362297531775007
0.3761981737099581
0.24247614248096044
0.33580959717200926
0.28535834074243094
0.2729785812104979
0.2595757520608486
0.2573447096905111
0.11671828340399171
0.15016739401698276
0.22754062084138288
0.3878987474259368
0.4198599085717549
0.09212171020680626
0.4450065195602105
0.4051219182400262
0.4176076035833573
0.4177673014670837
0.4864882990444646
-0.09178916936347092
0.34877756332968324
0.33177253205015544
-0.0644868949908518
0.26486088644707395
0.33509995683583005
0.07003617112122057
-0.4033741200536498
0.4316084835553735
0.2781005238980499
0.30505060657477584
0.36005329108439
0.16301426272317154
0.2791438020940088
0.2129025971704135
0.3248842506370444
0.14494302442468315
0.27518182215560827
0.3472011531076679
0.280751177084159
-1.6002275509574937
0.3206149813378801
0.37909218427746927
0.41257205182263934
0.28784774276841896
0.2563636424792831
0.26029910850483073
0.3788434396059269
-0.10703158774712296
-0.16495650224508696
0.33041265317007934
0.19125368326398873
0.30117447826883514
0.24467736480362107
0.2885147122437213
-1.1150513731840546
0.3272045640885083
0.01592005561034232
0.19385716852374385
-2.6933434937750205
0.023906143569120852
0.3039972287374757
0.3909906637136173
0.3691175002191762
-0.24437130205231983
0.4059556018491693
0.0014511109960760882
0.18769940400940116
0.3692384182203544
0.017475209244092516
0.31647590266515174
0.26340000216510917
0.40358211402468636
0.473874153073946
0.4094907758533887
0.37123043568572917
0.3877020050127632
0.4058125862531905
0.09220300106646034
0.4623561103835497
0.38696209205052723
0.3442556958271799
0.44203959194323544
-0.38527447988748365
0.2571018702815662
0.354449330239915
0.2200954456710021
0.28313968919721794
0.331937320340728
0.3695252650326858
0.33264880057589963
0.4886039794435819
0.08813475344102306
0.14520241168200515
0.27322935595560854
0.48500782983890106
0.4138893935024738
-1.3607506766424065
0.35320080065378445
0.2683796543840747
0.24215658501564202
0.29254343557985363
0.3218198919177786
0.3205435972763152
0.32624333125484545
0.32976550560916185
0.43111339440375285
0.4561982594309675
0.1639009306554346
0.3888534839841744
0.2670665574707951
0.3895311877739673
0.45129633474179437
-1.4116308771955308
0.3069195550171581
0.22056489666330575
0.2463690169147239
0.12839987463193442
-0.043801254526195876
0.2917325571231832
-0.048498851362940854
0.44304007392713646
0.3402419276705161
0.3465105187452886
0.4029197366393479
0.30585967189055946
0.2565098468140279
-0.0997710304357865
0.380267430195475
0.19034076545592277
0.26223781554842407
-0.18076995555477848
-0.08676648720480373
-2.792760338717821
-0.25599938738362604
-0.07991562809814912
-0.12009506846608953
0.3888628281343919
-0.27124632541447247
0.20807029974361374
0.07466415346746519
0.2428266161977336
0.254595612778143
0.196264522670969
0.43873729551392154
-0.024145284732282057
0.29698497032316573
0.40244175551614103
0.015253659420232213
0.3603990259312307
0.2614779630083822
0.3326713864374288
0.3113971039041754
0.43999366374189114
0.18122481850090338
0.2996335637589711
-1.1407450521916946
0.15508632101727798
0.17031232117686856
0.20491501071621832
-0.05681710098378523
0.32212574512289
0.30281000025781185
0.3101877233176923
0.37772234785845205
0.32798081778414545
0.29107970318797133
0.11411752680635912
0.3058008192536762
0.3713623255835465
0.09915563211655082
0.3630173228073496
0.2181990949412258
0.1939097642733314
-1.9781664231537635
0.16549182700420506
0.34383540597128004
0.19693044304911783
0.4464466101830142
0.303653495850484
0.41893588403629123
0.3743420231414142
-2.8276352430487934
-0.2156855977083766
0.011086987176520235
0.3073171653542892
0.26155152827371986
0.3926659864226814
0.06901828558853473
0.4081613941462494
0.22681615613557377
0.2527697903018018
0.4398277508268978
0.3569802477067323
0.32789561627556485
-2.8977388847929904
0.39885967570314557
-0.4209781691972114
-0.9830416981227676
0.4185988984554461
0.35642586270731513
0.22975702736771197
0.36383406082682035
0.4357548886224424
0.26552131462152145
0.15717727764461292
0.32105724177997397
0.18316838077934494
-0.20974806349499142
0.4138378274408926
