0.47074351606730513
0.4553595574384298
0.45666933639647456
0.45092034178354123
0.43023937669929296
0.460568395234349
0.3836742403850616
0.3831105291656869
0.43815553510740035
0.4298550217671161
0.403904163653269
0.34187728237018983
0.3889164019072127
0.37949865371465485
0.3919751691626672
0.35529672403929036
0.34653581085252805
0.3560862895407191
0.3380211839304178
0.3399116317603233
0.34406044683840353
0.34571446615375634
0.3595630243428206
0.3411239276692558
0.3094700477999145
0.3519298920611084
0.32171500232810224
0.3157050227129562
0.30303669207763606
0.2740609916687722
0.2871675375936902
0.2619559552652415
0.3311435184799617
0.24101948035443993
0.2765735127815923
0.31292687753104287
0.2878746706804546
0.3081963487292308
0.26616433484923896
0.2684012240058279
0.2622501217961575
0.2832035867947491
0.20622066905049957
0.29294917510481866
0.30562352620503647
0.26360197694267856
0.2279544256487045
0.2860124060492485
0.22316662764443912
0.19768429704497015
0.23240227971303623
0.2329632218542676
0.19401871260923792
0.29896420120846534
0.2305378905826473
0.3206595615979414
0.23828595692783633
0.2884173665170442
0.23378252006978417
0.18346824173981474
0.23007934398876384
0.17821017351239038
0.29910199846608243
0.23993167867284754
0.25053831781014924
0.28467436846105587
0.2430173110087222
0.10379940252400383
0.2697968203401402
0.2508953377441531
0.21943881782681857
0.249827643732553
0.2539096597270215
0.26232071801103063
0.1969140840589909
0.239034340607027
0.2723009162537918
0.296886289201135
0.14947734975019344
0.12482762651626422
0.23244168656642705
0.2355902979824358
0.1626943625439614
0.16876967443080243
0.21100753309393572
0.20651884451819358
0.22714221679248292
0.18747662062061005
0.22397810051719108
0.2610860269907469
0.20113503648557435
0.26082280847944583
0.2583907208471249
0.10283836013057679
0.24595300946720444
0.1696144660175285
0.2924365024528848
0.25210381735353704
0.2905547527977549
0.21459196888269438
0.24285346144453301
0.17690625248226882
0.24476965287820035
0.21208298759807037
0.28358718914796555
0.21907128297412193
0.19744953429188689
0.2417672765234647
0.27277600396663393
0.23807709948055478
0.2522359618894034
0.23187395085447815
0.23268844206575096
0.1875829972621464
0.18187251406489918
0.13905518133943645
0.26670678002698567
0.196831642814777
0.24763761404393486
0.26978605068883865
0.1906235296516337
0.238593096129036
0.18288547563821544
0.253584308548357
0.16515000984728712
0.21373196952989504
0.26641621480054023
0.14992128750397543
0.22233675643573503
0.23812764157995947
0.25336921018700054
0.2021880614015144
0.2369988526516857
0.13025162963131426
0.16674985036720102
0.12235663193602125
0.18120438192258514
0.14358032342913735
0.19408708850928746
0.09676051381749445
0.2560984523570682
0.2491764319655927
0.21040219016623335
0.12616802980219033
0.19054961726634584
0.13665022841502306
0.23348789694408745
0.14232204253031228
0.23838752488367848
0.08761597635277718
0.1005950978570303
0.26829188083228783
0.22871847593005445
0.08594763755618301
0.222001439210534
-0.04767642963415042
0.24483512375638194
0.3107457547357284
0.14040082315645785
0.19653439496417902
0.24016702899031422
0.09442420331907458
0.00191638329749666
0.26461792705968584
0.19310204927688884
0.21903534388233786
0.046106849531289906
0.23495573498883765
0.05454314815725447
0.2799248184617572
0.20617771006329183
0.1265436514700623
0.16335630079203123
0.28936460435341294
0.1385354142939006
0.2809395771409497
0.17543086061222435
0.21781183014612365
0.1574285744708101
0.15846072898760877
0.3119780197637905
0.16602044761202372
0.19973224298392533
0.28811154700748975
0.1152478079259826
0.07879605145420349
0.2572755380394231
0.14899183083500167
0.249814927661697
0.2688102011839608
0.22899132052839355
0.2259225881388056
0.14033210548094022
0.20279330890759611
0.11144469060059886
-0.2148702270150833
0.08573445657005946
0.24063544534778836
0.00012121178362695106
0.022601253608272365
0.14812920928348072
0.07134843756064613
0.2945929044041637
0.3215630263552407
0.38214453655724373
0.22545431252492204
0.261286616166648
-0.06719081067797383
0.1456654747792327
0.3300109127510099
0.11163494673804664
0.35892870021162027
0.14794831162325217
0.2762355995922562
0.31417121336893433
0.16704814260624462
0.14816133082444222
0.12994645710083508
0.19160532345736764
0.0893689235519125
-0.26248873331197375
0.23540159003397854
0.20041321716519306
0.23891421721366374
0.2024867056712482
0.09782068145615752
-0.028393869490459078
-0.050613817211334844
0.16946914705868904
0.08231910580942281
0.2249071088044594
0.31104854233908386
0.1799352313419903
0.28088142886990586
0.15293577361190136
0.26639437168742275
0.1705478255466606
-0.16427824257662593
0.13597451421900503
0.11953930607062924
-0.01333981488456537
-0.049295790739429024
0.0944639883624539
-0.043481042452303886
-0.09029307917477902
0.36910861775645376
0.31523423803505
0.28430107114996744
0.15317594482820596
-0.802579843468139
-0.11962125567344672
0.3850210320017694
0.3649863685354666
-0.03904064385455697
0.231192348380311
0.3567967804111356
0.29550473967900737
0.3282849522464808
0.16473430362405156
0.3959229545602924
-0.0555659893010485
0.19334127055286432
0.051019993708428135
0.10169122653730739
0.12269819946546401
0.429047457648412
0.4160939398056762
0.1905028161322388
0.36455081162157144
0.27558882422256914
0.20822574983378878
-0.4789966369184828
0.19398002911329765
0.1718276318347965
0.4583965621496942
0.43002562560180574
0.3460744480691922
-1.946435064513274
0.41224689260336467
0.40619317902649066
0.28925030915234706
0.36785131880781763
0.22518585535920022
0.1322291054239293
0.2111833604387895
0.3356956264738795
0.13575137997708558
-0.1351253690205071
-0.0546128416315792
0.029214978107496403
0.3665278006722896
0.22707378360369063
0.27327949670364826
0.24500025968565758
-0.019801815236435538
0.44966108055260967
0.24733046739020298
0.4493699433423192
0.4928152209601344
0.19475126220299638
0.14304719402544414
0.4050708781735565
-0.13404285822481443
0.3561717396839495
0.3354505549553116
0.027769098344225085
0.271235489783626
0.2127354222219403
0.22668238167820093
0.1767070078569648
0.38390745624457073
0.3484592453543359
0.2867123600770956
0.17713920184853993
0.17890251660976186
0.35381373390196424
0.2804118642560395
0.21224375354391994
0.42639167129784905
0.42417426586300677
0.3733616013430372
0.41536292462032043
0.1396426783963699
0.14582833411097362
-0.03940250593296102
0.2443956869832235
0.17923607881601367
-2.002852253600999
-0.004487378969475597
0.0818364657388495
0.3266463244555251
0.29415670042913356
0.36109773242535237
0.12713764907555192
0.2302822137408566
0.3044339711692906
0.07105222007881856
0.42986770211859654
0.3749984549993152
0.33358837821951004
-0.22330619041990218
0.24542851763143014
0.423672263706137
0.06656119866035454
0.1462624655556939
0.27093818035623957
0.444169372691478
0.3852069107812846
0.47141082199680495
-0.13397958913539254
-0.40067944934844213
0.3060112440621582
0.23394811645535446
0.1585571229122545
-0.007904867979609431
0.10783112879046136
0.045989252394926905
0.27872010137781744
0.2543238876381957
0.4232323885098005
0.29947392735830003
0.2632591084364605
0.39495350938452123
0.36901743054100916
0.09693562270877942
0.1506598378744602
0.08512215318338018
0.2756732597960422
-0.23358494691478737
0.23443121668406303
0.249223503247249
-0.18916843314488174
0.2697562166863726
-0.1354115532974962
-0.46879134794337274
0.1878971404924888
0.1902813395356579
-0.07392230760388097
0.46827857932585404
0.3900501440865045
0.22290605221748444
-0.3594252484578868
0.21772857700982895
-0.29010280238605834
0.06311923640335315
0.28627887046161893
-0.10448052262656349
0.1263295887181377
0.369519063684834
0.36168308283301887
0.45440884547442323
0.17860995028711096
0.40802710345247495
0.18484292700325405
0.31523696910360943
-0.017987560153562177
0.39829509083148823
0.4637474879063165
0.29641534472354847
-0.5820565076528101
-0.06542507061729286
0.14813399595797871
0.3643251813034696
0.21891316033795638
0.3048302977891076
0.3706380515944784
0.11614262367435713
0.3643212821696061
0.3817970100289616
0.24870163081182112
-0.1450152800091371
0.14710214013794365
0.3847199018695918
0.23017587200514672
-0.07008005875824497
0.35754940876066366
-0.0006784468617678785
0.08361984375881143
0.06683137015546076
-0.24661174181924805
0.4129538188500608
0.05599972142589721
0.41063075420162515
0.10796457421345274
0.10003971520553179
0.08002161016244763
0.0029114321677292665
0.07125133612500606
-4.339567378670142
0.27257719098920935
-0.1434343087877853
0.1983175639662756
0.16123081163597824
0.28641893394587586
0.3722192062584095
0.2003156133143847
0.21046832656704761
0.16234713134123996
0.3284872124936432
0.2842108074148747
0.17815387385530385
0.19838415283524408
0.35392341360802204
0.10258743552380734
0.35976222629963395
0.3146392285870323
0.42515085079541515
0.25458591546610193
0.4090507691680057
0.1326651431874285
0.07648252277161877
0.33345302756279993
-0.060898277064779016
0.165696205243963
0.4514634267139011
0.43525118758807585
0.22876263536839503
0.46710819756731176
0.4127396554792194
0.3279632459007421
0.3468288544840713
0.37098483373816127
-0.21003891316197842
0.23583591378041963
0.4277335286528645
0.3596951401670817
0.3691062867160124
0.12313653699098304
0.2034239183343688
0.42304679132566764
0.15306080668633615
0.43021969290042644
0.2838220491837956
0.2432521460270003
0.42142627621934237
0.4165457591268237
0.325700920362193
0.37785162814816553
0.2548229341210593
0.08426565249852286
0.3346428566856281
0.189007734993562
0.08508342052043039
0.2670637802498599
0.38652638648719445
0.051511714360097716
-1.2940770489960272
0.20100444319193922
0.15523443133411308
0.3044032469367119
-0.24683149363520807
-1.4384780853954804
0.0427075415554386
0.23188338906020772
-0.347308639245857
0.25438259251994977
0.13770867504239048
0.1571195400174602
-0.42622711186863105
0.4240166869036317
0.4714791349009789
0.4711222887236143
0.333364833854423
-0.3728014453707026
0.47750311481488567
0.18035583612555578
0.20868535099371632
0.09500051666489506
0.35106595150618125
0.32802900766204823
0.3947769151813059
0.3596297467052515
0.0894919916675519
-0.7050249540362974
-0.8442570904782694
-0.1547320169220462
0.46078271626526074
0.3073748195875446
0.34158670957362836
0.14292485577001873
0.35562057365356947
-2.309937278747491
0.09451100159135956
0.31266663646334647
0.24338045983972378
0.3485472253896646
0.21146191054718544
0.0751205043467838
0.26237659201966057
-0.43721850746989677
-0.039195880336018396
0.2767249612133147
-0.5537886589817367
0.15292153063735114
0.20444150978012193
0.09917258408075197
0.22437458498540147
-0.0659860114936619
0.10634666992592334
0.07302497465766566
-0.07616209958739295
-0.3328085930904423
-0.13180321341739498
-5.880914341297174
-0.21590844488247418
0.4075287366576382
0.3301954080466327
0.44791777677830086
0.3190273561301141
0.4808677774965663
0.10516718375775413
0.34438619361487705
0.23385382879400385
-0.44859879725020957
0.1533179273764133
0.374273613613489
0.20425386076425073
0.2894150065859341
0.15612303708137615
0.05048967223370032
0.28568637863199575
0.3348454107965256
0.24026268753490254
0.4609008400924236
0.24655012524798947
0.18999937862107036
0.299721195821242
0.3499781646947084
0.36949137960799255
0.3422874049489747
-0.4029933159202451
-1.3616524381122312
-1.300642459472271
0.39561757105051654
0.40187601655701694
0.37416584151616217
-0.055435874802381546
0.28891787129907187
0.3730838501347732
0.05766695489671264
0.31661833658844335
0.3430290150551871
0.40534904566435814
0.08410091851803647
0.13456177027682686
0.29588768383635183
0.3387057261463362
0.27574062272658734
-0.0857921296544526
0.38008451929413734
0.31018817218391453
0.2304131447370607
0.3965396281482468
0.30523756006975666
0.31629605564340735
0.4039656449195723
0.37299796959881404
0.14662541005376667
0.4700731733225041
0.24647794240789295
0.2991669231720602
0.2657909880452294
0.46091117926344105
0.3575057415416213
0.2143905836435553
0.32169341748178937
0.3512279952139902
0.21468099228175924
0.04462103655906924
-0.13957349487122395
0.48086759842445476
0.4279705900290185
0.36629219944324387
0.33603029914809335
0.27200071355098904
0.4625282132363196
0.2839806889733165
0.4193647073541423
0.3011534243016074
0.4078310010941406
0.2001078894650734
0.31657717319328593
0.00096730785269461
0.23041575161604538
0.11047170325339511
0.2987328603530224
0.20507154899019525
0.21031109845118434
0.3356899047135279
-0.0073361107125985425
0.11909284699173422
-0.015829371102059064
0.28662072007025774
0.10882137073716441
0.44656250105583256
0.2177078907950563
-0.10542147987298967
0.23632871428830637
0.25432455769258033
-1.936060034214342
0.2447078757103358
0.3537906155629684
-1.2249365345116545
0.42875570988670264
0.4080016832331972
0.2815411458859657
0.4862269760643706
-1.4892813528053155
0.3516819439653345
-0.00997365436851494
0.34652848261093805
0.46065154741505204
-0.0020582917106453102
0.4691974697820602
0.14396347665150938
0.16589673673660194
0.3705419014009409
-0.050751529900131986
0.32914602057582315
0.4447185861845321
0.27361609826910027
0.16393116967041482
0.31239632719731714
0.17666389450973508
0.39463712664746897
0.2567005202106004
0.29358074836785475
0.12412641692543325
0.3261200932099606
0.2975350365549456
0.30341222128647405
0.3268925149380584
0.3786379136994321
0.27184105912201795
0.4533356911936179
0.25541365621308965
0.10611944480573016
0.2834354736120659
0.4248181533692691
0.4002681082951651
0.12126310427900922
0.3086891935704392
0.21861819428031948
0.051663505772828966
0.23133740310067757
0.4073973601545745
0.14714103996066374
0.14587241558313713
-0.9204776897464699
0.43910397599158374
0.13788807833872513
0.3191270518231225
-0.2409788491621685
0.10484659167556037
0.18584674636498522
-0.11659030368728485
0.26040034255467115
0.2432915124685876
-0.8237781615963309
0.086655646231098
-0.16410368900685457
0.147263898160086
0.41408500530006964
0.2606915905851372
-1.4754391350763132
-0.04923575496360266
-0.034344996328284694
0.19004831651867587
-3.1016776667627233
0.4107859990733684
0.30100276829821043
0.4543121592598866
0.4061448345108017
0.327474810309537
0.33674192078091125
-0.19634265671072593
0.026204647749475396
0.2182581672872821
-1.8596172356650151
0.22637762902327607
-1.0345013454358156
0.39480074562903533
0.3476623339110042
0.1303191592858694
0.3908587878154481
-0.11562105002985135
0.045244125635662324
0.16925577339706105
-0.06737057716020722
0.37596769637926397
0.20520281335930513
0.2811371604986137
0.1453415073532664
0.43546896515419214
0.21208922914283135
0.3838198273413838
0.19519135927048015
0.40435648257093093
0.3848505922100115
0.35291653135059
0.28537273831691656
0.408494486199922
-0.005155174072601243
0.35273423855697994
0.16099241976921863
0.36388649327653144
0.27440768056425147
0.31024957177554724
0.22549745274252742
0.30089443998025056
0.41080799900711273
0.3623495373671678
-0.32759866110377955
0.375491274185583
0.2337931528023542
0.28814807353935395
0.0775152569283804
0.35913879811761673
-0.10735888424264362
0.40213814357448713
0.4846004431181291
0.4276500705238653
0.2618199866550072
-0.36597206249784164
-0.2029547789942151
0.3186727367738653
-0.093905316791148
-0.058582274242738985
0.36913653770531685
0.31107408126718017
0.31712915498532607
0.2786738897194756
0.20934338689252135
-0.6354719473992514
0.13622074212378393
0.3181959052792219
0.052721245728907296
-0.07436233619825128
0.3330617005820887
0.34950395848167637
0.27508907880142025
-0.10322954622622449
0.10048084603654728
0.25433984933444725
-0.3931274065758402
0.26180024280054826
0.1524363671706282
0.2007378030042004
0.41433785205623774
0.3902676774916824
0.26836772808720555
0.2995189488516524
0.41701040264755507
0.08426767427433957
0.383322636747207
0.42091031780714205
0.412788493761995
0.4235655953813591
0.317035542201256
0.3435470306170437
0.2073291978743086
-2.3255627669302865
0.35142286545564067
0.432991441062302
-0.06101436388774473
0.33051871116315057
0.31134487619204987
0.2870847737232831
0.4990114771044586
0.1274906652412643
0.19472732842998636
0.3568317204087885
0.29163433261252103
0.16281819310694495
0.22412512629526482
0.35550455004346004
0.35227600275340853
0.44836076068998953
0.3108086353905365
0.196046624139813
-0.17691932498637697
0.21762830998346772
0.36309747561019534
0.464578433069294
0.1241371595839636
0.3348277538671727
0.056482485518036474
0.2965117860241846
0.3336300216014829
0.2777966891867273
0.32512619151447797
0.06813096330306018
0.058866074866604945
0.07019821993053488
0.4605011588661028
-0.3016433620428852
-0.20080657697271187
0.2179049819875098
0.29283522742929957
-0.021756011983031676
0.2969007360600825
0.46795588233522206
0.275157681993473
-0.0008818294696246731
0.10860985172202092
0.35451840496020254
0.2349020223739406
0.4613148819131759
0.3334512444857051
0.12811217471740016
0.06200050619897801
0.01005692140866149
0.3714609067068989
-0.6791065874093747
0.015205858254186577
0.355560525004401
0.34329149052439095
0.3774808231633641
0.32027429990395295
0.25903337402300486
0.364733626282815
0.19985040475412202
0.06795482348802034
0.45153477824990923
0.05806559645254655
0.21252591314594627
0.24927553755063325
0.29606179396550814
-0.8760035484177142
0.32746139014371245
-0.293194974191084
-0.9317473846254114
0.16250407276619055
-0.4734247142351279
0.4440055535844681
-0.12758515956666938
-0.27495977433831165
0.3783841092665413
0.1805513073577406
0.16711080179168014
0.30392732291252955
0.2344327073959131
0.07116027869191649
0.3683443483792168
0.4503173165827603
0.05480152600083665
0.09910139631907505
-1.1318425471495515
0.4564238512142509
-4.101685275926031
0.3064967210340203
0.17562286322531545
0.015893750698637632
0.2084496574297729
-0.27222193775435966
0.43182272816934675
0.21052198814455142
0.21831234027624413
0.3907427311678471
0.3179000502384328
0.34257262508210484
0.23482657265426443
0.06546629193995368
-0.9994978333410816
0.4270197528666699
0.29769205947289445
0.17110291633027735
0.23873503431828158
0.2609729863323126
0.390772858057282
-0.3475474362151477
0.208219479802706
0.27314274524259574
0.2052862540066287
0.1709001429767738
0.47095500693276915
0.361473552940867
-0.3255485300606231
0.11837836370564081
0.3655859217747805
0.36882838911790844
-0.04848612067118696
0.40128911669838224
-0.006563864256515117
0.2728110977539173
-0.27373359283125065
-0.22571607558528306
0.4146909967542589
0.11065618241810049
0.09925705477356245
0.4174941721313718
-0.0383317165265209
0.20914548741231248
0.24498805988935723
0.1655628420391108
0.1938789236517655
-0.04225463668390339
0.2069998695255218
0.2416399729668417
0.27917343519891746
0.2970904743099836
0.05847609287985117
-0.05906925683269504
0.45507221036797735
0.1688630666017059
0.28487208318868285
0.4306109594282085
0.25905201801352096
0.2165395804860193
-0.20581726479164464
0.4836070036288652
0.10399169474673581
-0.4172311362885236
-0.1116225594638407
0.009421713742700066
0.39807285136448656
0.24008607150708883
0.26819022120559644
0.1824374967173058
0.31808343764621955
0.3340777701935722
0.06902701931612387
-0.06373682429724592
0.41892562802240024
0.020354100739711334
0.4221232001942946
0.033035458024078646
-0.19872826638263397
0.1266277341736431
0.1703862148653198
0.39903356103608334
0.4180267218253062
0.09549009804300274
0.38641482509888203
0.45369134851293247
0.2544926617710861
0.42237318449583244
0.45918957923300036
0.18461961378864616
0.4412806916268014
0.3058932173719593
0.371212338426404
0.29723366826478
-0.15831224702852742
0.32627073879173935
0.1790827498094319
0.40760602831925674
0.17859622058938035
0.4157595276998149
0.28143162440274216
0.3661563150571431
0.45768633475118903
0.12561333995099072
-0.10768326873221457
0.24006668062998288
-0.06640872429786393
0.018963500689620882
-0.7277164801956308
0.28861638902952025
0.20087315240724163
0.3066617210515912
0.26849506471641504
0.15890895619317397
0.42301298856670094
0.01624702258818661
0.29983229381677956
0.3725690809432059
0.06388555662000966
-0.1900655381256593
0.3780554933848939
0.30894110564916644
0.35695201470082827
0.15484608691615503
-0.08573956120966841
0.34345686354024363
0.07832760606641981
0.3946995818420799
-0.0007946682810522354
-0.17945553689651672
-0.4414423852849638
0.0727119848918148
-0.48274264562025515
0.024804261852273524
0.28249623888044284
0.18888152868312935
0.08513833702773893
0.138015692987353
0.21426689486650763
0.15232981002270757
0.2536377817138805
0.42254278542731644
-4.346608106027828
0.02186082092188113
-0.4619871620981889
0.2833946303588907
0.33408087414048593
0.08324178036948027
0.0657053758535408
0.20351070648289238
-0.2924258456507687
0.44476942710530637
0.2276933980716805
-0.404430621062867
0.29149551221439096
0.15460200805351854
0.40459315198841844
0.3577292969695567
0.24974301485092
-0.4113682144056171
0.15713064235489776
0.3072595718217864
0.2851316279425913
0.02338201522186828
0.3091914949910114
-0.08732470651496715
0.2611762643274272
0.4392542778166687
0.29610218179697423
0.33261260989393276
0.08122085688022362
0.31799650406767066
0.15709330065442478
0.4396979181041436
0.2099022722013018
0.2934552687720916
0.19630051917078717
0.3867948876203676
0.43900234172722963
0.3857438612624603
0.42243413894258575
0.27781378814745905
0.3222681247910467
0.375534161469001
-0.1522810861952162
0.424829312649744
-0.3853954108912898
0.24578532949667853
0.3673329846493989
0.29818396891234256
0.09747994904703189
0.27991199810974676
0.07222755964316269
0.06305208890535424
0.3982945810793776
0.054997556402894
0.1026159979793112
0.3883339255615025
0.25251016383314845
-0.12379730925924404
0.13147535715779107
0.39918536864580695
0.49725109283210966
0.21855803661362783
-0.016058806199984232
-0.1441102891632885
0.2773265488454921
0.1333736546537418
0.10115925449465635
0.40914655254542026
-0.30424333915399293
0.23480873326655877
0.1954140119944514
0.13727043185792343
0.12343703903331099
-0.7052508941248348
0.16222471510150077
0.010601591807239241
0.11462047187522373
0.21217422826578292
0.2707111949211378
0.3563207993295485
-1.173151256021589
0.1417851271356112
0.3233578227749693
0.34391987190287
0.38611163063015813
0.21609473856686207
0.22475861278064835
0.00040116747896989935
-0.15513725607157625
0.3046168058989788
0.4118812679493774
-0.013259146365753538
0.40280676551739947
0.27750615015326274
-0.07014492776792969
0.42244288075722786
0.2868344774565863
-0.48894911062851987
-0.1790050231955609
-0.033279649732700145
-0.1696117209804674
0.2961451821031743
0.36248507005877917
0.37277473464879396
0.19597575631576042
-0.42531667303846077
0.25087624357941185
0.41421133135679955
0.4044014562778255
0.34197509434413315
0.25380482385598785
0.2778019814407746
0.18043731296610743
0.4606012652201997
-0.11381007287621303
0.15609473457326334
0.45353256532278186
0.10576369761011262
0.16567406103276133
0.15919436535740422
0.07344035729693493
0.2612287519366855
-0.13016550370035562
-1.8455145628006524
0.28823477451346585
0.07282886454185372
0.18096972934002514
0.31391594648593285
0.25547611377996415
0.11853628236430092
-0.01754817424020161
0.43004786876279383
0.02782480380391511
0.4090896636891288
0.37005722019020515
-0.014307573759327563
0.35803070176339746
0.43114819621719375
0.3603292215300836
0.3135301549870313
0.3956511715784803
0.15030920590852043
0.35360950824476745
0.2642348957371937
0.396722871768904
0.3547079042774316
-0.8186109370874846
0.3178166203223276
0.32449405966541384
0.253771896143913
0.31399499925455465
0.20588042426882125
0.40895319551190756
0.2904097769682351
0.19347043091757532
0.2132285502422141
0.24719382446824745
0.27987096679983137
-0.024554812432770357
0.31648048067596934
-0.16634402569669404
0.08042803618950523
-0.7195851916705407
0.2037870323563778
0.3136656070673238
0.4180468051294621
0.22587287353448443
0.366657267912302
0.4106173828433462
0.4021011453420732
0.0288270537835576
-1.4327227379667369
-0.20387110975248468
-0.002301106531279129
0.3266398222154495
0.3071826938676208
0.11200092083268354
0.26321718691039975
0.1871535204091873
0.1491288047666332
0.4173208678673349
0.42579568235908555
0.15249797232964385
0.22982990218356325
0.2293796148273901
0.28335833530350707
0.0528414086121175
0.3108397327357412
0.3496822322703408
-0.19524044971755616
0.15458273952745433
0.41521290199699357
0.25030979304346535
0.33898803284460355
0.28696556574745957
-0.7485304919964917
0.3540963124194635
0.09310719899711006
0.18188387169107556
0.22644275718220586
0.04367157450521514
-0.6065394900814183
0.19470562841651246
0.3890753533768368
0.24376780797540626
0.40712788548606516
0.14437854405788703
0.2118534559223647
0.34562738747721117
0.2941598406602537
0.2162824384105853
0.12440908172502707
0.40842725032663607
0.18732427547787361
0.21749563948101702
0.42203548083042663
-0.03584399053602805
0.4689604033917988
0.197039275016336
0.4288941566368584
0.22266284627694538
0.2981913007412168
-0.33359207297107396
0.11267721869353653
0.22800664679988258
0.10312990332584998
0.3486198537561076
0.35356108629005123
0.24355129898783068
-0.1978585374943006
0.3344501299483058
-0.31991435633966747
0.32984689678162205
0.0367965030278089
0.41678955867711037
0.2193016778716284
0.22826601924869094
-0.6126116696582962
0.3339404563886993
0.22929450959088044
-0.05034237137827158
0.1034219734017699
-1.3088920783553322
-0.7765950108124777
-0.312285535660055
-0.11127911920159872
0.1556492902110232
0.24017659348667403
-0.5300500155828667
0.3547852400567987
0.32085855337774527
0.2973612300440329
-0.3281601609623358
0.09923866912983353
0.41455654995348123
0.33785174603870116
0.33369118564174116
0.45102417492977037
0.4770374304754165
0.40123390294469374
0.3085082075385678
0.15663769206296085
0.3127533269694327
0.43255774102495786
0.46293955017364424
0.017356407373650906
0.3658197058240742
-0.25287966090805514
0.42090656616927347
0.35759332612041506
0.08199887917445109
0.22190281877133566
0.35129532622297654
0.18347857052664768
-0.2839659400376906
0.08180434221427457
0.18120178713118434
-0.026055410661275702
0.3693172018511636
0.3765714763144409
0.4020847730738732
0.2836573996639097
0.2151136489319211
0.1574107783782609
0.11171418045472065
0.22446236755807164
-0.06466550007663652
0.30648054620795095
0.3233522030620959
0.31487299891578624
-0.09470640205491632
0.251470779219951
0.3330983044793797
0.2216448065369978
0.32298855262633236
0.2412710608435793
0.1688737425073359
0.33070719266424736
0.24099495977195873
0.33076886645639086
0.46346740382544804
0.41802856339727956
0.15659248085600702
0.3578941340548311
0.3347598454342515
0.04349484768621459
0.3857641214930458
-0.09530751405847526
0.389962576201924
0.16109315099938376
-0.40370261140789787
-0.15975960777692788
-1.3155345853996436
0.2834409654564275
0.04634634330942633
0.16913960451290716
0.2649469812964831
0.30643443271925674
0.27311217807022214
0.3233532244192536
0.2615208399766549
0.4476290542278299
-0.29509007066464477
0.45826680214046694
0.20366798781305362
0.3239020055040115
0.24638288436720052
0.12016931626658833
0.43725136378532253
-0.07450255681569351
0.2126874094048104
0.1772177832879931
0.41800514652145443
0.04262429744649043
-2.4574484346026857
0.3591640056428289
0.25633810300494897
0.3680246950720196
0.2574816760304303
0.36541230485252696
0.45597360003915793
-0.5362713730527657
0.22804149020638764
0.3457268044373868
0.16542299141365346
0.24164772762088338
0.1336387742354022
0.3202436140238392
0.30512825788940834
0.38932249243657757
-0.47716527319215296
-0.4056810484396154
0.27118843479489235
0.2193499834897944
-0.15766718446557837
0.1708798239303912
0.21286289207883646
0.3527262321287352
0.12497668213516322
0.2611092836839972
0.14065483075713753
0.1543422338414971
-0.08474331919420042
0.08305854553016045
0.021405454024468362
0.4434847872389744
0.45374850312450454
0.3406244015413524
0.26930494124231696
0.30086347208015574
-0.3191177174194142
0.2408988934953602
0.32810238718794305
0.1835196701715774
-0.40854411813366065
0.12276969018874195
0.04989860304779686
0.3362923905809866
-0.471307546682354
0.42079075492683105
0.4221082542568021
-0.12273020223378417
0.2569460731985792
0.29900354079732605
-0.10025297745883843
-0.5946392310593691
0.3810807764199474
-0.04930105618613967
0.33265923630467675
-0.0147174268988991
0.4135013421747802
0.2971452568493797
0.363912324316229
0.1577082995674261
-0.9601015539741973
0.05901255584497733
0.224006819277418
0.14911554352693412
0.26488732275361715
0.3422576207191491
0.4625076583129517
-0.10574612870445366
-0.3727550497160219
0.13900227760666445
-1.5535823147751473
0.3058149584283082
-0.21968329454143043
-0.3148589298680836
-0.22634892864649814
0.2894070818440077
0.2649279285372771
0.14120389718232979
-0.4887478877389583
-0.6081811387765297
0.05774773466164862
0.10491718003515904
0.26514893673085693
0.3193395060146411
0.4672143360207964
0.29591550398777194
0.2874474280963514
0.21230564157550097
0.3467601438040169
0.4521061551252799
0.3420653954175784
0.2188717915884434
0.3967765886821942
-0.10791961060433364
0.4008775971451098
0.1825264110614649
0.2510031143930689
0.20298064505894275
0.4014629246206759
0.19721762493001987
0.28264905927500966
0.3959355567598181
0.08848991316908239
0.06543781304764906
0.34464454540327627
-0.18762293079097503
0.04877502142003465
-0.13109950193397546
0.07982308391740467
-0.10298298236073189
0.29410602914809447
0.3905207405993323
0.3373566367455353
0.36619720168913383
0.2292524930724501
-0.11248041235598216
0.25268868047180026
0.28711840557941076
-0.5372030927934572
-1.0441299789062868
0.38161434671994077
0.30232117371677303
0.06163398598517067
0.3245437394781312
0.3503370250918275
0.39454284112342974
0.391913530331068
-0.11131071966071737
0.38736171253130663
0.3006958185041967
0.1953993620709269
0.21782978442956696
-1.8873487398999997
0.3116155316645549
-0.22633919471964536
0.3992734831485199
0.23587796709844355
0.3447801173809695
0.4160017120656189
0.21607167245774916
-0.17723408700776877
0.346695413682803
0.4498969513177298
-0.033243317009603035
0.31620553869046986
0.2703805538978614
0.12858607665609867
0.2747656600737496
-0.27199518203132855
0.4112059423628984
0.3668144626280928
0.42014328082867025
0.09272532953508106
0.41390301598706913
0.10259751731641686
-0.0708766449651127
-0.026441180498611105
0.3746550552641571
0.4280562004137932
0.12142421005271065
0.36538655131956965
0.14573674780177587
0.3468116624643961
0.273169509113026
-1.2425081398955669
-0.11536640986053914
-0.022814287704491343
-0.07871930912923475
0.31887360331578446
-1.1218810108847133
0.005919730662166334
0.4601669292933319
0.05333488203849557
0.4348408078948526
0.39460918932951455
0.2951818582095099
0.37146918427634434
0.13239233974540432
0.27608929548649996
0.18051138279169654
0.41173514864820254
0.14232104844362503
-0.017687250477597338
0.057017934660550884
0.29756080361754167
0.4210155480063033
0.34213854170596264
0.2891306552961845
-0.2894007797065532
-0.2961975982806886
0.38781198057585353
0.25069728991993706
-0.2361176589085655
0.41425780832690096
0.3878393423490436
-0.21888989906686585
0.16317294887530998
0.249166027680213
-0.054106819005564244
0.21051059425377755
0.02371343952568189
0.33182717617159274
0.2979168508018443
0.3573073009056531
0.3764852839245927
0.33912875720337043
-1.94904991315574
-1.1546491733541036
-0.03684080104173293
0.03969035640934315
0.14246883151511558
-24.20510604859642
0.30172327555796674
0.216644027453834
-3.7345771564447094
-0.24227628974954507
0.3863186200725566
0.4201597138361938
-0.044406134739488956
0.3554883361385205
0.3622653935136855
0.1816399291003904
0.24467774864529818
0.47448353513966085
0.2138628513583194
0.34145541929432277
0.3143433159232768
0.46221447887098654
0.3648917167336325
0.17522887636024626
0.12857138371479027
0.4767805629811264
0.4109844691994523
0.45838515191640655
0.15700191447643147
0.4306293174127472
0.2732977953625877
0.12407661902362005
-0.5938180126131278
0.34973491607761964
0.22024658305925066
0.4232884060878822
0.29708153287328154
0.45438229899445537
0.412083790920199
0.16114463997498263
0.3457758810375817
0.4202914049423734
0.3788397292530971
0.31687788069210243
0.3757179291840566
0.4099816085378355
0.43137237379723203
0.43593496731644593
0.0806936990930241
0.24634183562937284
0.43547415913223164
-0.21149554761854217
0.21366433917226962
0.3118169341938813
0.2845667417955871
0.40422462514003143
0.33483217807277466
0.34707739040777175
0.40166704686293386
0.38073893640089296
0.4450550077729695
0.35327147157227673
0.3515810606791413
0.28236049200728564
0.40270371823931006
0.48149672778271807
0.4140519493269875
0.37357750600223577
0.43374052643380423
0.13528839333715337
0.45411613857411254
0.08979053236005324
0.3600669565450163
0.3850957415997034
0.20437892755480214
0.45028474812985636
0.39017390198235147
-0.008111412436012877
0.41310395337670525
0.3368754094846512
-0.10832497464243485
0.2217617114152065
0.3985047281595351
0.27248889454577363
0.4715778075838458
0.4464012600390499
0.33461207209225863
0.3731610634370587
0.484242887003824
0.22155927488290927
0.2609921214557277
0.34424927614917405
0.35584261753240776
0.4427865222263695
0.1830513678993555
0.4708300482864896
0.3909916719366708
0.30749692270363477
0.4510257769766957
0.4001428461088231
0.416251086714329
0.2842374780353126
0.17079566361907556
0.23847646285542323
0.2848361581332963
0.39715775214036964
0.2802209108282927
0.16911872741586353
0.3998383453090008
0.3625680682373221
-0.08040168690219485
0.33247471698917896
0.42944225187019336
0.18108074184413964
0.28304680027958484
0.33624742003350083
0.3550424875177028
0.3337997907364117
0.30095423436709434
0.4818910569498358
-0.015499996181017939
0.2585670407062255
0.4563515573336906
0.34370331972037227
0.31187663117677344
-0.383006664525153
0.46830559739495703
0.38268845561938997
0.2245167219011825
0.3962767014044703
0.22627699199648427
0.4655467013626861
0.2178002605305358
0.47007793732863395
0.3144704720493227
0.46168400486141703
0.19984616770647812
0.055914777156970186
0.41206651943074657
0.17114555774820217
0.24495973582750796
0.2430807568739623
0.40673624891097665
0.33964786487996523
0.343269143549765
0.4685029769685296
0.3664894819860429
-0.01595115344359266
0.3771959752352751
0.36217215068817055
0.2239331861499364
0.4247387159824685
-0.10338237626410274
0.29760322048721
0.42166795117937916
0.4022480175024861
0.46168076278350084
0.31350746767197535
0.3875532246143351
0.31100188164848036
0.29197959141216634
0.43018829629976574
0.4073514546464184
0.4023491650268803
0.3932825070026794
0.39696982657680346
0.4071624985995389
0.34667174299874837
0.3637271919069791
0.4198928258337966
0.40794173264758576
0.45197198519131704
0.311819546878381
0.4159848154092948
0.1799597150774272
0.2569046209725625
0.0959500383679821
-1.1819219496287496
0.07763786341033291
0.10277385064339917
0.4056201582896226
0.44808073652446484
0.3763951453414774
0.34658124854239425
0.21239582486689645
0.3446057340588746
-0.2907278805997783
0.3743981948377605
0.25888000828524466
0.19485642362446126
0.3412567550267924
0.2530287083670831
0.13906058996827875
0.46513082300911424
0.3444399991015282
0.1915564208926928
0.41225153988498225
0.23423314270798268
0.4778766104382534
0.345318727388866
0.3218681122229208
0.03511658541453311
0.19079150656599775
0.4599635497268106
0.40085558428141344
-0.04970793844490884
0.07916359638651499
0.32765276170235846
0.3254422737095606
0.3359021181495059
0.24954033916671264
0.22735571944430844
0.24199072686464113
-0.10041103739641477
0.45767539152524933
0.4046377343369066
0.34442625746827116
0.4525570209845893
-0.44356373577738506
0.29024518290578744
0.4884883352871507
0.24809869008951618
-0.13666896809526408
0.024864834107802325
0.24393898973953576
0.31457492286578326
0.2057742968020424
0.43820756010930784
0.42167773058420854
-0.5485727064116528
0.30358092487882915
0.40607829997614553
0.2942365874128846
0.47552838053265123
0.2672302740059526
0.32580083668026083
0.332947981848463
0.4553441686239231
0.35879567629462283
0.2652849468222621
0.24760003780167472
0.401196507537055
0.20379342552151475
