0.01503329844447179
0.014583429598816873
0.015848916292384874
0.01619261545286385
0.016011754452256784
0.014512859228920658
0.013485321905940227
0.011890517278178896
0.010023901523397397
0.008887533455272345
0.008286571497100985
0.007811783830460479
0.00921153361196052
0.01109970789208965
0.013515755528450172
0.016440681797842603
0.0194667270163461
0.022553288906178887
0.02590925451845663
0.029866962022176556
0.03404538947714252
0.03816224208968891
0.0423775683525483
0.046974198171883905
0.05086468015351174
0.05506031439561331
0.05884527718272248
0.06340884453245343
0.06918778927380718
0.07546781752235784
0.082071184121908
0.08916907111981799
0.09708400043513914
0.1052022499945416
0.11327071792911916
0.12140716343751985
0.12973126091540924
0.13802887904112052
0.14619108963734143
0.15472737160304453
0.1625322784867223
0.1703292083916133
0.1779153475257846
0.1856698799042499
0.19335190039574776
0.20069524580187398
0.20720241701661907
0.21382942851282805
0.22077785960594137
0.22680944336133455
0.23247073791940218
0.23844526566799218
0.2448060726141848
0.25156176906261357
0.2580862129836142
0.26477061488108233
0.2714995556276672
0.2789335009355344
0.2868934978668917
0.2948965331631331
0.3033001532589598
0.31129878761305174
0.3187159150973602
0.3263633450244497
0.3333211200356404
0.3403685724454673
0.3473428123238314
0.3544522259390403
0.36056671937015
0.36675858161495734
0.3732462467033802
0.3797746215099261
0.38600173062153964
0.39144878945323097
0.3966706795609034
0.4014045084191581
0.40521805694332297
0.4093097134911397
0.41370861349633514
0.41822666859105473
0.42342146567872996
0.42830156309803563
0.43295892870285624
0.43774465983303495
0.443413319586367
0.44870928714952596
0.45405115095012977
0.45933995680901624
0.4657309692814088
0.4709674331428828
0.47670199289157333
0.48139489636643906
0.48639982984322505
0.49146847994217796
0.4963787696648895
0.5010598556617948
0.5058143774371234
0.5103215620626199
0.5145457334386151
0.5193244332513133
0.5243145339698017
0.5301159672378121
0.5355464092359459
0.5419281968168873
0.5478146546756544
0.554166211906081
0.5594843768192075
0.5644534074373716
0.5715078148724703
0.5767400414837157
0.5824515118398224
0.5869104395810033
0.5917271692698853
0.5960288407425722
0.5998042759247524
0.6025287884577399
0.6038812263760975
0.6062246936333812
0.6088333763295446
0.6117654499131703
0.6159221175815914
0.6204368739349372
0.6237877556023428
0.626397390489645
0.6284609967061269
0.6291844357433474
0.6312134881243406
0.6335335434072691
0.6344369023073461
0.6329298322371139
0.6311387367762995
0.6295250510377088
0.6282151042622595
0.6277154614413154
0.6274115729716473
0.6272860897953612
0.6273644541185808
0.6273451675309472
0.6275980611330044
0.6274222422483486
0.628161323923008
0.6301146679889621
0.6314702217650972
0.6337454440588338
0.635461831299756
0.6368642295656376
0.6389840030408397
0.6412671307390739
0.6433067562899091
0.6453477215868539
0.6474126592036747
0.6499170334249066
0.6524940411277801
0.6547693395743748
0.6568005637499783
0.6586367933528258
0.660850304638886
0.6635796678310635
0.6656870220907641
0.6673041139140656
0.6684291516931778
0.6690067571929003
0.6699700038582479
0.6713072522808881
0.6728986801580181
0.6738110059201464
0.6749937079922708
0.6766463861829708
0.6786669056736424
0.6814304580395709
0.68350342225239
0.6845025845467524
0.6848090617323275
0.6845018711129556
0.6844984029199451
0.6845633399765474
0.6848257082410132
0.6848265636580045
0.6849980746393988
0.6856735697366929
0.6862062809791564
0.6867146465521949
0.6877079129285822
0.6888266788427752
0.6898244949306399
0.691290146120269
0.692246095923139
0.6929238649159859
0.6932723051344122
0.6935773024120608
0.6941721725878532
0.6947767996794202
0.6951765294799275
0.6959020029492422
0.6969570614717812
0.697902826757465
0.6990855345044041
0.7005751470635121
0.7024598999473209
0.7038605266297517
0.7053645178867111
0.7070116419475049
0.7081258368317825
0.7097997797203957
0.7112902578555449
0.7128943705184342
0.714293533694837
0.7159560091158067
0.7170261117457336
0.7180161133827562
0.7175953546325519
0.717666838683195
0.7181044122686658
0.7188537245861591
0.7198902080597038
0.7199300335748077
0.7203916121546611
0.7212795132723436
0.7221833616828174
0.7232241702734741
0.7248458659356042
0.7265219395811178
0.7292501171825003
0.7320280318229446
0.733924613307707
0.7336647447740283
0.7337046858474559
0.7343699077730377
0.7350550181230384
0.7357994821036925
0.7351539532266598
0.7345149854111974
0.7339130317962173
0.7354072819451172
0.7366098622178733
0.7380379779202614
0.7390099726001441
0.7400362280461749
0.7411815000753689
0.7422229722409517
0.7433741877380671
0.7444756209010438
0.7457414675667393
0.7466833199750483
0.7475796040325335
0.7484016155332726
0.7489953865720558
0.7494472561210134
0.7497638167685104
0.7501134434540844
0.7504046554360346
0.7505210275023921
0.7506583735448228
0.7506163457581294
0.7506878715006757
0.7510238089877368
0.7515224896543725
0.7517663860161331
0.7520941147030724
0.7526164140358808
0.7530808727185467
0.7533489169557018
0.7535210689811984
0.7537809668825961
0.7539426648381767
0.7541342278259064
0.7542653466017315
0.7545580245976651
0.7551015947356992
0.7558021678575247
0.7564243163522132
0.757293921624609
0.7581059264384687
0.758928889108119
0.7598265943920666
0.760705332307539
0.7613775104051949
0.761889516054752
0.7624213186181262
0.762852003628134
0.7632870601511385
0.7635628482161617
0.7638231967294971
0.7642076515146177
0.7646819512214227
0.7651048005230191
0.7654692501487702
0.765875927377567
0.7663009613204073
0.766614084581832
0.766746450082954
0.7667557159741535
0.7667499376853846
0.7666784868433959
0.7667138594882313
0.7665649810411692
0.7665588931749097
0.7663780770408986
0.7662532190859638
0.766025452826138
0.7660037493108365
0.7660972191749353
0.7662319278164803
0.7665525244672616
0.7669110046642497
0.7675535950827179
0.7680257981377238
0.7683803722153615
0.7690158769700532
0.7697549220616458
0.7704843429206324
0.7710459086086197
0.7718267956105854
0.7724432854182298
0.7730531762908477
0.7737195199165838
0.7740194290664236
0.7744050057812175
0.7747260957510143
0.7747843301404647
0.774862901987837
0.7745714701944403
0.7744623871319474
0.774319449551174
0.7741378477121363
0.7737928740265211
0.7736174201390781
0.7735341803563673
0.7733515750962023
0.7732452025208543
0.7730835699267973
0.7731531519938387
0.7732893772101553
0.7740782755857311
0.774892315212072
0.7759144162726811
0.7768876994283695
0.77783298767239
0.7788093624484818
0.7800128660948408
0.7810635580303199
0.7821298012786744
0.7834187181840669
0.7844345797808094
0.7853381343333204
0.7863351392449687
0.7868475274297458
0.7871370041214353
0.7876024164729849
0.7879321881202249
0.7882613834207132
0.7887690047428217
0.7894187308296335
0.7901060668001543
0.7905584147435799
0.7910438960226432
0.7917399398396749
0.792429626656615
0.7929436467267184
0.7935657718607503
0.7945180870984334
0.795413883007619
0.7961609387296856
0.7969419065117026
0.7979908705304479
0.7991610337985241
0.8008879037560106
0.8026693352732932
0.8050956205004158
0.8074742566683825
0.808951634109626
0.810243999644973
0.8101809465321641
0.8103292092732851
0.81056614987023
0.8110636819064715
0.8122482506060804
0.8137553598917542
0.815248675912839
0.8171963489434274
0.8189963045250391
0.8206258716140332
0.8221262984088784
0.8233635955717261
0.8241222989609541
0.82483861605549
0.8253590632263401
0.8255440785690576
0.8257050139052046
0.8256875682293466
0.8256507347812239
0.8256739241986087
0.8255658615722706
0.8255159377661744
0.8255872073010254
0.8256571713838694
0.8258926631763506
0.8261572476744639
0.8263871522331312
0.8266788585111415
0.8270171436092303
0.8272565779096026
0.8274331113202829
0.8276893724483346
0.8278852645666319
0.8280805256131311
0.8285784633275156
0.8293607026672873
0.8305529191015505
0.8320035775216675
0.8333656882799579
0.8347414664090378
0.8363150398509325
0.8378208964496618
0.8390335678167535
0.8401680163597119
0.8411979914971992
0.8421393518566541
0.843257748218231
0.8444110258363497
0.8456126055286296
0.8467563972579253
0.8476725869599523
0.8484649569055425
0.849231806677283
0.8501187996476222
0.8509426734766374
0.8517483841398525
0.8527163875060442
0.8536787992155243
0.8548195084738415
0.8563088307440927
0.8578958154798457
0.8594400869161619
0.8608536768464745
0.8621706731231609
0.8624309655927964
0.8627672830631413
0.8631130586417117
0.8630131787402935
0.8628405297870371
0.863029202152905
0.8633090569284888
0.864042495554726
0.864737035584483
0.8655009670809163
0.866861933150471
0.8685098614752086
0.8703760102110722
0.8728148891813685
0.875043465446016
0.8761579245487591
0.8765147619751682
0.8763948773206243
0.8760315150454775
0.8754486882614922
0.8748354445587487
0.8741463558935084
0.8734857424232692
0.8728461104078462
0.872238147461743
0.8716297506984839
0.8711402083091738
0.8706843224320454
0.8703012957018244
0.8700432358763626
0.8698166751701538
0.8696223571726581
0.8694193674168427
0.8692768587851665
0.8691560457609879
0.8690434222555737
0.8689404907803606
0.8688191508333677
0.8687187231200146
0.8687098878321725
0.8687709229865325
0.868885538200476
0.8690095898850533
0.8692086882462481
0.869512838846559
0.8698096462895624
0.8701082616972377
0.8704154021554442
0.8707136533308941
0.8710622585694662
0.8714060399463749
0.8717631592403384
0.8721248307581407
0.8724749263140108
0.8727982331717603
0.8731000988437241
0.8733485768051192
0.8735883798697521
0.8738304172504792
0.8740930002475399
0.8743740374639831
0.8746374102275444
0.8748862319413503
0.8751312932150792
0.8754031398351816
0.87567131479165
0.8759744347333236
0.8762565829122099
0.8765131592066855
0.8767885278416192
0.8770469758016348
0.8773230783925491
0.8775522557502222
0.8777531103190583
0.8779230750831266
0.878080983236641
0.8782509136812678
0.8784113183832105
0.8785595166948623
0.8786923187029585
0.8788403238595895
0.8790631617732962
0.879265330498766
0.8794214695395287
0.8796168938789928
0.879851760371647
0.8801062791231885
0.8803611135258985
0.8806068353237534
0.8808686733432814
0.8811329785263162
0.8813858452612429
0.8816363140151429
0.8819124500555723
0.8821491059670062
0.8823215917502316
0.8825055447903886
0.882750742266916
0.8830399437532306
0.8833126484304691
0.883573242775412
0.8837836090885762
0.8839681135005305
0.8841491596964703
0.8844109510363484
0.8846295474559007
0.8848297851631417
0.8850203571042655
0.8851877389250888
0.8854077593057872
0.8855952635732629
0.8857671662538855
0.8859895122009726
0.8861776558587979
0.886387025950351
0.8865881003438704
0.8867812456120343
0.8869240476187964
0.8870889964384309
0.8872763724287812
0.8874567951115028
0.8876411447881426
0.887803112195621
0.8882641799149119
0.8887084971776519
0.8890990303755304
0.8894918194314585
0.889836983316155
0.8901392791367935
0.8903657683434401
0.8906017762630918
0.890813267838405
0.8909547536271554
0.8910728534075446
0.8911804958228279
0.8912235267375637
0.8913313464962801
0.8914143138396432
0.8915388798597925
0.8915590420497858
0.8915185398456084
0.8914638882718463
0.8914128638911576
0.8913323047274248
0.8912948787218045
0.8912759602982314
0.8912855490251872
0.8913265487596611
0.8914206941303388
0.8916055182468179
0.8916942842740607
0.8917739047531322
0.891851537937942
0.8919255427488936
0.8921041317124118
0.8929042206265935
0.8935910673754223
0.8942086645556553
0.8947711853423969
0.8953044968338687
0.8957841763277915
0.8961961892456116
0.8965910636393538
0.8970033893829064
0.8973949763503102
0.8975507415180112
0.8976371407422287
0.8977410840401444
0.8978681093959185
0.897959878105155
0.8980127865027735
0.8980864512434483
0.8983121748873916
0.8985137643054779
0.898812552105239
0.8991518396017598
0.8994463243590375
0.8997995689738626
0.9002222013897992
