0.025550178703042322
0.02605471806752023
0.030068284539490547
0.030971919047322438
0.030944945878280387
0.0295353239994049
0.028171842035333655
0.02575903185562515
0.02306441436623377
0.019504525739308075
0.016050658508023202
0.012739775256144923
0.011341968709347021
0.010515896126241544
0.010987723795162043
0.01315854946886271
0.016506957008493608
0.01963055237715585
0.023223398133949705
0.02716415517426498
0.031176059665909726
0.03556786824677181
0.040162023779390925
0.045209444640014675
0.04984632258552098
0.05431899370186642
0.058537924394375114
0.06301885647943492
0.06761092184605762
0.07270224017771482
0.0776913723208067
0.0820880121740194
0.08744948594541563
0.09311201151472626
0.09920883766748635
0.10452574116250893
0.10942799150911356
0.11362493325054099
0.11756177551333857
0.12130597208110311
0.12500429029754523
0.12837164684047755
0.13165310918808948
0.13529659020420567
0.13841707967296946
0.14117029602543132
0.1448483258573435
0.14819315829545324
0.15111801174112238
0.1541776463963804
0.1578892645981432
0.16219757321404082
0.1673463306538241
0.17212866214838604
0.17707172728927245
0.18226533706050255
0.18747320288191038
0.19351872147445556
0.20011091547666648
0.20660983903917277
0.21262700665801798
0.21830695499251873
0.2236166425847138
0.22842566890769864
0.2329360132834427
0.23741555803064865
0.24192961636475843
0.24568035219365528
0.2491495486457845
0.25136442988406243
0.2537310712896004
0.256223481680683
0.25797653881809957
0.2602309828139836
0.2622293767563355
0.2645994888031818
0.26689086867926226
0.2689815696239533
0.2701341765431462
0.271313874559961
0.27209549270672173
0.2729516492591008
0.2739550832760059
0.27528285749858034
0.276799533816444
0.2788353930160907
0.2808313547867356
0.2844282803605209
0.2877109075518236
0.29077320325697564
0.2934804606132049
0.2970178191906183
0.3003105970267044
0.303816009243318
0.3071491254981133
0.30977124497551056
0.3124466984494462
0.3148279103788716
0.3169879641635471
0.31916372580416785
0.32136012693992966
0.32322492405388425
0.32519584439604227
0.3269246467212185
0.3285436046009217
0.3305339772322151
0.3324675967708135
0.3348411571368589
0.3371116050994847
0.3395473894722098
0.34161006231486324
0.34341204019805094
0.3451439489503994
0.3469764063498757
0.3493925318466448
0.35248325739913705
0.3551135678495387
0.35812044728959286
0.3611998538526689
0.3643947535986946
0.3670768889452891
0.3695050484758083
0.3714788520178527
0.37292999891112205
0.3737179696661615
0.3739324611866051
0.37366052743598294
0.3734387911123178
0.3730492683159495
0.37316994263792846
0.3735239911139903
0.3741658907509198
0.37492323948381034
0.37614519090709847
0.3772068099266971
0.37871034644495466
0.3808954098650795
0.3835443156236493
0.3862192254391352
0.3895535409797805
0.39217154144104
0.3946453753549122
0.3978631662992383
0.40075601720558623
0.4037644377058092
0.40630534842296545
0.4081479513617768
0.40985882766179177
0.41139532821826597
0.41312191334089365
0.41529927068517214
0.4176162908096383
0.4198609671464172
0.42134198197899075
0.42355413697512234
0.4250198308465367
0.42628884745144696
0.42795014094886696
0.4298584200159522
0.43162772046763076
0.43332056015555787
0.435120583952044
0.4372305837995544
0.43921823031397855
0.4414057477737323
0.4433768139955844
0.44425135528294846
0.4448715208975084
0.44617532489594014
0.44726671599769685
0.447097725344432
0.44660735904865817
0.4465393073785781
0.44628564331944776
0.44612605203485955
0.4461042846589847
0.4453286357947408
0.44469927289060196
0.44373368739755764
0.4424901695020276
0.4413853213465457
0.4404247212718244
0.44073444582769233
0.4415621143135842
0.4421343899956808
0.44308061811832056
0.44365762407922565
0.4443820384366013
0.445392537647772
0.44630456885532493
0.4470502995294363
0.44779874712482115
0.44799472729261713
0.4482217877167634
0.44846868055607353
0.44853198317905335
0.4488345446542769
0.44914474335622084
0.4494030665071621
0.44940449622754586
0.4496686690554374
0.44970277099255274
0.45068931038016596
0.45168059150667655
0.4527008763665058
0.4535206765845238
0.4542959937275829
0.4548926560944273
0.4599996640974439
0.46489654289226384
0.4694944489799805
0.47360962113179034
0.47727902408689565
0.4805778050560904
0.481273592419344
0.482270853337844
0.4836023161813972
0.4847187899013926
0.48539954739071267
0.48584532029077304
0.4865710269021683
0.48681787074734684
0.4874789260645559
0.4883883831684921
0.488297970907518
0.48975914224326544
0.49131992767992444
0.4934661873397385
0.4953142814857641
0.4960794768869377
0.4966059067282245
0.49764088977565657
0.4980120634262134
0.4983148586929295
0.49864437106796544
0.49910137476591976
0.4999416405885621
0.5010820428587023
0.5015544213366083
0.5020596113657134
0.5007348794559232
0.4993991184482712
0.4983377244878056
0.49726894379105036
0.4964111994741242
0.4954573726569806
0.4944486800096236
0.49308226784008113
0.49162066233538126
0.49047955714985275
0.4890172705965708
0.487807507592015
0.4866237844632976
0.48562773937544085
0.4847169893045161
0.4840553787082231
0.4835427329327133
0.4837547680655129
0.4838294048107498
0.4841063823136872
0.48456850776536436
0.4852125666661336
0.48588923143996837
0.48624846031661345
0.4863580151680945
0.4876994024230941
0.48874255599882815
0.4896082404355404
0.4906744152726149
0.49158373812453526
0.49227849032824733
0.49276917520252494
0.4931948983765927
0.4941997163671523
0.494635441341112
0.49481194378287763
0.49490597218938664
0.49507818661290726
0.49487810904117685
0.49504470217794516
0.4950343535023324
0.49468388697900184
0.49430647705217695
0.493529706853322
0.49239258087316123
0.4914438924492441
0.49031873318078906
0.49038873280464473
0.49043948504487767
0.49040743898719946
0.4903435932293198
0.4905004533885422
0.49029392468460997
0.4900784680465306
0.49005176198309697
0.4901273198963238
0.48964404337051515
0.4891601362657703
0.4884519642010824
0.4873227094025675
0.48621676130177766
0.48529275012676554
0.4839860717677225
0.4827903871737458
0.4822862714913934
0.4811439778831922
0.4806575473057398
0.4802177030904907
0.47949577327946735
0.47904100483012674
0.4785403861180738
0.4785383797830329
0.47890007367809895
0.4788685830107985
0.47904216528019367
0.47918888329674575
0.47997697642388704
0.4798238402974784
0.4797483737947561
0.4816143468612695
0.4832774654638531
0.4848840484687978
0.48621226896808784
0.48726967077214556
0.48723494922026894
0.48742719696169073
0.4879907393923866
0.48838302269959133
0.4890912109239059
0.4897535333437015
0.49046416766437156
0.49116069894978404
0.4895873480911479
0.4879093961121252
0.4861334075176613
0.48458102946831405
0.4837403855791138
0.48247095983602706
0.4816400850323044
0.48090102707299465
0.47986297281882145
0.47869351692219453
0.47837276557403763
0.4779169064591945
0.47758773534017646
0.4770335241809502
0.47667531663791274
0.47651268230107724
0.4768070663596448
0.47701881482326003
0.4774032064849082
0.4777762950419985
0.4778504228947458
0.4777950797799544
0.4776809537418682
0.4776554138171663
0.47759458325013554
0.47725805095149226
0.477029135517967
0.4771655943331179
0.4774072805327031
0.4776888155689065
0.4787755789056651
0.4798633981293364
0.4805552410506619
0.48112833201928673
0.481725724594495
0.4827624568675523
0.48382373569386306
0.48483393429753047
0.48582903649267123
0.4869368573351457
0.48781057420966545
0.4885814841764971
0.48970356048512875
0.4909895007617794
0.4923477881268339
0.4934229482933014
0.49441979057707097
0.49526565590307253
0.49641068294658003
0.49759004081604646
0.4944510087114393
0.49143336340009447
0.4885493262264008
0.4858723379126539
0.4834291170683082
0.4812123167501848
0.4792130270860439
0.4774228933360002
0.47582981505537497
0.4744271017480148
0.47321515412340515
0.47214105184282823
0.47123633530186754
0.47042591063066436
0.4697217187104479
0.46913580230288493
0.46863492729755973
0.46818087331045727
0.46776604861446314
0.4673945495691118
0.46708784843130613
0.4668245661424624
0.46660326120913653
0.46637528021530317
0.4661650552885555
0.4659722652206794
0.4658013896494818
0.4656354579749243
0.46554278068964494
0.4654563009866188
0.46537576833600103
0.4652977947447022
0.4652304127756123
0.4651702700708949
0.4650912451904254
0.46504223305494297
0.46501628996759664
0.46501725074862704
0.46504338179009613
0.46505947451629365
0.4650796235553575
0.46512708984379547
0.46516972080948665
0.46518764356440767
0.46520072306668203
0.4652380187849195
0.46526743232713763
0.4653018585448272
0.4653361670864675
0.46538192390354866
0.4654296712861818
0.4654580193888814
0.46547856744451754
0.4654832196275272
0.46546433327830883
0.46542772305337643
0.4654087273542367
0.4654065703773248
0.4654122903667067
0.4654097345206822
0.4654234117186496
0.4654327534798531
0.46544136666210006
0.46544721397415384
0.46544226531153465
0.4654545848085495
0.46546775158419407
0.4654793918058276
0.4654737987034191
0.4654925818587299
0.46548368366235937
0.4654845352594825
0.4654666637170268
0.46541526340564876
0.4653654583506827
0.4653209671018057
0.46526383490377554
0.46523982210265924
0.4652960929329813
0.46529827848839017
0.46531517634825653
0.46536033713220337
0.46540694059726373
0.46544686978566613
0.46546411268561844
0.46549766938787773
0.4655861031616313
0.4656206647949682
0.46563488910679235
0.4657011150510221
0.46575892580085854
0.46579327590519776
0.4658129254460917
0.46586442703521985
0.4659248097722085
0.46596139309819434
0.4659584485528924
0.4659244914375489
0.46589281984213315
0.4658447429388696
0.46580501812183817
0.46577804318994903
0.46575884231408793
0.4657362475280925
0.4656877134402847
0.4656291757916382
0.46557198706631725
0.4655225140714758
0.46544513928917713
0.4653477978034286
0.46526474003139695
0.4651966659663336
0.4651330070250315
0.4650432428689717
0.4649579555051249
0.46490412655460384
0.4648618457189994
0.4648061146380265
0.4647794627769975
0.4648011128432033
0.4647970341036912
0.4647791860305571
0.4647462940194405
0.46467375839873737
0.4646131655676156
0.4645348107508017
0.4645074397438334
0.4644933580514214
0.4645317902487317
0.4645688867538127
0.464605560992176
0.46464417171526773
0.4647230260575623
0.46478821325589836
0.46489788000654614
0.46500568766514916
0.4650981591587521
0.4651612844479245
0.4652255104805324
0.4653324018578729
0.46545780240397183
0.46559659502332085
0.4656625227012961
0.4657431476892899
0.46582008707602524
0.46592438704384076
0.4660219162727349
0.4661760247522991
0.4663314608281919
0.4664466475206913
0.4665009326547289
0.4665440097075375
0.4665698334928037
0.46655434500967047
0.466553232233346
0.4665355257086225
0.46652994584035246
0.46650724533904336
0.46650206005770173
0.4665088090256299
0.46651746530655025
0.46651175994131056
0.4665256686696664
0.4665181365782521
0.4665671374167091
0.46657996155057174
0.4665980186744403
0.4666192071659117
0.46664513367262883
0.46663873333519995
0.4666143646335687
0.4665533711069391
0.466637022436329
0.4667115028424688
0.46677245424814173
0.46682692407057724
0.46690239301891123
0.4669730933562642
0.46701159163091577
0.46705957511477386
0.46713261065417366
0.4671786251736248
0.46720402853286874
0.46722519904735116
0.4672903477171983
0.467364851969269
0.4674110278357517
0.4674607259642576
0.4675464435307591
0.46766944037272884
0.46776638935293274
0.46788382447755306
0.46797681040281586
0.4681115471784284
0.46818852967537194
0.46827074948794206
0.46839709549617264
0.4685211316607617
0.46865723089899863
0.46867514616586986
0.4686891588516454
0.46872843055801616
0.46872936532008297
0.4687353359376949
0.4688120851800561
0.46886029237724014
0.4688955986425149
0.4689337993911033
0.46897581215295214
0.46898526626492204
0.46892906012362606
0.46891001252147685
0.4688806040624178
0.46887706310606625
0.4688481051891394
0.4686589532749894
0.46847757422984776
0.46839795845133747
0.4683388661014541
0.46845361499116767
0.4685544090362247
0.4685892924688031
0.4686012312084942
0.4686143194090128
0.468708687134387
0.4687915483885013
0.4688852691548033
0.46899900056333454
0.4690823591270641
0.4691474684777858
0.4692085290947244
0.4692718934464616
0.469328913505085
0.46935237392590634
0.46943054764123504
0.46940254500516215
0.46931508943791284
0.46923842898335333
0.46917836782660904
0.46915810953691545
0.4690799785572912
0.46912310770245197
0.46917408224632295
0.4691897515618392
0.46914835786973325
0.46914317464601313
0.469101484002663
0.4691054759946338
0.4691737565395185
0.4692258703670087
0.46923833898620726
0.46937983052463944
0.46951086170267364
0.46962465764146144
0.4697193913141755
0.4697705408348759
0.4701649430819622
0.4705184265874889
0.47076171719183213
0.4709825315204456
0.4711594139725669
0.4712714226599032
0.47134622245135543
0.47151320955477033
0.4716389808818818
0.47171007523461356
0.47185108970472045
0.47197655051234233
0.472200485751241
0.47235656392588904
0.47258031250652655
0.4728261782002473
0.47315506406468166
0.47346332618333786
0.47368561991969577
0.4738869066557718
0.47425391082724283
0.47458667958557943
0.47490494673721356
0.47498930407065687
0.47512760729842485
0.4752247143309864
0.4752992401553013
0.47540562307384016
0.47543495924053303
0.4754686170499263
0.4757421953468041
0.4760487845195455
0.4763023726070117
0.47619942426075584
0.47618152815104486
0.4761555921747703
0.47614478209214117
0.47641870041118684
0.4765816515918671
0.47671243828936055
0.4768240975978965
0.4768269933881721
0.4767483663587658
0.4769219581415639
0.47709460875285675
0.4773328056699142
0.47729886461836873
0.4773253759952492
0.4772740932637984
0.4772466930119394
0.47738121545480344
0.47748313152744065
0.47762655501898205
0.4778152534543688
0.4781255320534632
0.47828252513219854
0.4783660885980648
0.4784345907849953
0.47858526524589395
0.4787205277506028
0.47864272408981334
0.4785652062461671
0.47845023210734494
0.4782505310457093
0.4781774015934858
0.4782713589122686
0.4784124770421475
0.4784705687075284
0.4787584798010553
0.47893327949481623
0.47906836972606115
0.4791603018352451
0.4795652871691166
0.4799842863953676
0.4804780285651264
0.4809316530678555
0.48111775580616073
0.48156300398180063
0.4821578486384218
0.4826958592655988
0.48326146508970375
0.4838934380137955
0.4845953354097773
0.4852255031223364
0.4857926674814435
0.4863878650792615
0.487015932340823
0.48758490165201135
0.48803617438411506
0.48828949647448805
0.4884646720467583
0.4887243217080923
0.48891623678704355
0.4891067682468268
0.48932894146170564
0.48942711873639216
0.4893473516630714
0.48951909084658357
0.4896293475764053
0.4896569970161655
0.48961994047228863
0.48926893710958114
0.4890065450980727
0.4887635305359736
0.4886653370796573
0.4883809205275172
0.4880972508968449
0.48773649970152405
0.48714650312895474
0.48650015275459674
0.48607932155095424
0.4857821156079505
0.48557764877770604
0.4853295285179385
0.4851359202770259
0.48517858644331907
0.48505691998322237
0.484817003307294
0.4846661916594446
0.4847237191685708
0.48477517928722896
0.4849254133049973
0.48515106374088784
0.48533506978068713
0.48554902724518306
0.48587252609739084
0.48609064791546946
0.48635419922356754
0.4866453342469776
0.48695456241613894
0.48715760750439135
0.48796196687308374
0.4886694719893098
0.48929966841179917
0.489967331579689
0.49040088594582626
0.49102757807054614
0.4916281444191831
0.4921427906217935
0.49271121358526493
0.49325774776974396
0.49372729635516094
0.4940091931883838
0.49439535969438214
0.49500551610226157
0.4954587997616889
0.4956318973306451
0.4957118981934585
0.4957006000812471
0.49633142214273346
0.4967828560918987
0.49728443158279007
0.49783595849622897
0.4979805003332655
0.498118197306802
0.49807017548836974
0.49814986250514287
0.4981772244624437
0.4981194269617423
0.497850374722076
0.4973982317255751
0.49687114891636325
0.4963071699225269
0.4958297855472852
0.49537368346106614
0.4951610569198362
0.494825900122077
0.49454310801163337
0.49427588177591
0.4951562642247963
0.4959595879277112
0.4966301274011075
0.4971442016988
0.49766835754538075
0.49809997569478853
0.49866177808465584
0.4987848726545035
0.4991458699110318
0.49945233650571863
0.5001313977851969
0.5009423312099431
0.5017838982813487
0.502586905519718
0.5034318068742706
0.5042471124954745
0.5050155413922172
0.5055931174575022
0.5062596596833064
0.5068052769155962
0.5071335071743074
0.5074066943942291
0.5078672615829161
0.508303397692231
0.5086061803712415
0.5091279010958794
0.5096272308297575
0.5101552426444738
0.5104039051844542
0.5105130276364463
0.5108043535162704
0.5111422821047504
0.5115822168197502
0.5118260248195715
0.5120578013687632
0.5122069884454418
0.5124627738838906
0.5128682271977426
0.5132907191171997
0.513776240487004
0.5148527812755995
0.5155972399783455
0.5163035288021864
0.5167938028163956
0.5173178976536724
0.5180179038136894
0.5185481906687716
0.5190517756886702
0.5194183040744542
0.5196396953709063
0.5196995396058693
0.5195892190760806
0.5192493406733159
0.5191957982219331
0.5187491528940645
0.5183501226471905
0.5178844413417221
0.5172972473420041
0.5166485841046861
0.5159337555231431
0.5153065104167023
0.5146431912366354
0.5139371981022
0.5131843191806164
0.5124159248815596
0.5117969799915171
0.5110150113641063
0.5104126919247195
0.510039235835453
0.5101449738274325
0.5101540770919248
0.5100483596827373
0.5099450035682431
0.5095655498507048
0.5091358835024697
0.5094593306187385
0.5096102337327817
0.5097189846605024
0.5099974625111388
0.5102272192179256
0.5103594639021406
0.5107012295127918
0.5110322085681244
0.5113907790651594
0.5116222089393162
0.5120393497044127
0.5122801884411557
0.5123948707931536
0.512339125335021
0.5120920311891441
0.5103967715819769
0.509097203363765
0.5077806837138232
0.5064939245631593
0.5052808351641698
0.5043642400305637
0.5031218415854186
0.5015651595812457
0.5001885573182059
0.498923124106245
0.4976794101181301
0.49645402431263375
0.49594439184106937
0.49589509265518117
0.4957006157893097
0.4955331105176025
0.4952528578213977
0.4950052356395928
0.4952634939827724
0.4955365971712869
0.49592240211660815
0.4962318459164225
0.496510152971084
0.49690158045444566
0.49723555254289276
0.49753843808819787
0.49780120315040277
0.4980655765762583
0.49834192473407357
0.49874403828147607
0.49904363137029545
0.4993777576376536
0.49994306900124835
0.5007514627151626
0.5014549509259315
0.5022197695839142
0.502889302601786
0.503416821416941
0.5039826224141918
0.5046782260394257
0.505325398529454
0.5060572748265237
0.5064130038647053
0.5068472760693338
0.5072525795974082
0.5073771338242594
0.5074146722687767
0.5073871350675102
0.507768826028837
0.5080862943749825
0.5084210115732255
0.5086646361381358
0.508880077117323
0.5092087816832558
0.5095471424470999
0.5103358392060711
0.511128821888057
0.51192487935444
0.5127655740532527
0.5134358388085928
0.5140613810963055
0.514647604786197
0.515167332380298
0.5154811361547962
0.5161280967809754
0.5167110232941353
0.5170495414622898
0.5173363267503385
0.5173831946381281
0.5173060921142751
0.517162335741187
0.5169871231922508
0.5169217863063549
0.5170503206877054
0.5169109381276044
0.5166770077112331
0.516326924499281
0.5162264877335608
0.5161455596331421
0.5158920235722476
0.5157575290159797
0.5157074441600863
0.5150502872169258
0.5147267263683479
0.5143567961238004
0.5139982736748104
0.5136201976085303
0.5133619859215502
0.5132889563817953
0.5132005281576786
0.5142125569736767
0.5150408398461399
0.5156511078728983
0.5162257811640504
0.5171008996809527
0.5180709935803097
0.5189680116803743
0.5196458555916604
0.5205477984491338
0.5212833713713362
0.5222601295285643
0.523530950403329
0.5248569752948855
0.5259040896482751
0.5268954425298061
0.5276865191819069
0.5283302509918251
0.5290164472160838
0.5298843000849482
0.5306367480226172
0.5313332375544425
0.531708533180683
0.5321428537881043
0.5329227328444651
0.5335825476181321
0.5341966956395748
0.5347874900279331
0.5347656616461356
0.5346769340969283
0.5346238359367681
0.534935454840628
0.5351809547322236
0.5341740836419314
0.533158590845439
0.5321931573218316
0.5311697949223003
0.5303151124129781
0.5295636652420165
0.5289382611861801
0.5283996468362648
0.5281464123157976
0.5278884303492196
0.5274274021731389
0.526946090002341
0.5263895241991101
0.5258891786625884
0.5249670472348524
0.5242007577194455
0.5234281900886231
0.523194532982508
0.5226020277659549
0.5222436953676641
0.5232190019681565
0.5240135908142546
0.5243748273129724
0.5249969685728587
0.525313782066303
0.5257087773020895
0.5259959722958452
0.5262569660730133
0.5260792819145064
0.5258442261735201
0.525856600297107
0.5260381543459518
0.5263302451555578
0.5265582153461378
0.5268398185664815
0.5271473870015272
0.5274687900690682
0.5280276777971334
0.5286883285346534
0.5289470916205663
0.5292841557950884
0.5295991730584123
0.5294271721943509
0.5293876492863177
0.5294329788706247
0.5296671889963315
0.5300608669696063
0.5300967896095488
0.529927208362904
0.5297359214734408
0.5293711324981746
0.5291575502296161
0.528838040249819
0.5286034581496233
0.5287700345899733
0.5286957940902152
0.5287470545420718
0.5290991289271547
0.5290308212416764
0.5288264107802428
0.5288603946183857
0.5291044726154598
0.5292683393935927
0.5295228014294447
0.5303184954415492
0.5334641794687505
0.5351338840296088
0.5365004802058747
0.5386025523749359
0.540391592621457
0.5428255330899702
0.54484940894061
0.5463388796091706
0.5497900814008563
0.5532657660495996
0.5561951976735118
0.5585654700723822
0.5605411134964899
0.5622110414927854
0.5637030294304747
0.5647556174425705
0.5660386238318593
0.5671655040320557
0.5696399914435869
0.5718003956123099
0.5735561553412506
0.5750067621280862
0.576156186068136
0.577097142408405
0.5779319561701376
0.5786690479016141
0.5792719811747373
0.5797296555904379
0.5801305804896145
0.580511117743156
0.5813512158859627
0.5821128142098705
0.5827856745722408
0.5833802531305812
0.5839574107708172
0.5845010640671843
0.5850997519623213
0.585697206706011
0.5862018158418706
0.5867167944358668
0.5871932160370256
0.5876685925940948
0.5881197541774231
0.5885487549974393
0.5889738149163483
0.5893903896842428
0.5897563096831879
0.590163182426999
0.5908091057246416
0.5914528578740031
0.5920693179640069
0.5925817610838765
0.5930478728837644
0.5934603308637444
0.5938564154210507
0.5942619148040862
0.5946233706779226
0.5949925485909222
0.5953430550221831
0.5957840913163798
0.5962401752825609
0.5966878803138115
0.5971535185346829
0.5975628728331135
0.5979481386722104
0.5982950229292402
0.5986649893211452
0.5989782058142762
0.5993446545160682
0.599684729069467
0.6000998763451916
0.6003567553754473
0.6006054214110741
0.6009297075279674
0.6012103798314237
0.6013466517507549
0.6014188759924113
0.6018468602561587
0.6021732795908243
0.6024604526307726
0.6028077025093632
0.6031070468041639
0.6034305804746156
0.6037935442367729
0.6039893978502034
0.6041983269584006
0.6044273539589823
0.6046632198538112
0.6049291457966048
0.605162943923468
0.6053548053080825
0.6055403669010528
0.6058913205673622
0.6063149906160342
0.6067875780955585
0.6072200125706002
0.6076668735669072
0.6082182673166447
0.6089087665773019
0.6095578990564957
0.6102341669916933
0.6108058204937721
0.6113429463404493
0.6118241759371961
0.6122617682634861
0.6127107296246579
0.6131548110590812
0.6137125850474764
0.6141359067860584
0.6145829838796845
0.6150939104050033
0.6155491499178635
0.6159535867296112
0.6162112061394105
0.6165654734023193
0.6169516413609781
0.617315300289954
0.6177808851719897
0.6181679788950701
0.6184873765457249
0.6187383311125993
0.6189283279020712
0.6191490023137219
0.6192902947770343
0.6193535969772197
0.6195000922757223
0.6198952005352348
0.6202617216848553
0.6205923350152971
0.6208136774226731
0.6210575802931376
0.6209582819617228
0.6208952765545699
0.6208269633651005
0.6208011449982735
0.6208177895237752
0.6207259226408443
0.6206214494297664
0.6204238980241185
0.6202349306934439
0.6201308576681157
0.6200851028846655
0.6200302238219142
0.6199860009705339
0.6198492536030253
0.61969652979456
0.6196364868285452
0.6195474808282926
0.6195153603787676
0.6196760217392366
0.6199052979630453
0.620054204349697
0.6199724624920953
0.6199305953394763
0.6198963221985161
0.6196943751609857
0.619444106510307
0.6192751994598712
0.6191745780178731
0.6191509426482594
0.6192959312731496
0.6195679023122502
0.6198880551468978
0.6202456561574856
0.6206124084337753
0.620893622172479
0.6211761623243415
0.6213328581499336
0.6215223632770841
0.6217023293715661
0.6219712560033828
0.6221960799712684
0.6224550512169754
0.6228175281488096
0.6231092791337922
0.6233835574943843
0.6236981988654929
0.623927474064633
0.624195324788949
0.6242579927827924
0.6243242414930666
0.6243495535904376
0.6242961763341465
0.6241486288933563
0.6240684283235596
0.6239985753394761
0.6240099039937794
0.6242917925092097
0.6247252172427709
0.6252434198346498
0.6257089236841834
0.6261513897976266
0.6265785658843791
0.6269935038969452
0.6273894887595226
0.6279623114553818
0.6284432478513378
0.6289194652407786
0.6293294651475526
0.6296955263961163
0.6299564415033148
0.630203529153702
0.6304544991277551
0.6306651420952367
0.6310978048518512
0.6314490411675151
0.6317596347156674
0.6320955537286133
0.6323897214984687
0.6326605456967961
0.6327796577074116
0.6328451091040194
0.6329804053302589
0.6330803036289926
0.6332503122097531
0.6333368087067829
0.6334372625859552
0.6336330301260235
0.633672503977062
0.6337030464630619
0.6336945183979651
0.6336187804971929
0.6335992696855586
0.6334455750585724
0.6332487362391567
0.6332712197863086
0.6332242370043347
0.6331676684327842
0.632780419125436
0.6322873699494465
0.6318394367893682
0.6313989500222419
0.6309949891503602
0.6306270438521251
0.6303524647982968
0.6301027865977288
0.6298070346055838
0.6298831388105761
0.6299736563857316
0.6301821225220786
0.6302831360795974
0.6304957631032609
0.630067579377749
0.6295694659517165
0.6289876391878716
0.6283862197423759
0.6278060489823403
0.6273108087115602
0.6268168102670453
0.6264250553643038
0.6260724049779105
0.6256892275486693
0.6252561878891383
0.6249298086031739
0.6244627597312788
0.6240165188925234
0.6236236891617394
0.6232201454687668
0.6232282201724096
0.623290206653172
0.6232610608961772
0.6231737786261113
0.6231794478058722
0.6231523225244211
0.6231214825817222
0.6230921854432798
0.6229495566180359
0.6227847687244946
0.6227454949437886
0.6226989321558134
0.6224773898280895
0.622285276093484
0.6220682311828106
0.6219054569772681
0.6218451122978299
0.6217867431140371
0.6216835287448982
0.6217593860485013
0.6219703547658073
0.6221532524788833
0.6223768082306648
0.6226084977853972
0.6227880217723366
0.6229162411625276
0.623150047640471
0.6233691610036618
0.6234555008318433
0.6235289788121969
0.6236275094484863
0.6238030325082896
0.6239494426429715
0.6242951204571774
0.6246988643610483
0.6250457672776781
0.6254354200958057
0.6257912681979528
0.6260268939857215
0.6264238864895004
0.6273569839362645
0.6282181869800703
0.6290363671886903
0.6297451413271546
0.6303263041572233
0.6307034647244423
0.6310488229997374
0.6313253024476737
0.6315346408840543
0.6315449706115166
0.6315917002196663
0.631610115559797
0.6316594404537654
0.6316952663872385
0.6317229954803768
0.6318599222622994
0.6317938160349035
0.6319074189026926
0.6322439364702455
0.6324597708256954
0.6326133993040733
0.6327284503279272
0.6328466801676748
0.6333320877698465
0.6338429430657485
0.6342042692782716
0.6344726770247945
0.6347503127592792
0.6349965299810508
0.6353815534188114
0.6357720280440253
0.6361100788952674
0.6362763824333146
0.6361628752421721
0.6358607703456256
0.6356508129914614
0.6354735317521808
0.6353242277631996
0.6352347103568273
0.6353081741916342
0.6353968508526592
0.6351024865751316
0.6348422502935946
0.6347378192182724
0.6346669924062222
0.634673902658627
0.6349182347705379
0.6352836481745638
0.6355451302610337
0.6358889323376687
0.6361155759248796
0.6361774282949473
0.6362191570088563
0.6362106694830091
0.6363473929359077
0.6364620943304292
0.6348972292061373
0.6332682878215615
0.6315088427294365
0.6297438538819368
0.6280336180812583
0.6266444881526158
0.62532839909133
0.6243056121691496
0.6232846569649927
0.6224046402999452
0.6213488262899954
0.6205855324030257
0.6200819732062398
0.619871206639427
0.6197748085051826
0.6197489129890121
0.6198389095502175
0.6217607471232616
0.6235232519686622
0.6250140056670804
0.6265265300696304
0.6278773711507917
0.6290818119381347
0.6304991269875605
0.6317726121126834
0.6332567835111269
0.6345167882408244
0.6356328631825303
0.636526173132437
0.6375436279894628
0.6384755463211372
0.6393193142061775
0.6397813193033364
0.6401542299027126
0.6404496586930308
0.6406363453238748
0.640875568326383
0.6409755628721119
0.6410058626938471
0.6410807394331974
0.6411454380375528
0.6411435408250353
0.6411881865415336
0.6412597747741472
0.6414173297243603
0.6413958063618075
0.6413163576039715
0.6412721949655914
0.6412373063602425
0.6412775194850103
0.641435892292405
0.6416091524529516
0.6417376477536898
0.6418230055315276
0.6419482413114168
0.6420067760714123
0.6420674467017325
0.6421003617794467
0.6417012785692121
0.6411021992824585
0.6404305422278541
0.6397165211908464
0.6389620165220834
0.638267753406788
0.6377216302151345
0.6351344343409822
0.6325790643779605
0.6302924765618518
0.6282221389631804
0.6263760104675319
0.6247735493528243
0.6232879748833555
0.6223312100397774
0.6214532881208625
0.6206898085541916
0.6200577105372629
0.6195553723640234
0.6191154151126527
0.618883297672011
0.618540704125396
0.6184708865889763
0.6184677801498707
0.6187030681711939
0.6191007522753718
0.6193819562065841
0.6195554231363456
0.6197778026330565
0.6197588673935057
0.619680519595686
0.6195554342115529
0.6195055194294836
0.6183701045678148
0.6174447356809065
0.6169243650874793
0.6164648383008151
0.616074532641529
0.6157329800794851
0.6153699610675736
0.6146994317572979
0.6141703859868445
0.6140565052644585
0.6138623725899165
0.613689581827131
0.6134632357721695
0.6132327570633777
0.613487963288177
0.6136728319044985
0.6138058415209332
0.6138833595173745
0.6139801728793556
0.6140171494927712
0.6138855775067519
0.6139253381589468
0.6140143080195484
0.614284973068358
0.614569468289693
0.6148461908788957
0.615076225093364
0.6154533101965332
0.6152917993495702
0.6152295153296797
0.6152240499543928
0.6156082414294889
0.616238283428119
0.6168085240141742
0.6172889871783247
0.617700649178256
0.6182905645271872
0.6187900398203754
0.6193816880055473
0.6197695624526472
0.6201192353462465
0.6204293578148511
0.6208060171116642
0.6230178715975968
0.6249657405044634
0.6280599156524093
0.6307403553307908
0.63307016156437
0.635080257646844
0.636744042448305
0.6381291215750131
0.6389627608163992
0.6396554057015221
0.6402343871526653
0.6406889538854691
0.6406537804482135
0.6406476147299631
0.6406694964663043
0.6405493249426719
0.640423318730958
0.6403465199163074
0.640205062452835
0.6400721454964889
0.6398672443408389
0.6396639886803367
0.6394883352216371
0.6430656490457209
0.6460205653135562
0.6484594452569592
0.650534982432673
0.6521826628759564
0.6535853393519582
0.6546999950325653
0.6556658880822323
0.6575303741116295
0.6589299652450732
0.6599921317943528
0.6607749063317128
0.6613270458113454
0.6617464994905277
0.6620706551933618
0.6623176381929662
0.6624937050192902
0.6626568787337452
0.6628618000316893
0.6630467854635118
0.6632213327648487
0.6634831125987758
0.6637179962773655
0.6639548314327897
0.6641684947601196
0.6644300438242392
0.6646743235598668
0.6649320362271003
0.6651811436989791
0.6654086728380476
0.6657148736265887
0.6660579636296796
0.6663989091025542
0.6669390077071569
0.6674366549796862
0.6679639236024963
0.6684889492501533
0.6689882483120861
0.6694714698391874
0.6699628385417925
0.6704111052339892
0.6708580114304228
0.6712567529388394
0.6716453774779374
0.6720297467786182
0.6723650086516079
0.6728214051837924
0.6732526279251311
0.6736219682682496
0.6740612606213502
0.6744475513028284
0.6747948474967446
0.6751177690657151
0.6754439169970791
0.6757413648645536
0.6760066992529982
0.6762363986372028
0.6764911142222579
0.6767452249095621
0.676982840061698
0.677154235240645
0.6772816320779526
0.6773822378735316
0.6774778234696809
0.6774959947280934
0.6774867452599074
0.6774749241270918
0.6775246921342701
0.6775313138801395
0.6774963891633707
0.6774484777259163
0.6774151300026241
0.6774123095977774
0.6773581618611383
0.6772927758970848
0.6774548824401327
0.6775706508891884
0.6776455517420182
0.677665689024149
0.6776402198775373
0.6776151055402253
0.6776031411449627
0.677567035663853
0.6774975392225201
0.6773974210712639
0.6772760308232839
0.6771397551195505
0.676981645746543
0.6768403480127216
0.6766963677833201
0.6766276169411759
0.6767006673239272
0.6767504803987189
0.6768904594080491
0.6769958558245783
0.6771222752830408
0.677019192462024
0.6768270990178117
0.67665377831411
0.676433437184791
0.6761254160620982
0.6756352132988246
0.6751290650206969
0.6746657740051012
0.6742192305081507
0.6737947113121824
0.6733860012529973
0.6730340796331795
0.6726972858283495
0.6723747569237921
0.6723539075340954
0.6723686339727267
0.6720942960823655
0.6718287673570675
0.6715348616838968
0.6713144283598421
0.6710746098014562
0.670859212713886
0.6697742065610985
0.668710102912789
0.6677471931508093
0.666846171384588
0.6659950634101051
0.6651925729612134
0.6644992628747508
0.6639202676608911
0.6623446945269795
0.6608699401523698
0.6594902920284668
0.6582409111849724
0.6570870906136683
0.6560337188914824
0.6550526659019247
0.6543386994745215
0.6538014444565358
0.653337501927357
0.6529867445857162
0.6526690833971995
0.6524601577226303
0.6523500382859159
0.6522192188450976
0.6520686420934132
0.6519604872927435
0.6518495536210179
0.6517946799246345
0.6517964740540236
0.6518353368484366
0.6518830868329307
0.6519144595484223
0.651819722713852
0.6517440852015512
0.6516025921740664
0.6515169775918466
0.6515217147167645
0.6515643323262059
0.6516170679604946
0.6516880554453296
0.6517797692083959
0.6519896830353571
0.6522084804004941
0.6524211926227619
0.6525498780595224
0.6526448853854524
0.6527413408398455
0.6526612348353488
0.6526192817432643
0.6527774693270969
0.6529230658424838
0.6528724934760954
0.6526901689681232
0.6525158749459753
0.6524058183433901
0.6523250129906631
0.652270908400359
0.6522693864410019
0.6522866449586772
0.6523181704928247
0.6521619839454887
0.6519384714290736
0.6517942813077257
0.6516590602961833
0.6516420416665373
0.6516461233628373
0.6516693655202214
0.6516235569628266
0.6515614288979332
0.6515468637191569
0.651492132369135
0.6514269700442642
0.6514414664224475
0.6525289530523065
0.653467876982099
0.6543080431620576
0.6550515960550483
0.6557210309263701
0.6563666544196227
0.6570030453717752
0.6575732887886581
0.6579814266137091
0.6582164185673093
0.6584682716184383
0.6587070868387666
0.6589678552174861
0.6592510431287845
0.6596350248238193
0.6600213461827237
0.6603760518572745
0.6609791945062372
0.6615513443801957
0.6618405011277328
0.6621191046545803
0.6621707960488439
0.6620303642599662
0.6618774962804342
0.662006740438862
0.6612927766841346
0.6605405870075243
0.6597679563935098
0.659061026594705
0.658375873755938
0.6577467302669148
0.657232803340393
0.656765065351203
0.6561923688854594
0.6557759693431068
0.6553765055038652
0.6550041744368115
0.6547471479414222
0.6545083807770855
0.6542590993918654
0.6541480719555927
0.6541865092542698
0.6541813624278506
0.6542118874615391
0.6541772821184471
0.6554644889753504
0.6565794646061837
0.6575834819335487
0.6584684255308831
0.6593642519975362
0.660132626448962
0.6606170862197482
0.6616343138561066
0.6625008915215238
0.6632487895670399
0.6637305941017527
0.6641396447730161
0.6645176380200922
0.6648475454505929
0.6651108364877603
0.665287619964749
0.6654078171052239
0.6652576828110892
0.6651063978140831
0.6649395677598892
0.6648628402180812
0.6651651774331198
0.6654533126205647
0.6656957751628721
0.6659204799565016
0.6661667252113215
0.6664121023304347
0.6664972910161862
0.6666193012735411
0.6666966199197252
0.6667812898111284
0.6668682808048788
0.66694536276136
0.6658635457644075
0.6646174650520631
0.6633663701531304
0.6621109044768364
0.6608722579657933
0.6597249780125847
0.6586189783941604
0.6574837847364393
0.6562830591695472
0.6551747098854803
0.6541807673235646
0.6532499740527266
0.6524198783921544
0.6517497186142629
0.6507272243242767
0.6497813105314819
0.6488811632177954
0.6481161940475961
0.647420498202766
0.6468197225768706
0.646319769468675
0.645885814436117
0.6455210504472235
0.645218190353691
0.6449504865396923
0.6448441736601128
0.6447776031274114
0.6447261024294816
0.6446532527744635
0.6446196947316171
0.6445632766185918
0.6445085667922278
0.6444182972303125
0.6443387533475394
0.6443258116558881
0.6443172190678073
0.6443281811426741
0.6443842820027897
0.6446042439676098
0.644853332914291
0.6450785525433677
0.6452862173304126
0.6454819134133258
0.6456732122545183
0.645857310298782
0.6460957878189418
0.64628945943321
0.646267442878886
0.6462890201864554
0.6463397188467146
0.6463963412171918
0.6464795610415605
0.6465624540387198
