0.010470621531588202
0.016916437362336542
0.022805997025055487
0.023769217192828544
0.02422687748891139
0.0231563033482534
0.019776625845967268
0.015613829468116038
0.01253104331676769
0.009039529853247954
0.00964164762457435
0.01167453260592616
0.014706954292499038
0.018853453716770052
0.022735828715235853
0.02743814415114791
0.03189081510569233
0.03636020444522101
0.041166242635716076
0.04709310023825783
0.05327850918822696
0.05942978327149114
0.06480905205872768
0.06990502983791531
0.07513310864517168
0.08085951389343196
0.08652873293369934
0.09228100127641668
0.09794492076737324
0.10325360742825258
0.10828916428805617
0.11340261467186141
0.11850481994835972
0.1231471590038449
0.1279462192339953
0.13216310958512342
0.13643791347363204
0.14112595022361643
0.1462785129608514
0.15085691399390835
0.1553308480527137
0.16007184697576962
0.1649864146040359
0.170072582460307
0.17516350070244688
0.18022315646594453
0.18455001748890607
0.18897471260554752
0.19388839815398096
0.19814997886890007
0.2024360513094874
0.20670437753213014
0.21134738960424942
0.2151915707072859
0.21911936916418012
0.2235310312035688
0.22780574163472672
0.2316441529446578
0.2359428939693662
0.24038026360559916
0.24479982445396284
0.24867137549391807
0.2525932009130913
0.2564931751346667
0.25993492685505026
0.26305293103685407
0.26603270129465956
0.2690192760092866
0.2716912984793127
0.2737832611140247
0.27576184523539454
0.2774268074451571
0.2791377570261057
0.28049360973809273
0.2820104645549998
0.2833825846351745
0.28521801274509717
0.2867069790712919
0.2880197036545752
0.2891465159358742
0.29014792853951593
0.2909707984617232
0.29156797344190655
0.2926671315373235
0.2935569372137689
0.29426797205554245
0.2953197683824127
0.2957481665536922
0.2962286208195211
0.2966870392018132
0.297700517300341
0.2992148334692205
0.301259514942936
0.30363424323602667
0.30617237425985677
0.30939217132967867
0.3128445464718789
0.3160582927571075
0.3187818842385323
0.3209487372308671
0.3233559774414801
0.325393465434507
0.3271696508934896
0.328980476398357
0.3316009077917032
0.3343294575785969
0.3369571155127015
0.338694478945878
0.3399910871035037
0.3415161275012027
0.3424996946741669
0.34357519446299095
0.34477101488754197
0.3466182897256023
0.3489808978254438
0.35122380052126867
0.3528460388870851
0.3542641195568446
0.35647232870447276
0.3584386754270709
0.3611374139072706
0.36291256049244247
0.3653524963810013
0.3687014282903243
0.37202509328395034
0.3750955113156325
0.37741466265706064
0.3799590188984942
0.38202049358988915
0.38426717380235353
0.38580599583966
0.38734346275830217
0.3875852353902274
0.38809353328520735
0.3892221236794788
0.3902591417849686
0.39120725706396703
0.39311902270539606
0.39486378824673696
0.3966746822083965
0.3982224558552282
0.4002806860093597
0.4027256763161069
0.4049037991633852
0.4072799428631701
0.40988201689146364
0.4132838018040097
0.41650995749014885
0.4198408729869601
0.42330749557325964
0.4264635318472047
0.43002407770173456
0.43253645781529565
0.4349986118832941
0.43661283237562376
0.4375114887854128
0.43808075036517574
0.4382611971064697
0.43820916382698727
0.4392704138429007
0.4398038669497701
0.4409423556179085
0.4416155834821652
0.4437382634107287
0.4453993947156164
0.445946504639882
0.44675167872797217
0.44738503761330284
0.44843995873078724
0.4490587368370889
0.44950150170326214
0.45109660186360795
0.45219020343382493
0.4530999552117208
0.4540535261533752
0.45491210829325873
0.4549229776128512
0.45489155420363636
0.4552794093827396
0.45578338242604166
0.4557348954828617
0.4566184928963213
0.45747829562072456
0.4594420792180815
0.4609504633712808
0.46228810000700427
0.4635669119435399
0.4641522181533977
0.4648786236221246
0.46657852145066453
0.4685161285920596
0.4705180532323221
0.4728968583078065
0.4749183546147528
0.476734287597163
0.47894469562417946
0.4811144052534332
0.4834601960432055
0.48571978524505305
0.4887348638128321
0.49231265755899284
0.4951631373446569
0.5000961535838688
0.5039859434173464
0.5073312988811796
0.5106591836915497
0.5138048646302403
0.5171390959255648
0.520039503155699
0.5221129443850149
0.5237111058595377
0.5245972421072337
0.5252362643611775
0.5247215388653519
0.5247838420569755
0.5264767219018633
0.5273019700844338
0.5286968173297739
0.5298747645287414
0.5315555081941061
0.5322089990611879
0.5339820702744235
0.53673432906428
0.5398555076283071
0.5456315777663503
0.5503551708634565
0.5531037850981286
0.5546779767249771
0.5554364645589032
0.5561423912555544
0.5573124845466998
0.5574780308813296
0.5573418513317362
0.5570663293836534
0.5559591095373735
0.5549530950254005
0.5555217618886352
0.5548675417970086
0.5537971206852171
0.5525449651013109
0.5505676363777319
0.5487768422543082
0.5471379562851926
0.5457741167448972
0.5433631185249067
0.5411194641239842
0.539144018780702
0.5368005994402492
0.5327563451061932
0.5289721146727553
0.5329812852744151
0.5368216858169751
0.540331791421932
0.5440861736719611
0.5473048965380608
0.5501249988722859
0.5526730009486026
0.5549956688098011
0.5559863150275122
0.5567634410879143
0.5567064612209585
0.5563147242155428
0.5557571519386794
0.5549786757817364
0.5540924185351388
0.5532100090135479
0.5523039829238097
0.5513802958409492
0.5506323863887889
0.54995099445946
0.5493401615583031
0.5487858047523105
0.5482736815243076
0.5478414244268728
0.5474305238812228
0.5470139676375723
0.5466280360883424
0.5462551683392087
0.5459319520254693
0.5456410882060905
0.545446492936751
0.5452136277770271
0.544928303297911
0.5446427726101899
0.544474040529221
0.5443951401742564
0.544304273243883
0.5445133746447239
0.544702847577136
0.5448907376772242
0.5450872977948858
0.5452493298730302
0.5453868694968917
0.5456643995827993
0.5459399102385339
0.5464832821736847
0.5469619453564363
0.5474656185554714
0.5479426864488315
0.548443694929825
0.5489201496420109
0.5493147938078119
0.5496280610827002
0.5498925467605571
0.5501200656878807
0.5503876367305254
0.5505885993914451
0.5508345510077716
0.5511218898842555
0.5513432759488578
0.5516855170744603
0.55203509259508
0.5524027114784863
0.5528820345858839
0.5533730146161042
0.5539509102929457
0.5544615890758895
0.554931464901086
0.5553845579429053
0.5558262300405109
0.5562917347439974
0.5567086719283552
0.5571995754490852
0.5576599613823429
0.5580705582760379
0.5585319940233296
0.558991448733627
0.5595132392993398
0.5600167030178196
0.560493403704102
0.5611745342749002
0.5618744683010134
0.5625243714982368
0.5630491365674284
0.5642983836824964
0.5654303898633722
0.5664545164419673
0.5681698705275237
0.5696923585865533
0.5725356261600333
0.5751044822691991
0.577338393157166
0.5794003956775856
0.5811272301632114
0.582329585397726
0.5834511090287328
0.5844550368041159
0.585222817471693
0.5858871042083927
0.5864771503188412
0.5870047625352627
0.5875108639109682
0.5879038582288879
0.5882382623763129
0.5886092562031356
0.5889108770283104
0.5892224957708286
0.5895292590630826
0.5897666398200437
0.5900764588458605
0.5903961709048082
0.5905487155686827
0.5907599864513364
0.5905716847719005
0.5904083234015443
0.5896867392105863
0.5884077542980367
0.5868724548669038
0.5854267066907064
0.5840136473832096
0.5814054023164188
0.5789432845548698
0.5767393110354901
0.5748529499816294
0.5731791170511424
0.5717084793245675
0.5702752735014072
0.5688954065356451
0.5679737162298568
0.5671575029251753
0.5664243528591265
0.5658198589430843
0.5652774044582674
0.5648375364315917
0.5656076482886266
0.5663516474146733
0.565974892071762
0.565584078207926
0.5652937424043819
0.564998619437767
0.5647158091017723
0.5644817979532591
0.5644914884196041
0.5640396466497771
0.5637675727859186
0.5635399362857946
0.5634290355556634
0.5634416680582592
0.5635019347811075
0.5634588391174935
0.5634433344760871
0.564067756819206
0.5646585962935403
0.5654168489919864
0.5668522926017212
0.5680391046015172
0.5690224670862523
0.5699648271687603
0.570811800210155
0.5715004150788776
0.5721198254896046
0.5727083587532175
0.5731070133489298
0.5733699640930947
0.5735056590244678
0.5736444737680664
0.5737024442577112
0.5736496956028715
0.5727973965574467
0.5720185323747365
0.5713617217988728
0.570763264769863
0.5701609381553915
0.569598468294563
0.5691146393422041
0.5686419090624559
0.5681919174497961
0.5677660407143957
0.5674176989059164
0.5671415329813742
0.5668574772742374
0.5665269945015107
0.5662037845856204
0.5659598643474866
0.5657070130283564
0.565300944696997
0.5648543501821679
0.5644611571769138
0.5641214277609115
0.5638112278310139
0.5634242774519724
0.5629890696685844
0.5625752338286981
0.5622339349091102
0.561814614471955
0.5615239218397088
0.5612794788606221
0.5610587866111949
0.5607289836118224
0.5604115719659922
0.5601482337385687
0.5599290069425417
0.5597844750613924
0.559580597123905
0.5593346916599257
0.5591024289055859
0.5588561190471851
0.5586570358652868
0.5584867259603462
0.5583675803031515
0.5583241203162357
0.5583632683574653
0.5584760351625592
0.5580689372452793
0.5575246885991807
0.5559093802457886
0.5545473940622916
0.5533215930686145
0.5522412312499133
0.5512633151984317
0.5503127749882704
0.5494449571546154
0.5486465384596911
0.5481860117362232
0.5478014140001657
0.5526922733606466
0.5571466784208672
0.5612215795609449
0.5653689773885304
0.5691068268933053
0.5724819227874823
0.5756182108858992
0.5784283391302605
0.5809575840386244
0.5834876094100363
0.5857909021546247
0.5879801667512342
0.5898022672281904
0.5914536370740979
0.5928362476849829
0.5939394345320909
0.5948556110585912
0.5955720852657309
0.5962106527215091
0.5968264624323176
0.5972690954587108
0.5976640607269931
0.5980242859401053
0.5982861270526538
0.5988374386078609
0.5993128246851498
0.5998193644074801
0.6002715488760292
0.6006850183359734
0.6020688046272208
0.6033288866090747
0.6044144384981339
0.605360523639455
0.6062079907342294
0.6069222387654021
0.607561360017796
0.608099707455496
0.6085902773742852
0.6090454708153749
0.6095101080633332
0.6099302329613187
0.6103396522079324
0.6106811350760396
0.6109429882012317
0.6111905398398311
0.6112596135363783
0.6112952686783658
0.6111692027360452
0.611071882431645
0.6109680972911771
0.6108792734545021
0.6108154231577937
0.6109835108812031
0.6112002667933747
0.6114039869573864
0.6114944634718075
0.6115756405375334
0.6116701993378283
0.6118126452564836
0.6119425671703693
0.6120526705978644
0.6122738385862081
0.6124969500876858
0.612708513202735
0.6129632614666234
0.6133889647195443
0.6137996718337375
0.6142291989155255
0.6146404567392043
0.6150208254458874
0.6152961183467539
0.6157502974986556
0.6163171490119896
0.616797999211825
0.6172192087987766
0.6175935603442051
0.6182532108192125
0.6188087121461616
0.6190927100702617
0.6193711361424009
0.6188138770576642
0.6183699852939268
0.6168100247483493
0.6153817105743036
0.6140276882232812
0.6128071458370803
0.6116921949215182
0.6108004210416585
0.6099855093747564
0.6092254166342297
0.6086187586543302
0.6080665250784983
0.60769270242445
0.6073601672642351
0.6070753483654161
0.6068264294473753
0.6071106351036613
0.6075660649284212
0.6079522121618545
0.6082125292507917
0.6084877654711136
0.6087060733664944
0.6088797804927937
0.6090267598894028
0.6092088783476953
0.6093714317943599
0.6094624145923312
0.6094762747363665
0.6094602102899812
0.6095000172440062
0.6096600095205994
0.6098867986409178
0.6100665352661412
0.6102737872128238
0.6104319147719225
0.6105276688495151
0.6105093168273242
0.6104479517772643
0.6103557524171733
0.6104567817490458
0.6104740991033207
0.6105475949856967
0.6106409374738516
0.6107912359844344
0.6109991627270694
0.6111659113344129
0.6113039396310984
0.6114551156538346
0.6114996057153118
0.611243692156138
0.6110819716083895
0.6107985933186326
0.6105569692965277
0.6104118796424018
0.6103081121792241
0.6102567394341528
0.6102781759045094
0.6102621063814844
0.6102438629406138
0.6101658007869629
0.6101370183465441
0.6101079648626933
0.6104460071825877
0.6108433200341854
0.6112182912281685
0.6115963093486165
0.6118307623568469
0.6120279769375673
0.612101409075887
0.6120164051553195
0.6119829679851446
0.6118980429657294
0.6116986420113218
0.6115205300246779
0.611395225803128
0.6113015580057425
0.611264825721255
0.6111184352577373
0.6109404039274748
0.6107902482558782
0.6106779522589875
0.6105259554939406
0.610587657272602
0.6107640261949288
0.6112046104932377
0.6114715974882983
0.6117230671313149
0.6120525442792943
0.6124592345688215
0.6127973273515869
0.6127997831382679
0.6128151949383239
0.6129126635603955
0.61293466078454
0.6129822738875755
0.6130944678004747
0.6131020149488482
0.6136277127595777
0.6140099258531909
0.6143796641627226
0.614730261738722
0.6145522331688564
0.6143817929467462
0.6142860886119533
0.614137015573405
0.6141048485661147
0.6140213416611056
0.613949110369752
0.6142593108443023
0.6143539585947616
0.6144966160284928
0.6146624239519162
0.6148114925799859
0.6148820288857266
0.6152025528211543
0.6152253918650462
0.6153050125782182
0.6154029227858757
0.6154104821666261
0.6153330490043919
0.6152983166604796
0.6154920488675423
0.6158263211229262
0.6161040487258119
0.6162447667501908
0.6164733615317783
0.6166353305719362
0.6166793888810882
0.6165447489041835
0.6164777729643187
0.6164387003246223
0.6164734422092852
0.6164898500632934
0.6165800379893053
0.6166328431762177
0.6166439468752302
0.6166176019756303
0.6180905544771614
0.6192787084987587
0.6201674323006338
0.6210038764898351
0.6217295576633982
0.6224079679337609
0.622972320204988
0.6234326395811125
0.6237401242298791
0.6240837152039251
0.6244418015075235
0.6248974308108656
0.6252739100611041
0.625573386712952
0.6257996934676515
0.6260381577833287
0.626336882819924
0.6266151547305561
0.6267802018330145
0.6269660207338316
0.6270654636252007
0.6270470720934546
0.6270657572559395
0.6271754293277945
0.6273145740924254
0.6274852865808567
0.6276758679978592
0.6278503241871886
0.6280185651255059
0.6281926763220763
0.6283237704289708
0.6284225981386493
0.6286156467790245
0.628861132704773
0.6290589099901133
0.6292524226813558
0.6295059449159655
0.6297364766240289
0.6302735637316804
0.6308154540798727
0.6312847571028481
0.6318190028284437
0.6323141604798125
0.6326369521801013
0.6331523911941723
0.6335992169511812
0.6339335912929037
0.6343543232206612
0.6347406879162805
0.635165017555467
0.6355548864263743
0.6358892216413147
0.6362256597917101
0.6366040228953102
0.6371292458576149
0.637624966413908
0.638119509068217
0.6385309775289435
0.638891778379658
0.6392091677152036
0.639532812985685
0.6396972983132612
0.639766779454284
0.6398481472222182
0.6398681105418605
0.6398552184223143
0.6398828198461812
0.6399271796590725
0.6399715274975838
0.639944166852353
0.639872673329001
0.6398045115702059
0.6397380894816681
0.6396379851185537
0.6395304408589167
0.6399339924289732
0.6406319030871617
0.641254687819384
0.6419109176719072
0.6424558283509336
0.6428797574351276
0.6431806271514485
0.6433790846775694
0.6436000363687298
0.643808187095101
0.6439739197005833
0.6440318993748305
0.6440724544905088
0.6441244380163862
0.644157417873322
0.6441692696760151
0.6442004627471654
0.6441666599322001
0.6443324296094052
0.6445772265736892
0.6447300158359304
0.6445086415293088
0.6445941776430636
0.6444329545704414
0.6442356789790771
0.6445711216187548
0.6448918475798747
0.6450532097073679
0.645139485924779
0.6453803524473428
0.6454407474266419
0.6455576469170894
0.6457901672388824
0.6459733958481432
0.6461107514978263
0.6458781227724716
0.6457260072382826
0.6455875948438604
0.6455859848328022
0.6453615555774006
0.6458431097863541
0.646206270372645
0.6466738762939553
0.6470201706881706
0.6472530897325984
0.6478420403195521
0.6485160336183167
0.6491728170394869
0.6496779648581418
0.6500775627681964
0.6504407006303954
0.6507160383603856
0.6509856887227847
0.6520465126366148
0.6532913705773858
0.654421273292761
0.6552289577520458
0.6557519927816996
0.6561283628144112
0.6564696310104845
0.6566128303436175
0.6566216376922663
0.6566560181616627
0.6563591908992582
0.6560055412985123
0.6557091118926772
0.6555464234053995
0.6554238390401007
0.6556107263016324
0.6558675010756806
0.6560466665809126
0.6562905641679974
0.6565315059992205
0.6564776315794981
0.6566224458585634
0.6567968293938707
0.656892321671056
0.6573186702151795
0.6577801235698366
0.6580809161020578
0.6585124461070173
0.6588181578011482
0.65902497710724
0.6593599420316552
0.6596789125763866
0.6601973706025928
0.6605920191490537
0.660660327786667
0.6607908470185546
0.6609196339492098
0.6610290345634318
0.6610174921763279
0.661148179289875
0.6612565497649915
0.6614657905677477
0.6615958701138283
0.6626655800976171
0.6638501702161366
0.665223877450643
0.6661954449773311
0.6669853904398747
0.6675971938245171
0.6681215226725266
0.6683015048270975
0.667791793076754
0.6672283591774172
0.6666832810367402
0.666145003513788
0.6657063343203946
0.66530820569567
0.6649411370473983
0.6651019809939476
0.6651621774316229
0.665326677046893
0.6654593447090389
0.6655881033759756
0.6657444982369485
0.6660250498692584
0.6667265391144915
0.6673814056614443
0.6678798812692457
0.6684225247899236
0.6691070635428265
0.6698417500019964
0.6704316156034963
0.6704611555925765
0.6704305447822877
0.6702203300531772
0.6700255665410244
0.6696839791415434
0.6692980985533259
0.6689056627513135
0.668471437465891
0.6683440729958934
0.6681152292617084
0.6680305602073542
0.6677922068274397
0.6679045129089444
0.6679824524657215
0.6681109109844958
0.6682838682317674
0.6681972752113814
0.6680379908591605
0.6677068573847513
0.6671752046007507
0.6668620535083725
0.6664677172908332
0.6661270870551412
0.665515119540601
0.664681262393734
0.6638287696525494
0.6630114432431887
0.662107642785536
0.6611911286747219
0.6605014473672485
0.6599060028789583
0.6593819892383918
0.6586982475811529
0.6582777886018906
0.6579433095558772
0.6580754347015288
0.6581490201537041
0.6583028014925922
0.6583598820516716
0.6582307070584118
0.6582748811833954
0.65820187823979
0.6581187097209397
0.6581714216961647
0.6581301669757459
0.6579269356761941
0.657905670659845
0.6607470060288078
0.6627492665215908
0.6642858251831696
0.6655261564122326
0.666702770120562
0.6687703139998642
0.6706467159431888
0.6721750237828542
0.6733946274570135
0.6746232844924647
0.6755192485248382
0.6762597395843309
0.6768394974726394
0.6773867508552591
0.6777986024503453
0.6780007479266217
0.6780136213837729
0.6772365502691278
0.6764184613319709
0.6757319848645633
0.6750963293814339
0.6744161286815356
0.673872691746096
0.6730303558488979
0.6722433929804339
0.6715228915010063
0.6709857541221278
0.6702631688454168
0.669523389979797
0.6687849075428275
0.6681120861832417
0.667247045172884
0.6663134589346239
0.6656028929874495
0.6649548550092849
0.6648869484140524
0.6667092637198131
0.6682993302737299
0.6696631119324291
0.6712596248013054
0.6724906290688121
0.6744102203341733
0.676584301481833
0.6788100541727728
0.68094554792774
0.6829311740956254
0.6850759543302066
0.6868913212857942
0.6882762551122097
0.6895771230370172
0.690893405802141
0.692046804694423
0.6930488088377138
0.6942092312015835
0.6955197473882804
0.696619993250559
0.6978278403176437
0.6990402853929422
0.699978603171269
0.7007475486276604
0.701522743666119
0.7021714059472187
0.7027113976643022
0.7033918154842016
0.7040345382409029
0.704857846710486
0.7055139685908451
0.7061056496658147
0.706819647738941
0.7073420087071649
0.7080427443886615
0.7085576892332877
0.7087832735597583
0.7094322869772388
0.7101066380555155
0.7106822309713269
0.7112062192030004
0.7116676070041437
0.7114057138853636
0.7106816747135567
0.70965787934378
0.7080668958574265
0.7062236135712581
0.7038957541784291
0.7014727002237235
0.6990299940976882
0.6967496781304702
0.6945827578725997
0.6924959229957539
0.6904723337456714
0.6886469258291532
0.6869529145394863
0.6852299637502297
0.6836462604246651
0.6821608275589147
0.6784177525114227
0.6749053081500548
0.671692159215398
0.6687478994358614
0.6659978120006134
0.6634465462520132
0.6610730661925673
0.658884149244089
0.6568668883801255
0.6551619770863599
0.6533785849381405
0.6516028903006604
0.6498998556076231
0.648331381788878
0.6469129828367145
0.6456110065503904
0.6443690480382683
0.644013759417958
0.6437870033619942
0.6434947693344739
0.6431501374328719
0.6427526433395595
0.6424101441220017
0.6420268689429262
0.6415848173747185
0.6411744050987379
0.6420046049228832
0.6427585351265921
0.6434802405101072
0.6441151636806683
0.6447238575754052
0.645322310525837
0.6459382874871548
0.6462059021349416
0.6458224397483343
0.645284287789791
0.6450421503099565
0.6450675539729045
0.6450689302230475
0.6450089080130763
0.6449798976648786
0.6449051866800048
0.644862857944767
0.6447545786732312
0.6444871799930599
0.6441459562681191
0.6436306456310267
0.6431670259443364
0.6430470094045921
0.6428550737187098
0.6426498553210609
0.6425210264450625
0.6422959769249914
0.6421494296559818
0.6420330979540383
0.6419228970961319
0.6418163758038359
0.6414649680970733
0.6410211709558649
0.6403428681549893
0.6394723284824557
0.6386551229644644
0.637910204639938
0.637185624237896
0.6365083758922728
0.6359600785225745
0.6354693722551948
0.6351533041491175
0.6348180388219848
0.634700227336405
0.6347297977713166
0.634697888847031
0.6346375406956293
0.6344699897942145
0.6366050393115973
0.6383488291191739
0.6398012566355259
0.6409024768409921
0.6418324573178695
0.6426875657735196
0.6432557434120203
0.6440194046402162
0.6447113987543686
0.6452807902255486
0.6457325937195961
0.6461934365312841
0.6464859407949911
0.6467717912433687
0.6483021797099865
0.6495953763257961
0.6507383792328454
0.651719987585672
0.6525836747351422
0.6532989274948591
0.6541982692848166
0.65494466056649
0.6555142390626377
0.6559490020707256
0.6562853519343033
0.65673054601773
0.6570974026881218
0.6573743162210213
0.6576041238668641
0.657752104114548
0.6578783025077828
0.6579294487021232
0.657895027726849
0.6577921723973553
0.6573408357595114
0.657016792771438
0.6562381175526173
0.6555406189131456
0.6549445577644945
0.6545872278926467
0.6544272721869738
0.654357489402522
0.6542844520710889
0.6542468513009397
0.6542498648828433
0.6542991114005924
0.6542177142528899
0.6578690425852615
0.6607561334203588
0.663030393679427
0.6648139593932582
0.6662172009092601
0.6672333373166088
0.6680237429487944
0.6684986232566079
0.6687669513946611
0.668917773218167
0.6690451008497437
0.669159699127149
0.6692537865877468
0.6693294353931774
0.6693521750725231
0.6692575733515291
0.6691388048130792
0.668981888435262
0.6688024777640748
0.6686379767189445
0.6684689104279303
0.6682608716476
0.6680912602036292
0.6678779736034052
0.6676621816734918
0.6674858883261263
0.6673672487967093
0.6672511175242943
0.6671866920749622
0.6671526452609348
0.6672325725594865
0.667410379366035
0.6675820835715182
0.6677344495634044
0.6678965440499481
0.668085941732533
0.6682859943842032
0.6684418523909905
0.6686397267746479
0.6689639944975314
0.6691985856560044
0.6694168723263889
0.6696480769170746
0.6698302118214211
0.6700016806404904
0.6696691857795983
0.6693651286389317
0.6690746412520563
0.6688695229765066
0.6686602282961751
0.6684295832333539
0.6683333997161469
0.6682058034924878
0.6680656654629926
0.6679277413907878
0.6677352257386393
0.6676346491964766
0.6675673242224514
0.6673330491175015
0.6669197489037333
0.6665515989958839
0.6661775405241489
0.6658527499398897
0.669740641169996
0.6730417955717983
0.675654425395476
0.6778370788591951
0.6796901283462058
0.6813836653753869
0.6828534146351771
0.6841103448245309
0.6851898006962286
0.6861321272958091
0.6870927660313255
0.6879426856862139
0.6885412202107717
0.6889828893029798
0.6894337559837068
0.6897956027705355
0.6900775477865208
0.6904358859186409
0.6907436929497225
0.6910372850760138
0.6913375040877376
0.6916193888719474
0.6918610097392092
0.692053822067107
0.692311583614938
0.6925750079958142
0.6928245157516376
0.6930566730506406
0.6932817728179507
0.6935296715439853
0.693779636381883
0.6939852888130608
0.6941022233279202
0.6943215332186059
0.6945324007493956
0.6949966803508463
0.6954544426421962
0.6958520500078796
0.6962318258605166
0.6967973820484948
0.6973107344734276
0.6977909420194368
0.6982160742944982
0.698345342556956
0.6985137437659533
0.6986310466071579
0.6987543151856715
0.6988786290575598
0.6989891106121113
0.6991206670478946
0.6992515395327066
0.6993874300792488
0.6995075104261056
0.6996430989138606
0.6997882457815106
0.6999271057112043
0.7000548063173517
0.7002176195937021
0.7003519834519198
0.700346083168326
0.7004450214374521
0.7006135872485688
0.7007389952995136
0.7008755359874533
0.7009818292707115
0.7012479830372736
0.7014929166700303
0.701828498764533
0.702123915054403
0.7024346522148088
0.702683198376311
0.7029326032968286
0.703182766082473
0.703454384809974
0.7037874582480839
0.7041512232500114
0.704480494697943
0.704915594050337
0.7053265287800002
0.7061752832437447
0.7069182412700495
0.7075717185303864
0.7081461669345702
0.7087418049167363
0.7092740139065837
0.7097559065885026
0.7101642542773667
0.710558970873412
0.7108574265529977
0.7111088349951142
0.7111528280853758
0.7111937626389404
0.7112550241473591
0.7112276867679025
0.71122371549877
0.7112239356213073
0.7112237290565276
0.7112160520743106
0.7109254326666135
0.7107568457896095
0.7104449764356101
0.710185762791899
0.7099597800228187
0.7092665001104338
0.7086424613940532
0.7083077939301968
0.7081733594788044
0.7080548274069802
0.7079233692332569
0.7077584636002264
0.7076669520557196
0.7075480202724194
0.7074498257039477
0.7067901106942399
0.7061176002433273
0.7054752571753083
0.7048240669817109
0.7042403142605567
0.7037190266825727
0.7032717533859442
0.7029911035781521
0.7027566507559339
0.7025564126954106
0.7024588554956834
0.702328852040986
0.7022925889765437
0.7023503458466176
0.702417048515965
0.703333761875767
0.7039950570105227
0.7045976090416526
0.7051434258688618
0.7056512617080973
0.7061450727692204
0.7066347415445348
0.7071510499521806
0.7076183531210648
0.7080259843482913
0.7084411106816274
0.7088916720710592
0.7093034356217549
0.7097217455227455
0.7102090928773909
0.7108883068462657
0.711480740250331
0.7121649904103123
0.7129486553050544
0.7136162206096277
0.7144124690973495
0.71511065231126
0.7156905166671127
0.716428600651703
0.7171051899214396
0.7177260071915872
0.7182504999616878
0.7187168561394871
0.7190951366940317
0.7194958541151091
0.7199075729113706
0.7204859820666684
0.7210337329950895
0.7215471447420286
0.7223938733500248
0.7231941765441889
0.7240917158200485
0.7249388700256573
0.7257945002685297
0.7265855632717884
0.7272274806414611
0.7275605670458484
0.7278570435092185
0.7283226969156757
0.728867364037574
0.72939939417047
0.7298606221695405
0.73055510744916
0.7312034905965132
0.7317893832864553
0.7321594471893444
0.7327727509319064
0.7333311320605703
0.7337994859587834
0.7340407809160944
0.7343028200001098
0.7345132304849783
0.7347074621986638
0.7347677769676496
0.7348706999987122
0.733305016068713
0.7320153079492181
0.7309279507870527
0.7299383092727063
0.7290189827276293
0.728394039085333
0.7273697023755612
0.7263398300858314
0.7253017790710697
0.7242778104555659
0.7232180865045729
0.7221935286396429
0.7212945503264929
0.7204986389679022
0.7197307840644995
0.7189508143994681
0.7182860507896552
0.7177623322400164
0.7172888862196196
0.7168783891590081
0.7165125764293446
0.7161683172092734
0.7158643994750579
0.7156374315280507
0.7153811954531892
0.7151911473466346
0.715058590799336
0.7148795773011569
0.7147907069854235
0.7147246907345952
0.7147457796998473
0.7147390434305395
0.7147366443567466
0.7147379079839524
0.7147719286809026
0.7147713377116655
0.7147593165306438
0.7147627227753336
0.7148330057506326
0.7149297590776682
0.714993646151373
0.7150359224325248
0.7152490928953428
0.7154622778653248
0.7156768583102252
0.7158543829691594
0.71601798730777
0.7162057560044801
0.7162280040114649
0.716202644354802
0.7160985952094371
0.7157696119338403
0.7154419511640536
0.7151491664368103
0.7147613724176328
0.7144036317822748
0.7140183311396833
0.7135943030521654
0.713212487886252
0.7128465290597804
0.712375134197884
0.7119654981976625
0.7115870825001716
0.7113762736555463
0.7113291904921512
0.7112848371019157
0.7113083222940811
0.7112534924297672
0.7111668395627477
0.7108789362927405
0.7107340089740565
0.7108177747900084
0.7107609700749498
0.7107346089743743
0.7107726889643002
0.7114739607078283
0.7121865114297888
0.7128276968361991
0.7134891756499822
0.7139777357811287
0.7143523744970676
0.7146953141832061
0.7149816265590418
0.7152652865006779
0.7151615244294752
0.7150780327342589
0.7145531804249249
0.7141911653917953
0.7137911531210802
0.7134653196873707
0.7132357084354194
0.7129794756655266
0.7128554758436055
0.7127227088390649
0.7126739707835175
0.7125781621683134
0.7125700576014172
0.7126006633219335
0.7126602739434438
0.7127344009044482
0.7128389113132404
0.713077997972894
0.713216895731585
0.7133564752775255
0.7136378523122868
0.7099984628117075
0.7063951904515336
0.7028985490199708
0.6995175721827857
0.6963147667069098
0.6933112822521642
0.69048877048471
0.687860446489365
0.685435974989666
0.6832305782143459
0.6811970997306471
0.6793541920913012
0.6776739915520412
0.676138802525704
0.6747729936460887
0.6735277703036079
0.6724065160259187
0.6713824641283686
0.6704644173904023
0.6696371116080058
0.6688930131102085
0.6682235403123877
0.6676216923863963
0.6670748076196225
0.66658164263632
0.6661327685698835
0.6657301175959639
0.6653728984574285
0.6650490781937004
0.664767605958878
0.6645138099031171
0.6642896764215395
0.6640732690436556
0.6638913230866208
0.6637298545800846
0.6635803247507972
0.6634448827369751
0.6633296047857218
0.6632298717022335
0.6631371703394275
0.6630590412842332
0.662978474665779
0.6629092346564041
0.6628489044998416
0.6627933513779009
0.6627434494734427
0.662689498609868
0.662628372506044
0.6625727817614815
0.6625248865572072
0.6624855856282508
0.662449199427852
0.6624110594842292
0.6623777738081293
0.6623530409713005
0.6623310573347556
0.6623172437288529
0.6623126593920323
0.6623017369145878
0.6622890519779191
0.6622794427729221
0.6622693530332788
0.6622614196568367
0.6622466192485901
0.6622183372000496
0.6621891349759655
0.6621629963364581
0.6621261300301158
0.662078573651951
0.6620285383735087
0.6619811817200966
0.6619356670879945
0.6618873368467829
0.6618359703888944
0.6617915319409773
0.6617622115484706
0.6617397795239928
0.66172489490251
0.6617085415082382
0.6616900308348558
0.6616719038690124
0.6616579221860387
0.6616391634249325
0.6616175007226076
0.6615883687090501
0.6615575973745056
0.6615322365797629
0.6615009264196039
0.6614734321909425
0.6614455232739337
0.6614118545893145
0.6613628398440908
0.6613004737582288
0.6612302483601048
0.6611658817741384
0.6610946787357412
0.6610160194945609
0.6609262042533407
0.6608340480580277
0.6607389950625441
0.6606354016653463
0.6605226947593899
0.6604158105520463
0.6602967771717695
0.6601695927033119
0.6600697673271333
0.6599685386327591
0.6598829327901311
0.6597063975788611
0.6595340436071594
0.6593741076148545
0.6592252978709151
0.6590719393180108
0.658938300404861
0.6588031750160499
0.6586640554308312
0.6585263665645983
0.6584086113187106
0.6583205348333135
0.6582193934587908
0.6580867410288523
0.6579621944750881
0.6578093958497228
0.6576724482744442
0.6575416020751578
0.6574182131599547
0.6573231038685122
0.657216518759352
0.6571107933054469
0.6569910127282306
0.656883466605546
0.6567873015674717
0.6566982559376152
0.6565973479280887
0.6564458603719755
0.656324509091982
0.6561966264909865
0.656072908746511
0.6559786097537968
0.6559074609059525
0.6558445302769578
0.6557955851509977
0.6557480297906608
0.6557034528324799
0.6556646103898823
0.6555951275978328
0.6555269824725477
0.6554488609410443
0.6553896122269307
0.6553292023712928
0.6552525574384287
0.6551728443131812
0.6550704623989764
0.6549637081607264
0.6548031237813473
0.6546500224469634
0.6545028996081733
0.6543631751661868
0.6542328891620536
0.6541276634807806
0.6540476187752395
0.6539672844484015
0.6538900006291198
0.6537967200758931
0.6537154747653156
0.6536756389067759
0.6536234537975398
0.6535720367641814
0.6535223686729807
0.6534760449896138
0.6534191726972881
0.6533497259592662
0.6532304004330569
0.653089747923423
0.6529659235496118
0.652840939657292
0.6527340390959995
0.6526413356171541
0.6525435161876222
0.6523792186837409
0.6521854775280416
0.652057143482021
0.6519378479864211
0.6518229600214205
0.6516818257273328
0.6515541544329853
0.6514200669831868
0.6512778364355581
0.6511459579881811
0.6510146281651424
0.650878480817376
0.6507312509012443
0.6505478504084723
0.650384103441274
0.6502210260531475
0.6500736035509097
0.6499309808970202
0.6497557895615468
0.6495810577784902
0.6494212155457809
0.6492546154088875
0.6491395281316208
0.6490355480264343
0.6489219263381418
0.6487935817319294
0.6486796465592094
0.6486596086120676
0.6486685204031539
0.6486730298520156
0.6486815393885167
0.6486555489908525
0.6486425294129476
0.648785877348937
0.6488585993778149
0.6488718251638488
0.6488769020997219
0.6488600474736004
0.6488255576242296
0.6487679341975044
0.6487031138691296
0.6486193951411741
0.6485223854684579
0.6484036177683042
0.6482493535622638
0.6480969974558936
0.6479798292463996
0.6478993004828434
0.6478064287830009
0.6477462462835514
0.6476417771909612
0.6476054661036346
0.6475760905262898
0.6473947536146241
0.647215588127853
0.6470870516287901
0.6469530117482964
0.6462061262220689
0.6455160872814514
0.6449020071636337
0.6443349247236262
0.6438117914574152
0.6433402381992063
0.6428607286812806
0.6423633921551662
0.6418752597496081
0.6413821898765877
0.6409426825650723
0.6405493295637074
0.6402145541035227
0.6398711912372237
0.6396116272971467
0.63935853983336
0.6392041189664207
0.6390682251130738
0.6387396646511763
0.6384636002172644
0.6382450836481345
0.637991370645113
0.6377885174108973
0.6376479357674297
0.6375277783367999
0.637438836813963
0.6373471990367989
0.6372844416465651
0.6372758510165895
0.6371212946130371
0.6370161217036006
0.6369231628119429
0.6368989905925737
0.6369109716091568
0.6369172833436306
0.636920831373724
0.6369221967198965
0.6369380264902539
0.6369582335394733
0.6369921424587687
0.6370195201429312
0.6370257703764592
0.6370927168400455
0.637179726279563
0.6372984644474882
0.6373784200616857
0.6373970938426347
0.637358457201783
0.6373427725768047
0.6374084388409731
0.6374676906004115
0.6374966983959346
0.6375302602533911
0.637601152126913
0.637683853510105
0.6377221656149538
0.6377173668375579
0.6376978288411048
0.6376715159155637
0.6375477031092858
0.6375216297952668
0.637505269569617
0.6374436063449035
0.6373830267864387
0.6373278033759484
0.6372791427250295
0.6372420345143484
0.6371844821698669
0.6370773084531952
0.6370364689109349
0.6370316768659692
0.6370728906532606
0.6371261912301639
0.6371580913640689
0.6372051801991724
0.6371699838663774
0.6371076273028664
0.6370992666145632
0.6370678193234285
0.6370151653037927
0.6369924604395977
0.6370526385181592
0.6373370058255234
0.6375894758132683
0.6378032527419244
0.6380411296676098
0.638229433526758
0.6384001524013725
0.6385526790607806
0.6386547456046184
0.6387576065801892
0.6388284467809534
0.6388928292596573
0.6389674029168133
0.6389906398549995
0.6390715267898973
0.6390419632931225
0.6390609541872001
0.6389628017893829
0.6388778170579154
0.6387098067697233
0.6387063647485964
0.6387163984953843
0.6387652655677604
0.6388335421367498
0.6389006748716944
0.6390184172384451
0.6391385718149009
0.6392796446347959
0.6393847799217905
0.6394474312117112
0.6398781505464755
0.6402227392190434
0.6405068950855267
0.6407210684935524
0.6409328830854149
0.641020387695737
0.6409305648018148
0.6408051068077345
0.6406869957693191
0.6405906240515531
0.640721518696646
0.6408868148773059
0.6410416204065681
0.64115772695588
0.6412957142345737
0.6413531338183991
0.641414131827964
0.641284592735952
0.641544630289853
0.6418600581409932
0.6421996438412885
0.6426179151449288
0.6430298104159764
0.6433606689409535
0.6435873381730058
0.6437182937016529
0.6440182901349901
0.6443425712785473
0.6446132796082205
0.6447581362790562
0.6449932637427487
0.6453109356003128
0.6454032055185072
0.6456915008724412
0.6459776786137087
0.6461909394741365
0.6463599475136717
0.6465506563413838
0.6466869821141984
0.6468620593120794
0.6470585303077095
0.6472119062266389
0.6475264507585035
0.6478072543134117
0.648086943797768
0.6484146610811725
0.6488050154420139
0.649128892564187
0.6494968671311603
0.6503904959016585
0.651219663241413
0.6519403483166393
0.6525072184970194
0.653001225664136
0.6533790302567084
0.6538902634623911
0.6543925623499
0.6548346811380888
0.6552107688540872
0.6549814756845141
0.6547631568090352
0.6545507713026528
0.6543092798224422
0.6542596704224994
0.6541308697507008
0.6540189933017566
0.653965299704044
0.6539761530941735
0.6539900136703517
0.654102065416697
0.6541064347749652
0.6541250819508515
0.6541438288922411
0.6541635833166547
0.6542642517984268
0.654240964973228
0.6542496437516082
0.6542232689196167
0.6541838595540573
0.65402089974242
0.6537987871971735
0.653627660222233
0.6535352413335042
0.6530753689514899
0.6525132503468911
0.6519000519642355
0.6513036612284628
0.6511901725351851
0.6510834942956693
0.6510912348305774
0.6511054002703468
0.6510963806728295
0.6511137792678616
0.6517696101006992
0.6522468683050122
