0.007617294327209739
0.007975932979118151
0.009326802069973395
0.009369847871437343
0.010063377658004984
0.009072766875553953
0.007788760368736033
0.00608634453103502
0.003841373452888703
0.0020132193354302505
0.004540734263719225
0.008120594842470106
0.011328347488400102
0.014449573362696441
0.01808209260069686
0.022390415302954162
0.028023902248411763
0.03447796812030554
0.04081497491913254
0.04723076804801722
0.05384473144054575
0.0603860668702565
0.06644236003132012
0.07256941582321312
0.0798693773687202
0.08701839481025898
0.09338863763653685
0.0993952198626063
0.1046898237070694
0.10991725363036892
0.11520330663030318
0.12074244027243586
0.12580791904863475
0.13114703926983667
0.13663211212613802
0.14188963098470825
0.1473745513289452
0.15350376836984805
0.1599471377623824
0.16657469652573048
0.1731360190510728
0.17935566621297536
0.18571633133006998
0.19247290515103288
0.1986319592658331
0.20531246553426494
0.2113273956292603
0.21772368563358552
0.22411220325679895
0.23043438991857923
0.2371200740614212
0.2441982192216235
0.25072985963102123
0.25751034917789223
0.2633372180672087
0.2698988114876567
0.27633012088145836
0.28357094012459194
0.29057180702111224
0.29746530764850027
0.3046027472342155
0.3115449294967947
0.31806443609102947
0.3246303549731814
0.3314070762425114
0.3377828178288794
0.343410901085972
0.34862318493264666
0.35399280945626443
0.3595470990235688
0.3648801051726679
0.3700901394145973
0.37529890647499375
0.380537228933334
0.3863959178368966
0.39247434369223294
0.3978501720014191
0.40393718161550757
0.4100363596332227
0.41666166407612365
0.42501281275301855
0.4324980341495176
0.43949625374603374
0.4462047158546926
0.4523668427564616
0.45898180908012687
0.4655508766847448
0.4720496618437489
0.4800939240081454
0.4879238026423255
0.49632097869699243
0.5041870904278051
0.5119595841397089
0.5195287492455563
0.5269877899683376
0.5328496634299275
0.5375519660341348
0.5424287616934235
0.5470497849139146
0.554270961177969
0.5613317597818366
0.5686028540201464
0.5746219335025743
0.5808876277021131
0.5875408819268146
0.5945690032425811
0.6013565033274181
0.6040202890855548
0.6087230469526687
0.6117539209286078
0.6166105924202572
0.6208149951870112
0.6240054161249019
0.6289533653721071
0.6364308214677522
0.6436773767265066
0.6502058641204459
0.6564635946646821
0.6627474588402779
0.6678192970143257
0.6739257447608404
0.6771888833252699
0.6786609450484165
0.6798992780337878
0.6788184755424229
0.6794842802056152
0.6835978395898982
0.6876130778858781
0.6915370763907689
0.6953931657567718
0.7006837866303941
0.704847702262803
0.707807522295172
0.7087778577626647
0.7087326489068188
0.7080326896388189
0.7059753668882113
0.7036509735852148
0.7031245908159213
0.7019600386359865
0.704084115627533
0.7079993257362122
0.7102350977013284
0.7172198711369243
0.7225818967236869
0.7275867162819063
0.7327426137806979
0.7384895800341136
0.7435811101669054
0.7480248629500532
0.7521873232631943
0.7565916653341984
0.7619878816640908
0.7664478183703225
0.7710136974677007
0.7758433943671498
0.7801656362560155
0.7856329432764045
0.7892445304354619
0.7916146679657342
0.7931480517453815
0.7961705608339922
0.8018550275125036
0.8086673195819822
0.8157568553096052
0.8236179637652076
0.8299972952975003
0.8348758404308488
0.8393414330239826
0.8431777413165077
0.8463499922231024
0.849065138642562
0.8523248121890824
0.8549526741530298
0.8556253557174922
0.8557505112813342
0.854587090133843
0.8533262920550793
0.8520266641463604
0.8509972605137478
0.849959977072745
0.8488266912071502
0.8481548315501845
0.8468823538125049
0.8449642868559571
0.8463573571227805
0.8470810305348199
0.8471398045349069
0.8470787331485344
0.8468096457318179
0.8463093810328066
0.8455365568299146
0.8447794726507183
0.8460271682292706
0.8472643222266966
0.8483222274013321
0.8496758613905847
0.8511519110225355
0.8553377224489089
0.8602528054997439
0.8640750847545269
0.8671190807687307
0.8695113401467142
0.8714878392537779
0.872954160015309
0.8743266588702778
0.8754770542944262
0.8766494484718852
0.8779467827253105
0.8791260339001411
0.8765400912885444
0.8736003780800431
0.8705405859505426
0.8674101581103923
0.8643042433330396
0.861831988456798
0.8594802251377867
0.8569708710880218
0.8542612939964137
0.8516485659963218
0.8495324566434438
0.8476012155124185
0.8460979271763529
0.8444014108171712
0.8434025427224368
0.8424695004401915
0.8414250702653393
0.8398038859827098
0.8381745013647771
0.8366651414117354
0.8374492966808973
0.8383066685560272
0.838740494813867
0.8408927066963294
0.8422628431469269
0.843730245811503
0.845758817628548
0.8473215657974762
0.8487460412883225
0.8498842370404659
0.8507809904355097
0.8521427443722721
0.8533063190703544
0.8546089077049772
0.8559309099887294
0.856691591180836
0.8570980377544388
0.8571386968390714
0.8567637472473225
0.8560943777137265
0.8553150952185697
0.8544795299361275
0.8533870036521305
0.8522463702407193
0.85143588640442
0.8510278152636832
0.8506707949783358
0.8529570607482212
0.8549214683900509
0.856254987308189
0.8570791671410469
0.8574297611278071
0.857460355060833
0.8573109539127205
0.8572050033011847
0.8570255413513926
0.8566972470631473
0.8567384347807988
0.856826701301758
0.8568910203603781
0.8569624281836149
0.857093490533085
0.857139371178552
0.8571306052760999
0.8570468694910888
0.8573178584441813
0.8575095444681772
0.8576034171357036
0.8576494369488552
0.8576106578882932
0.8578199044407498
0.8579871151551096
0.8583470663374952
0.8645289631522569
0.8685745869272944
0.8709435422481377
0.8720540610722998
0.8722670955386996
0.8718171558035105
0.870892770882526
0.8696381291312614
0.8681758103520962
0.8665963466595402
0.8649650592661763
0.8633273687423426
0.8617353970258012
0.860196805333772
0.858788676490895
0.8574519907302505
0.8561969250248326
0.8550466819839413
0.8539824410213191
0.852989662666975
0.8520703809907149
0.8512442257646655
0.8505040006454221
0.8498289509422465
0.8492173363296711
0.8487103801618228
0.8482732066601538
0.8478736703355263
0.8475051557809198
0.847168933430299
0.8468480206580435
0.8465510444189707
0.8462745846876556
0.8460448590689009
0.8458240019952279
0.8456502859534267
0.8454876034814031
0.8453324774535969
0.8451934107479216
0.8450582964280434
0.84494372348453
0.8448352453365734
0.8447373926331001
0.844621754344727
0.844508785302597
0.8444046828823722
0.8443106695541964
0.8442224166942315
0.8441607577100133
0.8441169281567416
0.8440848864753058
0.8440636840235128
0.8440446173896052
0.8440426059850247
0.8440414686094926
0.8440815300751677
0.844118315547069
0.8441667936528128
0.8442150361128472
0.8442958420279033
0.8444017638262888
0.8444997654302241
0.8446045614806724
0.8446940815008805
0.8448030374529415
0.8448989488874425
0.84496905978898
0.845061969827414
0.8451536857909089
0.8452414236612167
0.8453468781539564
0.8454433834856966
0.845544566929016
0.8456414942502729
0.8457180172587041
0.8457904539103158
0.8458334349338025
0.8458720397309677
0.8459449879876303
0.8460405983460659
0.8461393979465287
0.846262088754402
0.8463671192838772
0.8464737759230512
0.8465807310459881
0.846708156751808
0.8468562161967489
0.8470113344549965
0.8471921064900808
0.8473830790792473
0.8475445048812712
0.8477033127838297
0.847873122259387
0.8480189733043456
0.8481608889502908
0.8482759750940783
0.8483669866754847
0.8484866573724396
0.8486076204791793
0.8487234585467338
0.8488406179827027
0.8489588153556205
0.8490994555009849
0.8492234221817381
0.8493664061371408
0.8494771052621365
0.8496280021146015
0.8497690186217611
0.8499192426771857
0.850071740674949
0.8502075054883055
0.8503741323884266
0.8505758855089622
0.8508082497597629
0.8510483102980723
0.8512516921037961
0.8514289949712415
0.8515811104475125
0.8517398919863466
0.8519389142624982
0.8521246038409389
0.8523370920783782
0.8525234428708425
0.8526634987363048
0.8528340796940381
0.8529923881953878
0.8531451083111571
0.8532859858853358
0.8534476429017455
0.853594665200619
0.853732284799004
0.853848169215875
0.8539500988199197
0.8541022161264299
0.8542548708988328
0.8543940115290846
0.854515248728527
0.8547022005701542
0.8548578249657396
0.8550254859179034
0.8551896207212557
0.8553955492438136
0.8555762137626631
0.8557327796910945
0.8558938641128415
0.8560418269531774
0.8561929552242994
0.85636252099942
0.8565524666328992
0.8567176392944228
0.856860800562198
0.8570023517877275
0.8571457789685891
0.8573203231642791
0.8575073361279242
0.8576841961217838
0.8578854834929717
0.8580765293091114
0.8583545956033517
0.8585737665302308
0.8588539655168409
0.8590979639911228
0.8593400279039802
0.8595992924417496
0.859829385388892
0.8600393424748433
0.8602320023563597
0.8603787150007165
0.8607088063663029
0.8609869706205848
0.8613342061700294
0.8617353610500245
0.8621597946119508
0.8625232740057933
0.862855556074457
0.8631471603986727
0.8634152665404364
0.8636604403453281
0.863849724944847
0.8640610260312159
0.8642354116490565
0.8644091070548282
0.8647949223065655
0.8651156685126281
0.8654320884092758
0.8656437692092592
0.8659673564150636
0.8662809140882091
0.866577001421671
0.8668481095976829
0.867041600204048
0.8672584358970974
0.8674553846169868
0.8676645367137463
0.8679028866098506
0.8681067776471271
0.8683007363555189
0.8689626322614619
0.8695079939195397
0.8700015022261641
0.8704206583048649
0.8707926386258307
0.8712023552708906
0.8715012301286602
0.871703447507339
0.8720090621780573
0.8723176863463734
0.872565972152242
0.872698667900828
0.8727163522255588
0.8726838983767249
0.8726983135667228
0.8726872691848199
0.8726739961026835
0.8732864648396761
0.8738656300640091
0.8742693257481249
0.8746319621961051
0.8748802928874383
0.8756153453831959
0.8755282050549169
0.8748240972231361
0.8734531168243205
0.8716458965030458
0.869808405705176
0.8680616018333324
0.8662987420773963
0.8644042526554614
0.8625455371068979
0.8607296510920706
0.8589234640629609
0.8573423479638336
0.855830248943976
0.8545486568777101
0.8533703264788746
0.8521972128690739
0.8513166229545309
0.8504331482555422
0.8495489407610347
0.8486060169655838
0.8476439191430247
0.8466947244074564
0.8457679897911002
0.8448690270140687
0.8438554191435607
0.8427464169718687
0.8417416496097456
0.8406899625237999
0.8396137339008832
0.8384001510377972
0.837193382883848
0.8360012450846039
0.834664014413777
0.8333469884053272
0.8319495075211485
0.8305464789357855
0.8291481886039659
0.8279482748956076
0.8266654062999027
0.8253438899841784
0.8239655128554433
0.822450808391567
0.8214441536827236
0.8204730855036086
0.819525777067745
0.8185009684686574
0.8174410543137122
0.8165035931485983
0.8155990348482977
0.8146751041884213
0.8137336469755952
0.8129589201239561
0.8122713354757112
0.8115186980100682
0.8107693838961814
0.810108627589337
0.8100929366093982
0.8099768727719612
0.8097264083014333
0.8095104042335107
0.8092672984964794
0.8089430502514482
0.8084864175629737
0.8080783255720495
0.8081543078694321
0.8080210534894661
0.80802489793987
0.8080350097537004
0.8079187765732774
0.8087036013719675
0.809310232127772
0.8100708795972977
0.8108478581317679
0.8115917105832083
0.8124801162662044
0.8132729954870542
0.8138222902669436
0.8143518995699752
0.814712754434057
0.8148166026325219
0.8148006009649211
0.814727859007886
0.8147025626393277
0.8145580850738725
0.8142919805467914
0.8139238804814481
0.8137210050480193
0.8135610106398873
0.8143752117285735
0.8150429704578527
0.8157335808101248
0.8165111339527967
0.8170498863004149
0.8173784193057019
0.8174735248971724
0.8173893074889389
0.8178817530391785
0.8181984312092209
0.8180037532163094
0.8177246005668167
0.8174046364915718
0.8169464328880327
0.8167047615294037
0.8165230461794536
0.8163825400559679
0.8163128508862463
0.8160765549912454
0.8164790144982114
0.816699417990924
0.816849389498371
0.8170559817798856
0.817112920283882
0.8173913945531436
0.8176423056492393
0.8177230533849641
0.817802673163741
0.8178719682243222
0.8181942394939943
0.8184389481527876
0.8186900915898627
0.8189114687431771
0.8191155994978955
0.8197340283771584
0.8203816504056158
0.8214383115249326
0.8223065873579349
0.8227695398909064
0.8237784833380242
0.8254714029624434
0.8268075844044468
0.8282176788346023
0.8296662839876114
0.8311316421572281
0.8324492699602442
0.8335356706931121
0.8344853749579655
0.8351876216913351
0.837099937758397
0.8386190042834106
0.8407275669253477
0.8424089710487564
0.8437814385545579
0.8448771067647789
0.8458396501137773
0.8468514216011426
0.8475649760659774
0.8481283060784884
0.8488722777486812
0.849629049514613
0.8502268947989496
0.8509166021143625
0.8515009085657483
0.8518980851602176
0.8521618725275013
0.8523087318744275
0.8523199275296071
0.8523301632581505
0.8525258300345683
0.8523434672327401
0.8512431691528904
0.8494743596479063
0.8472215220731908
0.8554202884124893
0.8601349796845302
0.8629326618469181
0.8642563807228453
0.8644793074123895
0.8638704663548366
0.8626803780074019
0.861072722179689
0.8591882468812465
0.8571394049029081
0.8550015396233706
0.8528382006634925
0.8506954683950523
0.8486088718903566
0.8465992294059087
0.8446824059929142
0.8428684023144221
0.8411636837728759
0.8395690082979466
0.8380827642618751
0.8367036608998013
0.8354287651348672
0.8342533570134308
0.8331714220195692
0.8321768958028734
0.831266998851993
0.830433164590934
0.8296693121254344
0.828970271523094
0.8283318996224062
0.8277499684990521
0.8272195973608871
0.8267360183661145
0.8262944847071526
0.8258925181653355
0.8255249877513623
0.825192002975684
0.8248898556764637
0.8246154922946475
0.8243661356006271
0.8241384575692742
0.8239309479267617
0.8237427899302734
0.8235701037726039
0.8234122908575875
0.8232682457905147
0.8231366257451922
0.8230171346543851
0.8229088013718775
0.8228092104511211
0.8227180040577619
0.8226333383829357
0.8225561630068531
0.8224848365504928
0.8224191912929595
0.8223590704291858
0.8223047796896029
0.8222543972617062
0.8222076336399039
0.822167580498141
0.8221303968113236
0.8220955765445287
0.8220631928750517
0.8220332194307258
0.822005513841705
0.8219795939873557
0.8219560060747095
0.8219339215358176
0.821912772430647
0.8218919989918
0.8218721664691151
0.8218526749650683
0.8218335730858054
0.8218148873660414
0.8217981072107808
0.8217817405313684
0.8217670389537723
0.8217536511731341
0.8217400501184647
0.8217252973365033
0.8217107921621617
0.821697692683325
0.8216845060492238
0.8216719704567418
0.8216597114557669
0.8216471322401396
0.8216369082746627
0.8216269120839939
0.8216157097477544
0.8216043196238944
0.8215927288699113
0.8215810971413983
0.8215692241598321
0.8215560647555972
0.8215416600590234
0.8215279465310944
0.821515065348958
0.8215027208378237
0.8214904913691369
0.8214763910053761
0.821464886389439
0.8214535998654771
0.8214428798418986
0.8214317719771967
0.8214215238889686
0.8214105808337403
0.8214003950520787
0.8213892532145411
0.8213782087472593
0.821366622375227
0.8213542997213694
0.821342522283123
0.8213313962030321
0.821319724159592
0.8213087955714683
0.8212982718719445
0.8212872086343186
0.8212771541964928
0.8212667945120713
0.8212563092797516
0.8212464863469003
0.8212372589891109
0.8212267230086197
0.8212159181235051
0.8212047914574545
0.821193143747898
0.8211802299659602
0.8211657699041809
0.8211525039522379
0.8211392193452298
0.8211256613285901
0.8211112884621933
0.8210964159189651
0.821081261476815
0.8210645491639672
0.8210475698563415
0.8210288657683467
0.8210081895139452
0.8209886082162204
0.8209697799983409
0.8209508669636613
0.8209307789554927
0.8209107828067681
0.820889403242994
0.8208679839423378
0.8208478262498312
0.8208271017164898
0.8208076511536229
0.8207881364897748
0.8207679992640091
0.820749689720454
0.8207305770783615
0.8207112147288346
0.8206919590906276
0.8206706258039947
0.8206477335826898
0.8206253641248269
0.8206030848514404
0.8205817387604453
0.820561263477333
0.8205416159333169
0.8205172479137878
0.8204950652423731
0.8204751906190587
0.8204541739648341
0.8204337807665645
0.8204146162671326
0.8203957326949188
0.8203752764523046
0.8203525817469134
0.8203304625952885
0.8203101821764682
0.8202883026569702
0.8202659764071193
0.8202422361540334
0.8202172922015168
0.8201910603874643
0.8201639450230299
0.8201347840942488
0.8201059670009807
0.8200761112843383
0.8200456629393227
0.8200174688563487
0.8199877247059404
0.8199584559552557
0.8199275330675573
0.81989328003208
0.8198604627656969
0.8198289845175095
0.8197975829105001
0.8197673012220029
0.819739389360262
0.8197128101499576
0.8196830095557804
0.8196547890070692
0.8196233071991726
0.8195905244132528
0.8195593442570298
0.8195277177061902
0.8194954325100073
0.8194646147616599
0.8194324380581273
0.81940318191865
0.8193747489629699
0.8193448066815887
0.819314601038061
0.8192852739384586
0.8192565964731315
0.8192297105291965
0.8191980068910109
0.8191687166012765
0.8191396662695172
0.8191094659147958
0.8190794519200117
0.8190483428279773
0.8190139792258754
0.8189772564894318
0.8189416752307825
0.8189052672086329
0.818870093077612
0.8188333392245036
0.8187991896609635
0.8187636773958525
0.8187259091171303
0.8186876231307082
0.8186449794311339
0.8186027010744389
0.8185600390211831
0.8185157952277052
0.818474498248882
0.8184352242265881
0.8183966987582733
0.8183586697242485
0.8183206820470994
0.8182810953225226
0.8182410416908162
0.8181967843780092
0.8181555448414253
0.8181133575031534
0.8180693728022373
0.8180237024381596
0.8179764229391302
0.817929111967475
0.8178801774699924
0.8178325132910969
0.817786528699756
0.817739960639833
0.8176929597566416
0.8176464730694365
0.8176033554655793
0.8175581812286985
0.8175160748249307
0.8174761144263132
0.8174351117247516
0.8173964419905397
0.8173532093486034
0.817305915245277
0.8172580757923544
0.8172110092165672
0.8171643647975754
0.8171168466347449
0.8170674362659038
0.8170178281361392
0.8169648520354961
0.8169107264102733
0.8168585263530386
0.8168058166906931
0.8167533000580679
0.8166991280510504
0.81664529136233
0.8165941743592866
0.8165414650041299
0.8164914704407885
0.8164458265846836
0.8164003972997156
0.8163548235621291
0.8163157695894439
0.8162722508093069
0.8162242095483746
0.8161745264540925
0.816124652959669
0.8160748534901258
0.8160250913335829
0.8159746939529395
0.8159254998698914
0.8158757248475966
0.8158193259895671
0.8157600780703089
0.8156984043992164
0.8156334760363241
0.8155673549030501
0.8154981174593384
0.8154291091266329
0.815364084749921
0.8153011802180917
0.815238158410962
0.8151783638275478
0.8151201263477756
0.8150574189592317
0.8149928682453754
0.8149297045527835
0.8148639087194183
0.8147974085306617
0.8147284247874073
0.814657322659219
0.8145855551984307
0.8145123323984795
0.8144369553255196
0.8143620137711414
0.814285635588002
0.8142051863552159
0.8141297679726193
0.8140485426800453
0.8139699947698612
0.8138974375334868
0.8138241551010584
0.8137496307685859
0.8136749036267129
0.813601539549124
0.8135262944991069
0.8134531209519836
0.8133807282815847
0.8133092838631728
0.8132351182130249
0.813159974664494
0.813081253141028
0.8130026044371048
0.8129241860502662
0.812842667023561
0.812758963336991
0.812671490400097
0.8125844859198816
0.8124918498753677
0.8123985978709074
0.8123038647545158
0.812211079109883
0.8121209223216738
0.8120328364521354
0.811942573902444
0.8118520070993778
0.8117583242869658
0.8116638731967218
0.8115698316160845
0.8114761913448826
0.8113736744619332
0.8112713479708784
0.8111718249488844
0.8110705707402543
0.8109614020336957
0.8108534339551291
0.8107482969049847
0.8106425945022577
0.8105350189936492
0.8104238533782352
0.8103116543150608
0.8101976361662617
0.8100810213262567
0.8099640539234993
0.8098497736503376
0.8097312422448774
0.8096139686539574
0.8094956028528528
0.8093693461863484
0.8092399169402273
0.8091158832154929
0.8089935434748641
0.8088687278487535
0.8087450297542526
0.8086151767604693
0.8084847015017074
0.8083557331600194
0.8082308742904137
0.8081064215029446
0.8079801340883335
0.807857302841028
0.8077358210039846
0.8076140311776826
0.8074945395797097
0.807376602781123
0.8072531502044286
0.8071263076137148
0.8070069022785452
0.8068832165076246
0.8067563391421628
0.8066238499721893
0.8064866367212181
0.8063513431622008
0.8062107031695724
0.8060664581318057
0.80592218068152
0.8057744816585641
0.8056247479370849
0.8054728487764807
0.8053188102135503
0.805171326362902
0.8050249984547385
0.804876521479565
0.8047341197610124
0.80459087215781
0.8044442299833277
0.8042899374835824
0.8041374029836671
0.80398500092121
0.8038339302815588
0.8036875949038734
0.8035391904881787
0.803386521237688
0.8032336534558039
0.8030691921264811
0.8029099264884186
0.8027515856674231
0.8025941274904721
0.8024322269061729
0.8022717941894815
0.8021134556782538
0.8019425010307081
0.8017673887838158
0.8015863517046794
0.8013959949217521
0.8012078752691584
0.8010162239075309
0.8008209445875288
0.8006247069775592
0.8004212739580172
0.8002228391097184
0.8000204696679306
0.799809648366716
0.7996057353372653
0.7994107193153902
0.7992175007236869
0.7990165196515056
0.7988170486922087
0.7986126580299306
0.7984241236612702
0.7982291721537765
0.7980332870023588
0.7978268877816578
0.7976167338321016
0.7974054102676235
0.7971966916061594
0.7969860801995171
0.7967618295719059
0.7965437359539153
0.7963185545398515
0.7960819656549313
0.795844205972745
0.7956044719264196
0.7953541251076168
0.7951007100155512
0.7948420328081475
0.7946036177496161
0.7943567118692304
0.7941112877041763
0.7938679483362908
0.7936292842723978
0.7933876856156051
0.793150452579859
0.792914855454768
0.7926755000567076
0.7924170458497083
0.7921533435536031
0.7918887485072684
0.7916175544756702
0.7913500982512518
0.7910738799352314
0.7907866938534835
0.7905049437385514
0.7902207326503378
0.789939995656349
0.7896498583194325
0.789368076335695
0.7890801411939843
0.7888043595428677
0.7885149669568244
0.7882086485823703
0.7879003520885786
0.7875905194083054
0.7872738419390211
0.786944755410718
0.7866253786265894
0.7863135502122575
0.7860010149036881
0.7856809127881474
0.7853695417166312
0.785067382131466
0.7847573295974337
0.7844600646758982
0.7841637353857694
0.7838701245423154
0.7835787235496372
0.7832733507702332
0.7829587805756247
0.7826281731727914
0.7823009923378177
0.7819621893365535
0.7816218621184355
0.7812778581789882
0.7809251314232555
0.7805744629574488
0.7802322948825277
0.7798889719466952
0.7795307084149069
0.7791784243401103
0.7788486827371426
0.7785139452519587
0.7781710976254271
0.7778313747776352
0.777469859801242
0.7770970453995822
0.7767342534658522
0.7763783137127185
0.7760018518895778
0.7756473150474734
0.7752769230429984
0.7749080245630295
0.7745454226881515
0.77419798494891
0.773827463445273
0.7734452106800285
0.7730662622927253
0.772686979883169
0.7722902293990901
0.7718741490569847
0.7714695446226478
0.7710574252924292
0.7706174469455837
0.770162030255294
0.7697294231314447
0.7693252225307007
0.7689200792957939
0.7685205193649767
0.7680977359571911
0.767699022863415
0.7672992284840814
0.7669210138741617
0.7665284185583557
0.7660999048048925
0.7656436034757234
0.7651775453752186
0.7647015491008551
0.7642394774461121
0.7637545700527257
0.7632772852404768
0.7628004086636803
0.7623044098830101
0.7618035637165902
0.761315491813162
0.7608089519714716
0.7602856283803013
0.7597788932948087
0.7592540374550492
0.7587266818379734
0.7581919346975364
0.7576518238974796
0.7571394565275149
0.756632493107995
0.7561288476666486
0.7556445168458041
0.7551836214384461
0.7547320463487446
0.754265641557709
0.7538224215791088
0.7533754318063615
0.7529131527986656
0.7524614638127324
0.7520139465279225
0.7515898790524025
0.7511119562753641
0.7506260000997605
0.7501702998009655
0.7497374245398651
0.7493069901009406
0.7488507745911797
0.7483828635604145
0.7479450112090487
0.7475029632334005
0.7470543874228688
0.7466125628235718
0.7461550480530085
0.7456867873459717
0.7452085065565323
0.7447181272990675
0.7442643668870561
0.7438052910691328
0.7433606184228089
0.7429423872132237
0.7425519407490736
0.7421384139731378
0.7417326134595577
0.7413209642523738
0.7409300422700691
0.7406020746378447
0.7402576367759003
0.7399220192069308
0.7395906490251853
0.7392968221476689
0.7390011750964814
0.7387515663026915
0.738434937062613
0.7381079414592062
0.7378034982852641
0.7375262975219183
0.7371930664778267
0.7368310211862574
0.7364699113468068
0.736092791472251
0.7356526306556388
0.7351749245498563
0.7346835931080036
0.73421691997907
0.7337774487793893
0.7333279271744534
0.7329019262873786
0.7325153198917497
0.7321618572571039
0.7317989594672442
0.7314613774078571
0.7311416357810999
0.7308357124195687
0.7305399181832255
0.7302542629305019
0.7299599417121978
0.7297016324461726
0.7294028621250566
0.7290976613043202
0.7288104849006974
0.7285645085544377
0.7283157289665728
0.7280673270856086
0.727877784847439
0.7276612767563484
0.727512480850785
0.7273059463067123
0.7270819087291474
0.726925247277657
0.7267210038948875
0.7264932099993653
0.7263381761414638
0.7262666662450045
0.7261752813727025
0.7260777030789194
0.7260674936753205
0.7260512287806538
0.7260262389876628
0.7259851597610828
0.7258979250694598
0.7258199391106143
0.725739285135384
0.7256739474887745
0.7256448025148755
0.7255716848189753
0.7254571175034096
0.7252868654272397
0.7251071827054483
0.725028085770723
0.7248719238083916
0.724730203918986
0.7246228141158177
0.7246885273531323
0.7247236423443029
0.7247498282990013
0.7247941526332988
0.7247838029913852
0.7248787065117972
0.7250227942250287
0.7252031394573304
0.7253495264154574
0.7254503524757223
0.7255017990774071
0.7255448630221852
0.7256702539470598
0.7258439173167034
0.7260401511023361
0.7262775930310953
0.7265495179825425
0.7268421713253461
0.7271690364956197
0.7274956577025913
0.7279620992289799
0.7283003732013195
0.7286028426132308
0.7287617634045591
0.7289255354531304
0.7290440277629947
0.7291153292313203
0.7292181751608902
0.7292753039508605
0.72931895831774
0.729374134532575
0.7293266894128572
0.7292326919811829
0.7290495617585153
0.7290125954311416
0.7290709210186068
0.7291813915051237
0.7293257242216327
0.7296470881842729
0.7299309538160694
0.730224322729685
0.7308130125055875
0.7315955211994598
0.7324113413513084
0.7331895223123929
0.7338421566878018
0.7346587257278544
0.7357196971540251
0.7366477695792057
0.7376495507523779
0.7385640458741115
0.7394322375124442
0.7402015470859592
0.7409079110403475
0.7415797391976436
0.7421662802312372
0.7427418887231251
0.7435494738818571
0.7442677243488898
0.7448209605021019
0.7453010749899386
0.7456790654777369
0.7461889556370943
0.7466383581578896
0.7469637518464681
0.747158780327772
0.7472969594681426
0.7476508653468047
0.7480387127391893
0.7483544750504266
0.7488510461924183
0.7493290462986422
0.7498836208809975
0.7502303599168874
0.7504722289333685
0.750678698447642
0.7509888503847778
0.7515005087333615
0.7519762408321393
0.7523111449674412
0.7526429637864701
0.7528990509201688
0.7533104384975845
0.7535284079656801
0.7536128893694306
0.7539434716659976
0.7541535242070956
0.7545161792651393
0.7553878892043092
0.7564164836185817
0.7573412404306525
0.7582390688713038
0.7591643129835135
0.7601794583687504
0.7611253621849865
0.7620084117020863
0.7628392072940507
0.7636382957360283
0.7648890782131204
0.7659605343019766
0.7668369143602525
0.7676739363414847
0.7684835278742814
0.7691251270387365
0.7696176618194437
0.770162878478014
0.7706989126891115
0.7709538591047682
0.7710422098669757
0.7710982196914501
0.7713833775877388
0.7720508461364215
0.7725240317955556
0.7728080625853713
0.7734444251713898
0.7742178834573924
0.7746565956204864
0.7751197945402661
0.7769386685956938
0.7791188284112806
0.7811791747720583
0.7829001098504846
0.7845091742029378
0.7860102583197587
0.7875176750107777
0.789229283001552
0.7909071455722948
0.7929473719625055
0.7948028442888132
0.7969553555907724
0.7991241677998052
0.8015223979109568
0.804548360707136
0.8073228129529142
0.8102409756649964
0.813070815522443
0.8162350832156731
0.8187551125444753
0.8220157543545318
0.8250724578671541
0.8277292747104634
0.8298904279652105
0.8339578890330702
0.8394282113348789
0.8440011532702507
0.8481807791161112
0.8514080001441935
0.8553947026917338
0.8586876113607739
0.8614949109781251
0.8637653119903945
0.865651669132239
0.8673948111286016
0.8688678787889266
0.8699719975387049
0.8709964993543536
0.8726336279905027
0.8738272457694385
0.8747510479030696
0.8753184751729777
0.8757490495118044
0.8758970324316792
0.8758604028260315
0.8757744673240372
0.8754952790347121
0.8750938491333021
0.8746375322476139
0.8742333066857457
0.873801040523141
0.8735785195025112
0.8732854796150687
0.8728998574889297
0.8725934321808283
0.8724470519965997
0.8723327039209379
0.872141043814638
0.871703130999668
0.8712346299332899
0.8720173059185587
0.8729085700167944
0.8736699584152978
0.87415207879719
0.8745128401124164
0.874678221612841
0.8746742079894074
0.8745291949821524
0.8743007506529361
0.8739922770673655
0.8735703279000039
0.8728682487483246
0.8720554270906272
0.8710619086479701
0.8699449689573843
0.8689651103126177
0.8691936085152903
0.8693765796426874
0.8697418222888218
0.8701361027650689
0.8703512075227114
0.8705448009198611
0.8708526029893086
0.8713748758120896
0.87176148256912
0.8720650338518217
0.8721890316626638
0.8723414161246078
0.8725310920262104
0.8724321846044407
0.87258572770403
0.8742042107062002
0.8753877596009783
0.875975499487667
0.8762321974561865
0.8763942672483367
0.876712174744009
0.8761930029322275
0.8750881191860557
0.8736243056637154
0.8718925781827844
0.8700308663073849
0.868114113032375
0.8661741389814271
0.8642576179780247
0.8623800780311827
0.860600997436172
0.8588868101319947
0.8572950148299852
0.8557937083191437
0.8544217435484398
0.8531268732406789
0.8519010504312962
0.8507548031002605
0.8496739800589485
0.8486452019721671
0.847675311575551
0.8467636927268599
0.845898176595452
0.8450883804897774
0.844319826858449
0.8435989065405265
0.8429138034958287
0.8422554540664959
0.8416275028224771
0.8410251743330495
0.8404445570843095
0.839898019319408
0.8393678607687601
0.8388523055770574
0.8383594948944567
0.8378874248543324
0.8374363242487545
0.8369967179422222
0.8365685519285213
0.8361539656448039
0.8357494558472038
0.835344546085519
0.834933017863823
0.8345355984982353
0.8341387981369286
0.8337481566344885
0.8333627829140113
0.8329972838587127
0.8326183237540987
0.8322227195071232
0.8318242054094704
0.831412142901017
0.8310028897754941
0.8305928280340077
0.8301862511921371
0.829782223029338
0.8293659164315904
0.8289540412217467
0.8285368418787274
0.8281220451668573
0.8277096032908967
0.8272836097264626
0.8268732497030573
0.8264355297640414
0.8260051436206196
0.825569151898653
0.8251013317576354
0.8246285749596283
0.8241445230867267
0.8236543896073566
0.8231505419079369
0.8226268410903775
0.8221042558708904
0.82156553470891
0.8210170621029562
0.820470940521212
0.819912404555539
0.8193462253254186
0.8187807417018397
0.8182096703381417
0.8176377865258885
0.8170754102720139
0.8165174930172439
0.8159191390741152
0.8153236223283882
0.8146967524285365
0.8140652684001922
0.8134285058470168
0.8127959661190153
0.8121442555054458
0.8114810522783422
0.8108111366683919
0.810113052437505
0.8094139091628626
0.808704655482821
0.8079767590534329
0.8072560432312499
0.8065211193951254
0.8057744623424372
0.8050528135264617
0.8043468244805867
0.803608923001559
0.8028861709636891
0.8021435132049886
0.8013789589688304
0.8005866771062672
0.7997760804676082
0.7989640447253149
0.7981555896354333
0.7973731056798337
0.7965855398936249
0.795776848510274
0.7949794023942162
0.7941893644597725
0.7933804001453313
0.792529185327821
0.7916824760693562
0.7908637857933613
0.790048685792887
0.7892428501995779
0.7884218421503282
0.7875834850731215
0.7867567918659291
0.7859075985213761
0.7850497743795498
0.7841767948324827
0.7832911043890656
0.7824150250201368
0.7815291407192808
0.7806541185865333
0.7797825497030377
0.7789034449101917
0.7780299218873817
0.7771404455411931
0.7762439968093086
0.7753351963909287
0.7744116624254336
0.7735258875627151
0.7726138896190659
0.7717041590747713
0.7707776362911715
0.7698176810718368
0.768856862375712
0.7679019932915324
0.766961212114457
0.7660219940615192
0.7650730913277302
0.764135784326409
0.763227888187974
0.7623347369727637
0.761466473204889
0.7605712815775098
0.7596310080969901
0.7586980121462835
0.7577299201650642
0.7567662646170682
0.7558250945020426
0.7548744447400833
0.7539288903478658
0.7530104609810493
0.7520823310677134
0.7511423878927446
0.7502085651337945
0.7493180475343841
0.7484189613073744
0.747511043962219
0.7465491478176165
0.7455758515259836
0.744639468838337
0.7437194786433444
0.7428007998051586
0.7418463340740357
0.7409041539927221
0.739979978013697
0.7390308368545647
0.7380782920395492
0.7371199399348211
0.7361595695085217
0.7352156130480776
0.7342780426238009
0.7333228012089725
0.732372657242507
0.7314066376389092
0.7304441433833455
0.7294597358898879
0.7284989622816384
0.7275229988964429
0.7265713853327795
0.7256213188654537
0.7246430908923273
0.7236768006565591
0.7227465836276653
0.7218603458940284
0.7210015826004577
0.7201506957819277
0.7192914136565706
0.7184008098581963
0.7175124373319048
0.7165950943884385
0.7157237391615031
0.7148333696436359
0.7139647211077923
0.7130473376639045
0.7121125801305929
0.7111713328132764
0.7102596244337019
0.7093718006602753
0.7084575817665041
0.7075165423355779
0.7066023359073854
0.705776434832314
0.7049042932238827
0.7040461865247625
0.7032553594963901
0.702508282553222
0.7017164738257226
0.700931128591901
0.7001829738449934
0.6994347646994251
0.6986560040278278
0.697895658779902
0.6970687400044403
0.6962054940126906
0.6953876367946626
0.6945851372031226
0.6937428938497855
0.6929181802428339
0.6920584360277464
0.6911765320785378
0.6903240208906827
0.6895233960909647
0.6887738376511638
0.687982810081977
0.6872024458814708
0.6863778391260903
0.68554046989536
0.6847035747168944
0.6839005316811438
0.6830901613528078
0.6822979015089702
0.6815057793317981
0.6807158057994912
0.679964898962729
0.6792784453832093
0.6786128974894614
0.6779735251564458
0.677344775058349
0.6767477855420283
0.6761349524608389
0.6754873742605733
0.6748459172178737
0.6742259530862685
0.6736130284168752
0.6729439147811875
0.6723153224737006
0.6716527053792755
0.6710314457658791
0.6704976730279987
0.6699623840909202
0.6693914440356146
0.6688688581221691
0.6683101760306946
0.6677546466574636
0.6672658176551554
0.6668280804266538
0.66643150497007
0.6659715225090859
0.6655302091215273
0.665088038558628
0.6645649157437669
0.6640385620845771
0.6634885069800069
0.6629480312468261
0.6624613880140611
0.6619620922906694
0.6614117689941967
0.6608737799772851
0.6604063402788931
0.6599424640383041
0.659469368607909
0.6589998049745545
0.6585751157194086
0.6581823770940702
0.6578660795691087
0.6575763376246715
0.6572485212296093
0.6569225151007608
0.656545965493736
0.6561465405257338
0.6557317922110699
0.6553009664294667
0.6548537468780655
0.6543892590980596
0.6538880672191161
0.6533988189027867
0.6528855942905482
0.6523827135834631
0.6519337082981976
0.6515034257895234
0.6510682504249614
0.6506668196306887
0.6503150150636247
0.6499066394112095
0.649585224498623
0.6492615413979569
0.6489677618963923
0.6487217151653041
0.6484831179815594
0.6482278249914596
0.647941877138953
0.6476159297799308
0.6473775342299098
0.6471020480177171
0.6468628483040204
0.646715237154917
0.6465769932773311
0.6463778622520268
0.6462064880636118
0.6459928241563488
0.6457297703061219
0.6454679597110689
0.6451535544126241
0.6448194268828231
0.6444899417399969
0.644169043307459
0.6437266061273765
0.6433335919726492
0.6428860749875926
0.6424240931224264
0.6420428612697004
0.6417354666000564
0.6415520888938223
0.6413809114259114
0.6411840761138579
0.6410373765469657
0.6409557145029579
0.6410214004539995
0.641085586944506
0.641117922291848
0.6411019354658355
0.6411298040569742
0.6411501951269661
0.6410090926143166
0.6408530866468791
0.6407615597966211
0.6406359147254959
0.6404289819311596
0.6402675406060944
0.6401382292204701
0.6400350072353461
0.6400473648400339
0.6401321115848537
0.6402182044168307
0.6404114009785271
0.6404776161040172
0.6405041951755422
0.640542658410756
0.6404803382405686
0.6403817859273846
0.6401984864695281
0.6399725285153737
0.6397784189500813
0.6395016482217795
0.6391892330878909
0.6388564741772741
0.6384357957802994
0.637986652856432
0.6375753432145016
0.6372634087788632
0.6370334457068938
0.636924380847505
0.636810231638652
0.6366816886196935
0.6366251637902874
0.636560332537741
0.6364673986630027
0.6363680043588572
0.6362711343622838
0.6361911883301953
0.6361806850032683
0.6361775197482114
0.6361690228389802
0.6362174465254136
0.6362372475452305
0.6362729156386316
0.6363472311222249
0.6364141463825366
0.6364353731950072
0.6365152668184053
0.6367312468651327
0.637102906663789
0.6374505271450517
0.6378337057028876
0.6383127977294286
0.6387091983576711
0.6390473952772961
0.6392401142981881
0.6394041996645662
0.6395799441058883
0.6398402424714121
0.640040309216338
0.6402859693243705
0.6406359385458443
0.6410043830072254
0.6413021679613455
0.641645143645224
0.6419687532365633
0.6422892634149886
0.642500295155054
0.6427139443137597
0.642808171038175
0.6430068384545589
0.643310131646626
0.643660207745863
0.6440608910410369
0.644458257753588
0.644686940991771
0.6448719049018294
0.6450791951307467
0.6454015789291666
0.6456879292375829
0.6461060816111553
0.6464954469305108
0.6470112552422044
0.6473771249721296
0.647804024229538
0.6482105008348275
0.6487282719208958
0.6492925281751767
0.6496783473665511
0.6500590262808971
0.6504191943191195
0.6509075720568749
0.651354142439397
0.6517113934100471
0.6521749059244901
0.6526167511038032
0.653071634482388
0.6536589853433491
0.6545126798545362
0.6554508318800971
0.6561695282466646
0.6570763150023907
0.6579171177017135
0.6587971566391696
0.6597437927451288
0.6606997284218906
0.6616356055007852
0.6624604348449256
0.6631937716712346
0.6639508115250028
0.6645845393106209
0.6653610894997001
0.6659592939891651
0.6667423398044758
0.6676127716504845
0.668345727420075
0.6690815912446638
0.6698700238163082
0.6705947280751345
0.6713982948023365
0.6723353523733658
0.6735207513589518
0.6746318381514439
0.6756364136728018
0.6767344972864466
0.6782045798049311
0.6798084792005861
0.6813116263023231
0.6826945810866816
0.683874061179073
0.6847536353023526
0.6856321010325713
0.6865052824172814
0.6871047852986126
0.6879213984841064
0.6886792045514443
0.6896369034921761
0.6907068671514188
0.6918431699206364
0.6928231218683547
0.6936071180697875
0.6944655438193712
0.6955904669791595
0.6965605350546535
0.69783926538281
0.6990436371501656
0.7001449370656316
0.7011168753137681
0.7022374719835075
0.7032937305176636
0.7043448537478592
0.7052864385801015
0.7060473847081146
0.7068012028812849
0.7074661098140508
0.7085796700798151
0.7096847601733038
0.7109726660278094
0.7121295528463184
0.7136020126754663
0.7152115844189882
0.7168855235031099
0.7187898152974009
0.7206861231938844
0.7225664103108405
0.7244180557222172
0.7258911278643883
0.7277080281528622
0.7299408466879458
0.7324692337778504
0.7348616827274551
0.7372595043946863
0.7401907011631385
0.7436458783371863
0.7465116540694275
0.7494549033596785
0.7520269234181501
0.7552187885767653
0.7583515117224032
0.7613236172559756
0.764312446511266
0.7675874010263707
0.7705426668496218
0.7737823915411912
0.777547713519516
0.7808286248169144
0.7835983693754832
0.7867299021305935
0.7914946750838167
0.7957217879508144
0.7994505806179532
0.8031250891601708
0.80686276441091
0.8097359827496828
0.812279859084311
0.814667686605843
0.817090532270882
0.8186265098813577
0.8203610451220971
0.8214597604963146
0.8220875845958538
0.8227426694366214
0.8232616124626941
0.8234412775679516
0.8239806144896624
0.8253206760394665
0.8262331838976149
0.8273339784574094
0.8285316464958177
0.8293147478238366
0.8298544751101776
0.8297537064529451
0.8294944715418237
0.828793620601003
0.8287396552337164
0.828166079240813
0.8277953465209634
0.8269980565854669
0.8261921281514318
0.8258338499724416
0.8254700361140911
0.8249179461368514
0.8243785659023872
0.824230025829749
0.8235772290567909
0.8226895387591843
0.8240812488632384
0.8248291180465134
0.8254561839419717
0.825322528053231
0.8246528236790813
0.8242406328920273
0.8234706205859763
0.822102617274198
0.8213364353920636
0.8205142048817387
0.8189148939223755
0.8180929033968003
0.8172788775581294
0.8170442387206481
0.8167462603581586
0.8165264634239301
0.8161342961101712
0.817811053922845
0.8192103943744063
0.8211892342545328
0.8234139082021906
0.8252347636180306
0.8269547427105594
0.8281204005933933
0.8289701393091193
0.8290954293676881
0.8289538947074481
0.8285484079334342
0.8280706582910108
0.8272244321247221
0.8274556297800593
0.8279348904323388
0.8284620332451876
0.8293216311399734
0.8294794498448719
0.8292560739977568
0.8291458285673791
0.8290174600810407
0.8283055055374134
0.8276331045433136
0.8276105373571441
0.8282495927759089
0.8288255599778348
0.8325930469338174
0.8353543955330343
0.838268054845093
0.8415471735552474
0.8440234954473854
0.8464355091975098
0.8480968784637775
0.8491495125571479
0.8495329430464545
0.8502532927000996
0.850629262448788
0.8556684660400272
0.8598316523897988
0.8627963699059789
0.864916241517249
0.8667498018302967
0.8685009660459567
0.8699743585438329
0.8710704958420277
0.8718601957533184
0.8773994401320853
0.8812534562254168
0.8837537929575386
0.885246649743723
0.8859606929526108
0.886128560811659
0.8859243707623832
0.8854087549088155
0.884717710184056
0.8838962781161346
0.8830419932072503
0.8822030447602639
0.8813945920611079
0.8806247488122114
0.8798649461104243
0.8791347987256287
0.8784560746958233
0.8778442648305816
0.8772647110167437
0.876753455399459
0.8763167751489098
0.8759141901673148
0.875608645479476
0.8753855774516177
0.8752264512497329
0.8751067947238447
0.8750016106757408
0.8749392946420572
0.8749280127418773
0.8749644879530027
0.8750365331021137
0.8751566199509793
0.8752893828685133
0.8754483702440581
0.8756216266632185
0.87579386196561
0.8759670600578371
0.876160067410222
0.8763299153728772
0.876487268708111
0.876613095133972
0.8767113966598641
0.8768354277242758
0.8769659218320693
0.8771055724672113
0.8772516525270666
0.8774112586137934
0.8776291416800661
0.87786612484622
0.8781136884582865
0.8783380201157686
0.8785522543086206
0.8787567933859808
0.8789652538033335
0.879232273652925
0.8794825791545525
0.8797182186029466
0.8800303770095689
0.8803197479179703
0.8805803572850619
0.8808301173516279
0.8810549824953385
0.8812624909529452
0.8814964327002852
0.881697455759385
0.8818732477342706
0.8820429862010749
0.8822769379696718
0.8824919500702251
0.8826439536186506
0.8827932838453819
0.8829216736946222
0.8830264501235342
0.8830810859407228
0.8831244366726176
0.8831315182748867
0.883124983771426
0.8830860763024194
0.8830525000563405
0.8830246382273582
0.882989188140505
0.8829590192237065
0.882913666750752
0.8829423386739372
0.8829313252091278
0.8828841410290896
0.882828107352067
0.8827476195519265
0.8826210863939392
0.8824465474092453
0.8823236114978137
0.88217989049014
0.8819567261582012
0.8817666254202485
0.8817012969667053
0.8816692668296241
0.8816346536527976
0.8815420518034555
0.8815068361577593
0.8814294568446752
0.8813352375777506
0.8812853556915033
0.8811751677095734
0.881008749753233
0.8808145739106874
0.8806288158752371
0.8805028944085359
0.880426071509663
0.8803193087924743
0.8801808184673179
0.8800098876767852
0.8798884287368509
0.8797420637830746
0.8796496509187759
0.8795154776022651
0.8793807408886387
0.879313205091532
0.8791503932244501
0.8791323650156901
0.8791809856545354
0.8792367651815013
0.8793028371760088
0.8794191359260155
0.8794977266039706
0.8796955725331131
0.8798674115637659
0.880112347174435
0.8803474732743283
0.8807018730176949
0.8810683607796541
0.8813744275257731
0.8816697252555395
0.8819166703903851
0.8821667223394573
0.8823838236550747
0.8825882500914044
0.8827368291886581
0.8830205765814845
0.8832989179749261
0.8834861643609261
0.8835822663816046
0.8837101996060182
0.8840242835912363
0.8842254402949494
0.884471178059383
0.8847797327704112
0.8850066043608518
0.8854366958136022
0.8858225491261652
0.8862323080374648
0.8865526974173601
0.8868168552799172
0.8870815977883527
0.8873390202120743
0.8875009511297323
0.8876797759026498
0.8877825819880115
0.8878873627460772
0.8879379581371478
0.8881408489150878
0.8882680390938843
0.8884582502185822
0.8885824152064329
0.8887273002625538
0.8888540576997974
0.8889324337501874
0.888943434656246
0.8890372123907029
0.8891986488490574
0.8893576581879612
0.8894841509703395
0.8894978924667611
0.8894954112730267
0.8894464823184034
0.8895055697288478
0.889768274086957
0.8901226374104763
0.8904632064902567
0.8909250791606823
0.8914494531102782
0.8919547069489326
0.892317893988977
0.892830851724176
0.8933475750503473
0.8938055531235225
0.8940249744894935
0.8941282286533961
0.8941506019924722
0.8945805428758257
0.8949914661894414
0.8954918051338782
0.8959515157187874
0.8964569651010988
0.8970171634793366
0.8977200056985799
0.8982554171518045
0.8988677613730384
0.8995830940326357
0.9001187239389186
