0.018873320794940526
0.01653629379916211
0.014376794734037317
0.012253630258237756
0.01026707389532897
0.008650981812457485
0.007692886748508134
0.006225270990579832
0.0047883227906847774
0.0051712962081789235
0.007613276305121174
0.011090502509842884
0.01401765093480249
0.017245110278056985
0.02076803462173336
0.024561197007511654
0.02927580946139729
0.0345034436191427
0.040076813307878746
0.04565719343033396
0.05123455280490175
0.057166964015427875
0.06323774825920667
0.07007774054214587
0.07787522644643727
0.08597814214780324
0.09338652700292815
0.10090259725297882
0.10768935684659842
0.11446611247228
0.12155984441439566
0.1292538274527515
0.13657133329825655
0.14439366646260718
0.15232458476259925
0.16000994019136017
0.1679866734758172
0.1762309237983805
0.18501509364527036
0.19422145813861205
0.20262469681605463
0.21052191944446816
0.21846403911245516
0.22669819290791565
0.23451724703596816
0.24214597739169685
0.24912378762327733
0.2565959843072201
0.2636755998849732
0.27000633752960296
0.27668527721254677
0.2841033307022128
0.2906294840159168
0.2976055698559107
0.30307359962566965
0.3092158059349125
0.31486700870056394
0.32070550017497185
0.3262918990739364
0.33205841481624554
0.3379494933897433
0.34366020470237185
0.3483700684092593
0.35385504106629395
0.3596706568976398
0.3657239517354052
0.37120375226640434
0.3759224888996398
0.38079729427866543
0.38562477822875907
0.3903842180136813
0.3954495349498175
0.4005884934740836
0.4053546432571154
0.41054046234557917
0.4162916533195072
0.4213782121353306
0.42655152676729824
0.432331424550061
0.4386820436396057
0.4464270317302666
0.45369547872708116
0.4606289498741826
0.4667911833218675
0.47292618282297616
0.47996223147156375
0.48790590091928676
0.49583176626059555
0.5060750889155815
0.5159239065189818
0.5257932049544753
0.5347492032174614
0.5432416462636696
0.5508319856870946
0.5581490789336089
0.5639388537096703
0.5686230098882534
0.5725547831289688
0.5760960973963702
0.582087637658755
0.5872952389935618
0.5921304903615039
0.5958391484106387
0.6000711918771667
0.604292299977094
0.6096343499616904
0.615198469887342
0.6190473585520175
0.6226794190380429
0.6273416045717882
0.6329153736021148
0.638341514162901
0.6433695603475865
0.649020253584881
0.656490792688111
0.6644207313814504
0.6722847981935844
0.6805995508794171
0.6870528036995251
0.6924773056092143
0.6977289913498332
0.7004411163971457
0.700335873317893
0.701959040054613
0.702092740757131
0.703328839566588
0.7080421906212276
0.7127929787800373
0.7176504472388618
0.7222158368686384
0.727350645323922
0.7320462544351243
0.733865825525454
0.7346933861403697
0.7348692066858695
0.7333971585738551
0.7316385835232591
0.7291808288744113
0.7267368779088819
0.724323498192855
0.723744730652612
0.7243155622185992
0.7241597831211174
0.728753120018649
0.7328383154872623
0.7376614118273993
0.7426732192276704
0.7472003589118769
0.7513479210229763
0.7554022930575299
0.7589974036195789
0.7619640535866612
0.7642345725092042
0.7659539721658045
0.7681505246820637
0.7705756530776067
0.7735603183773719
0.777464526638031
0.7802036704500332
0.7815119005808951
0.7822020479994872
0.7826241837407902
0.7860150148997203
0.7909789458473376
0.7950827207277136
0.7980348587433214
0.7998918779127886
0.8008561013504258
0.801656250658381
0.8029163817933846
0.8032035864136516
0.8025847293381113
0.802715400781621
0.8024246058214175
0.8028322825867439
0.8031153230623646
0.8070802591966183
0.8108558479545153
0.8139760315599909
0.8169666570967915
0.8197113003248448
0.822277897597691
0.8248799282094318
0.8269519494301383
0.8283182896375794
0.8300011462457877
0.831629760121053
0.8326805082412922
0.8336419755628489
0.834260446092216
0.8345424021786816
0.8345938790677229
0.8343891949758052
0.8355343445487913
0.8363009604644256
0.8372445947805485
0.838273009586148
0.8396190804119665
0.8435623871555958
0.8482276843064476
0.8522720787863923
0.8565461341093281
0.8608267337484117
0.8647629760844204
0.8683683221914005
0.8722345260156602
0.8753083258295057
0.8784197211911446
0.8813446018237446
0.8841128975365758
0.8855662704231293
0.8873663486492152
0.8892482021706725
0.8910637716883273
0.8931005581160106
0.8949211342995584
0.8968622874224595
0.8989215693881322
0.9011230632616968
