0.471507496726386
0.4557875110359043
0.4521646742682021
0.44370735257318256
0.4412079408097111
0.4336707101711158
0.43046672574169814
0.41726069249676123
0.40732333200961496
0.4028566229024604
0.39381422113877323
0.3865281512662245
0.3844685862393095
0.36272216322794837
0.3611224406065283
0.35845825898498274
0.3394525317753412
0.3362340756283902
0.33594333597061143
0.3181231198115697
0.3232273646531606
0.3059825634013076
0.3181411471360853
0.2921762287317192
0.3044758781041315
0.28970660942420035
0.29038318653475254
0.29072413690874854
0.29850747984763165
0.28584864765321916
0.2753247917706789
0.2810566109543745
0.27339201033651317
0.28399205673254996
0.2723540223657447
0.26680083924974163
0.27465148238807546
0.2607747742751797
0.24483989764627945
0.25224052807318775
0.24564014807765294
0.25128604186087766
0.2557585055741203
0.24066185899161413
0.24485516069192415
0.25170495714276986
0.2272115191684171
0.23145437865601326
0.23504332142600604
0.24042721591783517
0.22261928588063884
0.23759583931043876
0.22104171667264721
0.22712446092581995
0.20581311929848894
0.2205225611336753
0.20347819982462917
0.19372611551655172
0.20741535459595306
0.20091997730864863
0.21487225893451078
0.214946485254549
0.1972376052682812
0.20717613927253725
0.20548393116767943
0.20113039773725006
0.19469455989547058
0.2143525760594357
0.18468193274531686
0.1999661902356648
0.1959151562656502
0.21166101714499552
0.20289486832339748
0.17844747011872542
0.19727627160479694
0.21587662473010238
0.17631680824728974
0.19209845430842004
0.19635816986079285
0.1922271458961612
0.18442315807900755
0.19550445586966037
0.1898184212975117
0.18244474050403042
0.20762699306815413
0.1953434926001204
0.1892765023674286
0.1506791073686486
0.19751464205134645
0.17747811302280914
0.19291641095438677
0.18411105220339002
0.17315638491531876
0.17837118049857437
0.16331618921746094
0.17965134891323625
0.17643185219149676
0.18745927585628397
0.1494633291259158
0.1641228312516272
0.12183455957927475
0.17952599991312118
0.18643330297410682
0.14892792120588405
0.145607752035808
0.15880204571671575
0.1704872748846692
0.1404503925957965
0.23314915170257922
0.12514430742691884
0.16219397717081918
0.16458649762225014
0.12032485056857728
0.15726768132927493
0.14776979862974787
0.15290115188466674
0.15323523248228843
0.012065056029298638
0.11063200248508814
0.002488381128254946
0.06783753419359984
0.10354968031681644
0.07039980955592001
0.07916164687823085
0.047833851316197384
0.11191456064579514
0.07133522672424164
0.13187756696834846
0.062436364927046184
0.16978829069127505
0.16143281916300734
0.08850660542835515
0.1766202332397816
0.17444866176402773
0.13424451029012957
0.21923000041822727
0.09568232599343446
0.1343761407632943
0.2267604057640411
0.12210384380713268
0.06994868695422607
0.19783345567957233
0.055281938306482425
0.19287398494613223
0.1634401494534226
0.13976606998131175
0.18627059491076248
0.163306450591654
0.11591877338554585
0.14253139182183577
0.1080428909437453
0.16444550934490904
0.06518470708235946
0.06688723224672377
0.12006306454608856
0.08658130648726176
-0.0019409768719077514
0.14433991010124564
0.060451785440353456
0.17442268368350905
0.1350865995841778
0.002303741519127822
-0.04533724382146975
0.006185738861650525
0.06494270723127804
0.2323829731684724
0.048400375995124756
0.144350967207043
0.1299717883363597
0.20037672229182318
0.14084422044216088
0.03743177385678176
0.10573001563445056
0.11528533368881005
0.12363038203167859
0.03655780951543608
0.10634678372594808
0.20157797175499897
0.09725348220617935
0.09141191594308062
0.16602781782999804
0.021173911098767095
0.22699353572385228
0.1862860206992929
-0.0069473315236247
0.1203797633473041
0.19060416666627988
0.1714848476213412
0.06281312589960214
0.14811870911764546
0.14508304496993585
0.1700233400106257
-0.05060863809439764
-0.03677087267217227
0.1408046091608005
0.05778977125980361
0.05240791730716832
-0.18618334437986273
-0.02286850128464768
-0.004549137812291382
0.01602662707972813
0.1392858820373311
0.14053800366951436
0.16906259128488582
0.1918915348717548
-0.2353866554178774
0.10482869546974
0.014914027984869294
0.22707651530319073
-0.3563977666477608
0.2439859458904559
0.06580137384831752
0.1736134738157023
0.33631498681554806
-0.0772749067031746
0.18177260484205193
0.12291954231291558
0.06848113319556715
0.1344598899280121
-0.199078984400339
0.05031826705678055
-0.128940981756965
0.22283118685257125
-0.1289830515026975
-0.32379696999435026
0.2977244259689853
0.2894511363839134
0.1116598324015165
0.14895913144752965
-0.9332528238900766
-0.04068536217015517
0.22118117582525293
-0.8649451590661175
-0.11999086200566134
-0.10237816735692229
0.07496047862087868
0.21379302055076876
0.36232030473541565
0.28700033326014973
0.45631430192304684
0.13898869223836652
0.3627002197428504
-0.015804964874915117
0.2917481226096623
0.37448092480787976
0.26787093257540695
0.1568147565713875
0.24820229483360196
0.15261219198470782
0.19659960508344287
0.23753668263407846
0.37412602785019156
0.14418000868719655
0.20063219951591033
0.0392146145000723
0.21992057076583338
-0.094376440197526
0.030220149051571776
0.09841841917861582
0.10363996481580129
0.12159679972539272
0.10576221720435502
0.13555246425287792
0.05750252445660348
0.17198585627277957
0.07942435854578728
0.10826941392012057
0.08179735935891241
0.136195113021436
0.14174994578743189
0.1584724160283622
0.11823144399910579
0.029247912607066662
0.1676888633459187
-0.0055326959112237395
0.14217969506890882
0.08723097419687459
0.15852895313186172
0.001346256820214331
0.08474571527993596
0.05747269686199186
0.009079550510906087
0.09535740442882862
0.08412024091782966
0.11732718616509857
0.11686072062806252
0.05360711018231651
0.24874244211017704
0.1547254769983557
0.07949828290049582
0.009047578545868351
0.15799231195043084
0.118595260366405
0.12182767883889256
0.11682744478680485
0.06087532285639463
-0.04495494659971411
-0.024051618412550768
0.0014220382593849168
0.06760781774780511
0.1695047446893772
0.09828809739935818
0.10839687742514975
-0.04814707979388111
-0.045945150948781266
-0.039244290902300305
0.12392763222310677
0.04716524555107504
-0.008691264517736275
0.08221719119952986
