0.47039836736153223
0.4431865897921378
0.4432653007382409
0.4428007412945233
0.4868656245783098
0.4357113479296416
0.4409363573085989
0.4169258690690286
0.43022257672097725
0.41866808974080155
0.4265256703186062
0.3597169427932561
0.4028061024793125
0.35395841527683597
0.39099981809466167
0.3743252850730634
0.32358242297886597
0.3736157375218081
0.32983841735581976
0.3003875090774369
0.3011231537186245
0.3466267470023483
0.33976328810528644
0.3064980289928506
0.33506536738762926
0.3038938150187485
0.28394020844994117
0.29056253661501935
0.2796469109966769
0.24468963775799907
0.3019655687190815
0.3036034902881729
0.35483168366300166
0.2688214922661436
0.24789696484658563
0.2749839914080882
0.2895445429837781
0.2351647752120209
0.28906746857495585
0.2186552950520912
0.25775534988481996
0.2666321445325981
0.2830682377649913
0.2740428862590124
0.2654092030707913
0.25511283663282225
0.19038520037687023
0.2776491105157028
0.20660515264537255
0.2729339004073563
0.17275850359022582
0.2211254350271007
0.2860122303658016
0.2486881600321323
0.22005602296489163
0.2772525922099818
0.26298718276473293
0.2215973502605318
0.25062096665295286
0.14884029575417967
0.20967463127943364
0.23500489398084323
0.24625801757996452
0.23518730906890456
0.24103280300732544
0.2750043138595556
0.2412685371941094
0.2449235743589147
0.19436930272291836
0.2521035210772763
0.16362284702494367
0.22741383989483865
0.20699690824943523
0.23390973566383932
0.2196691241199017
0.2450532845950958
0.25657658880525325
0.21778177142500904
0.22844670326446626
0.2707220948635839
0.18871233095412265
0.21839332259849353
0.1964363239790884
0.22025956472263925
0.13617652117471468
0.17840562326996956
0.17617521803646607
0.2596945753732646
0.1434626762325621
0.14522870625341133
0.17702366471994846
0.10032261122544806
0.1605567087428102
0.18843915987639992
0.13165504892602758
0.10963677171782654
0.22638966224197016
0.31374861979105895
0.19093066845147721
0.1952661446273083
0.23994653063189292
0.20907248356597757
0.19810879869999104
0.17406446378937862
0.07464002967342137
0.1937751040002531
0.2638442099295912
0.25207331130184657
0.25522827401505965
0.266646091212452
0.19447074129962
0.18679580350550423
0.08990494668937676
0.12094146164481434
0.14825483814609725
0.28664896599782275
0.20274508575118072
0.19293560195537646
0.185647376278259
0.13820160509074775
0.20383536315291467
0.08847149588991604
0.20873871321570403
0.20186485158181378
0.30708323704021656
0.10891594809895494
0.2519761464061341
0.24042576370875163
0.11692183431320813
0.1831377658980835
-0.08176657501254347
0.19488699311625224
0.21924101845516453
0.23557968549486796
0.23579897585644016
0.20557054449018375
0.2303355357932383
0.24514642047860374
0.31711677042851555
0.2855551384430435
0.14164790525523546
0.19676279046339995
0.21678902364912817
0.2770993527045546
0.20528521980493653
0.12743019186601923
0.24722021755966944
0.10542094195376744
0.18149827600709612
0.05804696061341802
0.0587991783353945
0.14858181973712103
0.26831419829264497
0.3049902737878128
0.14734921691889707
0.3497166832658536
0.005742747499635936
0.12647969486649002
0.15702043639615754
0.16419399839361837
0.1865901465264267
0.23576269259744043
0.09706431358263479
0.27469471579647686
0.2210955959249234
0.21738415113466636
0.1830075235734871
0.2919845835373998
0.2790561665660763
0.29561369468640886
0.11227437267398155
0.28166765794279136
0.23885841593191043
0.17480090758868316
0.10967893227774289
0.2847964669898262
0.17376234727245132
0.17450772677843973
0.17379730248733755
0.27004587076058967
0.07990495338205911
0.18940780633862891
0.14625515957059748
0.18899870062303742
0.16680465241028403
0.1544185489329073
0.24380088650193016
0.210926587215236
0.1089206054673233
0.06849234626738143
0.1245033810986893
0.28067231264276554
0.23576223688860776
0.2049927917544448
0.15476829245835244
0.20945966013940492
0.10541848655204211
0.14146928560950062
0.13820988238765008
-0.04141722824895466
0.3079438901760701
0.005201851289231507
0.2912943245706982
0.09856393339561298
0.27040472182614983
0.14227455068829575
0.1493049477026968
0.27629532343901275
0.33844174084298784
0.21004859989309171
0.1634802502541255
0.09315140265153621
0.3057703398091479
0.14699741524656917
-0.4328520719068303
0.27876851436748207
0.13489408475449394
0.275122321964902
0.24482516299865836
0.34228260677520184
0.15267343439446118
0.03648033912454157
0.23019165100792044
-0.17365672706839552
0.16299011773906058
0.05119211185038247
0.19989631511603756
0.43220644077710824
-0.09660934310088698
0.17048055973747805
0.09008180200843802
0.3241548119632619
0.3958994416356655
0.17097757445530526
0.2762430536158246
-0.01747887449457286
-1.9477622466634235
0.13507382575378585
0.2550385503214273
0.03615818901981682
0.2522085025144133
0.3862857286222366
0.36383272149716983
-1.2500875836878826
0.38821134394780343
0.2268232232325978
0.3479108171227543
-0.1639377660602167
0.464687386741794
-1.0086470001699994
0.25305368884498713
0.3008509875378834
0.07827392987370729
0.3959993989914475
-0.05164542024661478
0.0972845768564935
0.3148546240970773
-0.8950972335734164
0.46244145458701047
-3.3656538829798492
0.2047988130477349
0.02620324963888132
-0.06529669961565265
0.44617544215204913
0.24477098265360198
0.2680839687332497
0.26660899678670935
0.19652030168988605
0.3482627753294122
0.3558006283259786
0.3658938197774782
0.4045278731253863
0.4315558130478394
0.37412283686824466
0.3910839433748086
0.4380239325563547
0.2918086234381658
0.3675078492493715
0.3765826982594466
0.2281481846963614
0.33097348889367695
0.22398805131861438
0.3838937026391467
0.3768244727312389
0.35154556821098903
0.12632280616239006
0.07070989750849543
0.4288671683991212
0.32754134804106794
0.4096065469998682
0.23783429504640707
0.4474401618135263
0.21890103920005127
0.3980216637854117
0.3056795322416672
0.4189979326842394
0.3274371481320738
0.4450079567363844
0.28764500765099454
0.2902187218946173
0.3963305022756378
0.2300539084569992
0.37806390832507836
0.42392848397851035
0.41320024145981993
0.19375454147003657
0.3026601835341528
0.36449684863747855
0.38170263986432806
0.3232237654590331
0.15151625137494024
0.3391391699762827
0.251894555630341
0.330550492647637
0.20697040931844374
0.38400717288676867
0.3554309653199177
0.3826827751776478
0.4130754617937208
0.3612391143857753
0.4200592436240512
0.4292539561214659
0.3264523933335376
0.3538082431735499
0.28861061198350113
0.43360947975164854
0.09123047009786966
0.39669543431506427
0.36172302107713894
0.23871910645071043
0.20877655511521975
0.3406745792738193
0.45095042697420756
-0.1796842915381377
0.177170425742725
0.3623895853096414
-0.21986056210446758
0.47573523323415773
-0.8510506055420535
0.45356264046178746
0.3250873013450329
-0.4316481396753523
-0.002461676187374584
-0.3716900338576926
0.33942290763462224
0.37628084606446255
0.42597213267228706
0.2657249649705099
0.39818999947209877
0.4229967626071522
0.39484024557503167
0.4879876757795613
0.3821388339311694
0.001642970176091163
0.2326938926708264
0.2590011528651994
0.21979757978046383
0.2683549389428838
0.3595051573031322
0.2631613817921075
0.009467145798933263
0.34561101340757544
-0.22232584108341813
0.4700621859774332
-0.402107653499423
-0.1966919449904725
-0.12760179299405805
0.40734701500890413
0.23951505052607042
-0.45333787668369097
0.39577884990867684
0.2824815298126093
0.18728866102707376
0.28450772146332204
0.42611097521943686
-0.05581508247341782
0.4179545573936273
0.16217084440594332
0.38044044575468317
0.2752851473036879
0.2556483350212201
0.1887986643458578
0.293733749394718
-0.344767108117776
0.431829299896454
-0.7690886142730866
0.26895315519406426
0.2578140528218328
0.3327208926948545
0.362654800746698
0.45742015135051106
-0.19241774501283881
-0.2148205523688168
0.40965359438506915
0.17019791235741394
0.21533541038961718
0.3540411761985698
0.4897430133680928
-0.0496212685813463
0.39871974024309925
-0.371035350232639
0.28118251371649805
0.08981299775592039
-0.8683415301964765
0.4799202077498932
0.26442316736559623
0.30561294717598864
0.38886331344915565
0.4359194336551342
-0.12103491757012952
-0.7387100666383342
0.25257354906809465
0.4087169957515242
-1.0365658475293373
0.3654157686144901
0.3358420126577096
0.22370483903274263
-1.1924234703504009
0.29278258172652627
-0.2814700136012346
0.017205842310424768
-0.2929612779127595
0.34925875774642134
0.42632173462492023
0.4400986277323227
0.44152582316353406
0.2777798297496806
0.3946655448864596
0.21834235877070984
-0.10224393374485996
0.24556092172366706
0.15096161627251353
0.06858946113364195
0.2879696021384364
0.13845159136875257
-0.004805400372296598
0.23217689086703908
0.3527815234716246
0.24703859939551343
0.028937173293679064
0.14438446656504383
0.2702544722844607
0.2474401774987377
0.30938324512030924
0.23045407266048623
0.3470412130389934
0.31863646349465913
0.23190227968431
0.34111394221060115
0.21083242024090332
0.20878077119093602
0.286859683223314
0.3659330594837362
0.3758457228247717
0.4335561577088848
0.2790682752588653
0.19252118171759686
0.3602081609577763
-0.1760816252288191
0.3128765432600018
0.2721581203045831
0.32588327045795074
-0.4043728869465215
0.1286439109820911
-0.5386944932195288
-0.21993523514173163
0.2990386378473231
0.08431760181217185
0.43893699566367556
0.10931199945353987
0.3830777886265554
0.25735809699653467
-0.10226559123536871
0.3803391129101009
-3.4407952142724985
0.204841259232232
0.1183816095268228
-0.0656080530649994
0.40799696291750054
0.1418861445130708
0.2529988346252726
0.33066671770634454
0.39267733302071395
-0.13559952972751954
0.2906496680513604
-0.138356145702905
0.30193651337135063
0.016167758988129
0.403948442953979
0.35855909276084097
0.3647712309661191
0.3414006865862157
0.22702373929045938
0.11874960636982002
0.05498052416495158
0.20661109353250018
0.022857167098415287
0.2779389599996012
-0.25885883531611464
0.4416937518863352
0.06931047961042214
0.37194621603058686
0.28236124794027345
-0.43898045690815457
0.09587060418452742
-0.10257843317737592
0.17478728381868602
0.3522426246936202
-0.05523988492157961
0.40899375067142224
0.2974302146644465
0.20598476858048942
0.3244341591229106
0.23837089503732184
0.3212562888048583
0.20978853292177052
0.3412704781253517
0.28249948591951646
0.3297616658319032
-0.1139915922776158
0.19229741343931922
-0.05913891529499404
0.3160642463865824
0.27933617958770945
0.3599232475762191
0.3362152665531807
-0.3373916845760866
0.2507237058167825
0.26733306783135313
0.11372761536199033
0.0940086523174486
0.3637580554314646
0.21145409165042128
0.45566349549073243
0.2081697919334236
0.19195126128325707
-0.015029523581876147
0.2441519969531541
0.1951466245803138
-0.45579040096135925
0.10245120402002367
0.04666736610086386
0.14019868257003998
0.10627563263797041
0.11034929372283131
-0.3911431055143949
-0.07467904036007267
0.05614426355603741
0.2201570759395446
0.32930280702521586
-0.03567690630977405
0.20392432257622423
-0.11550950313602981
0.15908202879833122
-0.985385025888488
0.251389436459568
-1.0079029319973267
0.2785500525938921
-0.007449613410445588
0.45420363414705583
0.039139252064608776
-0.07455253373787685
0.22112841200915617
0.033138069889625366
-0.02677418144055088
0.1941137170643803
0.010520535888594695
0.3378307207743063
0.29042864757345216
0.3641001856314638
-0.3414160657850528
-0.10059030539676961
0.21791324054326477
0.12805514948101537
0.3862224091048595
0.22304478345174455
0.4094774030408126
-0.06819489610352703
0.17263581997606475
0.0995589967642806
0.14275877053534747
0.3121594433202567
0.38251997234500446
0.09210824631680647
0.14390768220260547
0.1660903272103948
0.3651593007351892
0.1433461863769221
0.16664824912045723
0.2210598925548224
-0.26834017797372023
0.2376661627350538
-0.019784069268381943
-0.21568891215671415
-0.3726125413135494
0.14808669819147163
0.1782571551361043
0.44028510572464274
0.2149960887002652
0.2551381446272939
0.12039758033302772
0.3936923600756119
0.20523116160557686
-0.0016468005786468565
-0.08657639524959027
-0.15161676963934068
0.3316612690910292
0.022823524616243096
0.23063533858193846
0.1341943889696829
-0.15943256370923597
0.27974851642818577
0.16621417925107446
0.16021401319555273
0.06756913676228876
0.3606526195664316
-0.5852848670671151
0.21780775444278638
0.379456536925412
0.35391222008333045
0.2955431436493564
-0.04338137471873005
0.32260025347531074
-0.21836876710348163
-0.06530602235464789
0.21782364235201218
0.00888599600434492
0.3090675963409094
0.4785615863467488
0.3654162880676354
0.2958169705909892
0.06531982502769323
0.23625899965758607
0.2709976460066531
-0.1836616999841827
0.18373597395668745
0.02844381541496882
0.12083467817573185
-0.14146288480357216
-0.3514974754516724
0.34855567147188893
0.3312550517547411
0.06638034025470568
0.05583055575946316
0.10595472153592783
0.33922554908318925
0.3376506798739549
-0.2310047843153672
-0.020393651494011733
0.3771362107114641
0.34036683951535296
-0.4337496619564978
0.3193048057149295
0.12469639225469664
0.29852067071249333
-0.5344103036365087
0.15780697135796817
0.28001595396306284
0.0025650476773627084
0.1978684638132744
0.42656827316049106
0.3660328967287696
-0.2049666176599776
-0.10715543868276511
0.18645675433230052
0.15685811206375128
0.3920759699775379
0.21343268959450584
0.4802224085451913
-0.43578283484537017
0.1774190920545855
0.2329895408834764
-0.702508512506979
0.1739164940995523
0.17586311112168274
0.1891993581493409
0.1687561986946502
0.3222231707101439
0.09957909924132147
0.10224697745501626
0.2496069400541409
-0.02590137489993427
-0.052961258384443766
0.09712948275495031
0.42134076053339287
0.232443325240537
0.1853372564402322
0.31297978299215656
0.2788846131175854
0.1552816513363911
0.30590810386807576
-1.1893398651309706
0.41910902487018725
0.11964667707475896
0.10575985953605377
0.19599166881928615
0.12753001692919097
0.41503265814161533
0.35272600213882455
-1.0782123600511577
0.10845466604511683
0.31258124885719263
0.14971757601441493
0.31808925174750646
0.2753621796242264
0.28666914426651346
0.3494901866465484
0.2305128133461667
0.10688545865624965
0.21097533280502667
0.21492897366118974
0.3423456382932476
0.22779429998976852
0.31280306944258773
0.0034949372031946035
0.25493769391242105
0.37522627167762385
0.23312889343967147
0.3106051574003984
0.37776415203606484
0.24424544083304317
-0.08620299415079846
0.3026042896923694
0.2682345973623431
0.21892394985124292
0.23147866452132138
0.1881861798107039
0.06403189489544692
0.1034933035323029
0.1032457120708789
0.36254482431561286
0.38362449527467885
0.1474194349658094
0.3871189739413312
-0.09550767924569781
0.06735821395254082
0.44171232324052656
0.2682557016913032
0.12904408122083683
0.17331110957716955
0.023190905695190944
0.29843271024809176
0.2875795845243736
0.24826343422286523
0.22548655505360038
-0.18723678606495353
0.28334873124897075
0.04375512744218041
0.03637251191097862
0.33473709563842113
0.2637564532049159
0.3632028059628829
-0.030426795860274747
0.22254261052890145
0.14182636560559359
0.2984262866183019
0.17977348705581003
0.30480910437809455
0.02447964932079788
0.37100961837607876
0.21348850684651338
0.19713173438069703
0.3368601246159379
0.16208182471063048
0.17506511462866242
0.24590283373116278
-0.452143799485895
-0.18279462589263717
0.3034220894542997
0.19247117193801516
0.3700690357123553
0.45336021078989863
0.3428300038616686
0.3711628597614951
0.31848227598072865
0.20121385760567284
0.2249284520519798
0.18854334849580434
0.21075210154686724
0.42894332176870886
0.1784415108395782
0.14291962036509337
0.40019927874372907
0.10807527946773754
-0.18382127613935084
0.21428381293158805
0.2541995689059149
-0.02968589864381621
0.019803788634517316
0.21341418413228774
0.2764114935455183
-0.07113286116856887
0.21384981251629237
0.00013900715470610558
0.25439763594770265
0.2547665197611591
0.25475265272160513
0.2144550068415313
-0.1996877595393346
0.22263206607184655
0.1888028987900235
0.11064276459911199
0.13573479085240409
0.11036917927034445
0.10776128274372054
0.17767609996081446
-0.4575281185968636
0.10299858380134502
-0.03583966930749405
0.31783912738378306
0.19620299517058593
-0.10765709315920047
-0.030711990436377956
0.21673370563108296
0.3608009705870143
0.43904271389492155
0.12026203394567841
0.29470118164125925
0.33940560623092786
-0.17173229086687836
-0.18258225365710545
0.27619062071286204
0.11189256115641993
-0.13248004119025658
-0.03637904698270589
0.3369443953006974
0.47431473846514
0.3556690986009598
0.23090079482008607
-0.1651029922501417
0.2123138043096071
0.2254431786195596
0.3212710945734845
0.38676055955539157
-0.042658219678008535
0.23694148521410135
0.06292295388344415
0.31783133132564373
0.2633815681187437
0.0996958286602262
0.23717306676639655
0.33141831015688394
0.14359030049905158
0.20706365694488665
0.43710601329414916
0.2646717538282784
0.35274958575198134
0.31566576470539476
0.3793284193603001
-0.14746080422704422
0.18593494210501377
0.2319984138658292
0.20763157516824887
-0.22294207437611624
0.16631498575122944
0.23376905949749477
-0.25674878609690455
-0.09608848022019612
0.05502478910569941
0.1576993326750472
0.1475065634468054
0.39807946399763927
-0.2209343559576159
0.011582293458596904
0.05863910539865236
0.19776587299466286
0.4207879633354805
-0.02455729932706663
0.35443545970091855
-0.21944299343949336
-0.08693649433681694
0.24351693868960356
0.4509947172862404
0.3540275649676317
0.13607706129273528
0.2828028417221321
0.3377676048588326
-0.16467995655630618
0.3635524277215224
0.15191893167003717
-0.36672048042230665
0.15042578226734904
0.19750729925045962
0.02585059441356563
0.14674052229575313
0.32588381639186503
0.3838180767162687
0.18527420185954913
0.19093573150842252
0.09740120705006006
0.36079468573238804
0.07497708240843792
0.28516539366448224
0.04321435335171875
0.1982210780364771
0.3372011399588777
0.10887625995169148
0.23018544840701383
0.3503759629422314
-0.12279572155029173
0.15168095448865748
0.22455445371941418
0.1857168303427857
0.12863057646445536
0.2885069398287961
0.3808666958340362
-0.014493646319533982
0.308139039377337
0.2839731322187635
0.3518799177826724
0.02222832700969013
0.06461968374205906
0.36177844386709573
0.2973663636678266
0.21297207030066834
0.10281234879490225
0.30178187375290666
0.13336059530283384
0.27113936861113563
0.3800466881131991
0.29138451319417313
0.10850306040621915
0.06361081921266104
0.25732613283091366
0.1384665883378982
0.021544452959281424
-0.18087636407766172
0.2751569184077601
0.15348762162831475
0.17694241081914674
-0.027271245509336017
-0.017178280228866583
0.11272422622578387
0.00756383114894138
0.03703073754006447
0.2530975070196063
0.31837151990296353
0.07245305999126778
-0.7453166707306653
-0.04448171374679455
0.41225377729639623
0.37004032756613403
0.1386733125238852
-0.1305332091735485
0.18999354572579896
0.010262758789653659
-0.18031209188733577
0.28413831234903303
0.10929610316688076
-0.3035716692029876
0.23934931233228046
0.3641840999118554
0.26754143171603667
0.42950961945773625
0.1257010925630912
-0.11852456078840923
0.20929545458340487
0.11123416657519031
0.037005431277720935
0.24106368524329103
0.41667972998426644
0.18765669142352748
0.26891131619695813
0.20391857411243774
-0.08726955484634547
0.24178136176330012
0.1925925287813004
0.3163558319441595
0.10414516938323098
0.3125784170407867
0.34903532485460237
0.23175007942516318
0.25137869445324545
-0.47900071065351923
-0.3721656705554597
0.34900951143873915
0.36391228398677916
-0.10074037971378424
0.18693646991194568
-0.0670418256933949
-0.6049821934612825
-0.18266651542219337
-0.03869339482944645
0.16331654527471928
-0.02051672207639421
0.33619711521517903
0.24058661724172126
0.24758089325735783
0.09005177194090469
0.18162064165839142
0.039817404136667234
0.23442860412129085
-0.08343752593600129
0.05791204329071764
0.03666515320890523
-0.05040526183370919
0.21677033779026195
0.33797418565809034
0.24119174733135373
0.4216013248142841
0.07101568460550567
0.16263534004208158
0.42893786952988344
0.2922117172772802
0.245866383883725
0.36973017517072165
0.14833097440261384
0.356686313083792
0.2728562724199729
0.12856954267768678
0.2221385482055665
-0.016965320757919233
0.33110427125530684
0.3158331500481834
0.1761825909852776
0.32960116405570195
-0.16839207525013622
-3.0239823306808122
0.052851574080978514
0.2762755705425387
0.38602323455053744
-0.16586613197618538
0.26094601702159376
0.3506029925075001
0.3110410177980625
0.026525010770675483
0.19725631431584773
0.24784009732193546
-0.162962342843046
0.45764594801870706
0.13238773228808742
0.3413583122171875
0.35479541605415643
-0.25746577898357703
0.27512767108345226
0.3719575034809475
0.37798744092992764
0.32232366794095757
0.30821056382148276
0.2930233881034785
0.4752302228103635
0.47843740462947554
0.21997151649110686
-0.08582728730234757
0.004686665860259398
0.006190814315164106
0.40883172989357125
0.22054981020436354
0.45175391934279935
0.3080186521945598
-0.05901264691952013
-0.07120503550769874
0.4557283666590323
0.3940028777139044
0.14821515271280777
0.38389448174844104
0.1813209828017689
-0.12201869838008739
0.4301649787029699
-0.03406506757188055
0.2756396233587823
0.08840969074875304
0.3729050304196724
0.3707915025753735
0.3174934587526037
-0.11164058400423238
0.08219121828522069
0.20752738191444237
0.13455239248723078
0.010966345378960185
-0.4845456984302233
0.05907007839945694
0.13055172776493118
0.182717807219614
0.3046692050299189
0.4582878266940378
0.001137294363876995
0.11143648468442219
0.36813414022480806
0.2711361517148694
0.20418272366160012
0.15228937425671074
0.346135197622891
0.09661037730945726
0.19211700904781104
0.42991200940758517
0.27336893644225735
0.17645580418555312
0.32715792254418163
0.39880366240132914
0.31995938075844566
0.19006156371341648
-0.000747055487413828
0.34781634334321976
0.4053945881928622
0.420639366443597
0.28715903650108987
0.23658043733443712
0.30933135848917026
0.32888040242839
0.06484031711469562
0.29939491635455384
0.1587876804922546
0.11176207550920109
0.3582574393148711
0.08751516599943593
0.24959800885885208
-0.6927571859617487
-0.5650301706164815
0.33816649395663523
0.18900341273947902
-0.016491351264822818
0.061361818182316175
0.16781735662370173
0.04310582690659481
-0.42884303670728885
0.10640727770023811
0.23757886986536753
0.2941981228668623
0.14797165932484935
0.2583607115881457
-1.7131091318969953
0.4209073444553044
0.07794794161728041
-0.7219345679970777
0.019088814510031693
0.3596825398316785
0.0038883864617322295
0.3521941418327992
-0.4562026101031227
0.36378175481716013
0.2801101880162029
-0.27495584915318716
0.44622635418498174
0.4921858651945043
0.3496139186912556
0.22977055200469243
0.40054533779260093
0.4019145856809078
0.10770174772575186
0.41564938271381097
-0.05325987330533766
0.0427542891890042
-0.06656691545135984
0.3219467737813093
0.14463394863137186
0.02164646930696723
0.1424519815254977
0.1451126332262015
0.3580302764754022
0.2131950016914696
0.21507368023943285
0.2439704318213055
0.07321821070041212
-1.5242872683926163
0.28784331895226195
-0.027386840000623525
0.22165671626605427
0.15502068499801763
0.2379695553025452
0.27289672785915
0.09564732716547947
0.16600317169959394
0.2045037204653633
0.27892722924740676
0.2929019744092286
0.15178117357795823
0.3308368614870827
0.3445148066996903
0.04574702474326098
0.10086073822865771
0.3274918799308669
0.3254948841158491
0.25345585897535894
0.4160592273310476
0.12653066002706959
0.2801009729483523
0.39401154096919705
0.23273514785427984
0.4165919762672811
0.24988526881793427
0.40031717445607895
0.2508970854446366
0.3239059922803349
0.24733202947622102
0.39844498654369753
0.1286353667415775
0.44905230839936017
0.331473748089414
0.14217898284040842
0.3808528445548016
0.19186469178111965
0.36550890255806523
0.03834521988766948
-0.14775554200924634
0.3634651858320108
0.2004187633788041
-0.0343738110995766
0.07945235507052112
-0.35671228961501333
0.26750343989463277
0.4786423763789684
0.4343163977284562
0.3365639233657294
0.35694031111566016
0.018681490184592087
0.09325276898044027
0.36323424306787044
0.2594845356306319
0.10265061719918922
-0.024390072748782687
0.4231739655087595
0.05153978254913999
-0.26456122257109915
-0.040464540241023306
0.21449627409979655
0.30737943536658574
-2.38306940141652
0.4351667727900693
-0.16174401297096108
0.27699094936312463
0.24545591221185709
0.18030686652325528
0.37063534681130395
0.2033720191603114
0.3814705730412606
0.3236494428067286
0.034206498429588006
0.34776317261940337
0.0843676188178169
0.022917812929096892
0.13724211190922525
0.22428749278897403
0.4277005440469775
-0.24876014723051199
0.38562833211422515
0.1332498774423096
0.24277769298274576
0.3619338727291971
0.20874718750605858
0.2911817719929597
0.04043192684557173
0.34407059726668304
0.20686955430704995
0.34113306112969277
0.258729709911972
0.16233756921997655
0.22697777267483354
0.47484360322779656
0.4509129611374825
0.1466524658450632
0.35325413510071496
-0.5669666482004068
0.2698301196936527
0.21695827484465718
0.38650961414121787
-0.5880507643871324
0.3874075647071624
0.053986317235328485
0.2369632799340271
-0.33283345237035156
0.14418283912224372
0.0896538517657336
0.20901311360530772
-0.048518160919264086
0.3879158059643082
0.38155530364964013
0.12196175571874412
0.15588881755107759
0.10929543452125601
0.23960376891835422
0.24328084548867368
0.3530164950707636
0.22901528594848558
0.3648038812253573
0.26008998992182386
0.16128926428495322
-0.09717572261420349
0.18759212537049058
0.4266376078380126
-0.10864350214851515
0.4787071318282059
0.14240016505562425
0.32162236385063303
-0.3631174584535132
0.027709458266518605
0.05953972604028196
0.020138361941741068
0.4387947199410193
0.39555042430665016
0.14724900612705777
0.36020066496237135
0.3640116203195168
0.3300236125807247
-0.10774551871511528
-0.20251378811177
-1.1483841152105907
-0.27126451337245583
0.3946922749683698
0.4092962561708213
0.30746072832945515
0.2807251044298753
0.03642580648330529
0.248701459487077
0.2891161821826461
0.2573999102406691
0.36622120365808497
-0.0011171874335257348
0.28312681903461207
0.060387078761134416
-0.09256695061443454
0.43615272276098915
0.3847044812017097
0.13734320209973028
0.30598347424621003
-0.591497784262005
0.29599499624384346
-0.20758521649372796
0.14684220927214314
0.3558199441783605
-0.3609544454114123
0.3121523997819677
-0.3354746406541972
0.0710391301298533
-0.10967327495198331
0.2504300244168921
0.3884548690722148
0.039687160423583556
0.3348853028360244
0.36201845369558594
-1.1705513165338173
0.21167230921271257
0.3642727095770107
0.21195788704751928
0.11655377872795242
0.45382365668378843
0.36792693881862354
0.11999200217733486
0.02906117661576807
0.4340688028352267
0.4687681814984319
0.38080898627687954
-0.019889206273523308
0.3286918311414624
0.05312837339284926
-0.48127081634124025
0.11519414865190691
0.20329901339638784
0.4415760859758627
-0.2946290035895116
0.4002447778304491
0.3307588051357002
0.008783169870853258
0.32846644739153824
0.3751461354211595
0.37858289515098226
0.3582170166670787
-0.04424481745385289
0.20713547415049055
0.16077356884290023
0.04760167471786775
0.36305013366668365
0.15813797499987514
-0.03725892331866398
0.3124674486611484
-0.3146946005054905
0.2924379161165561
0.19722016834637457
-0.04338653226052891
0.4564890864635633
0.24779581308119875
0.3756732952556747
0.33445053865751123
0.3188573584657668
0.29399859989705335
-0.11035612302188291
-0.44331342554288555
0.2330797504583793
0.1443404559003157
-0.563331165306264
0.2940196608823652
0.1152162304155071
0.36841589651314377
0.24228133419362263
0.361057536643545
0.18471212619804883
-0.3928916794382844
0.1938175851862956
-0.40052318650767327
0.13596337237146844
0.13628234393915173
0.3310539525376226
-0.08460516280987451
0.4210215807403343
0.27251044408412217
0.24017262527832545
-0.27701445190405805
0.3523987101671572
0.4378228355909951
0.04244416322484601
0.29614901715835784
0.227783960288023
0.3416232872236221
-0.16467453160956824
0.023946943902380335
-0.783388864726033
0.023144738242016905
0.24888537837145608
0.0985592665227834
0.26167640698411965
-0.2595065511097232
-1.3604152148863833
0.41012008073895695
0.1686173098170219
0.19025180035251976
0.283538597804115
0.3308597941160773
0.05464041427738897
0.3330543860012506
0.3752808343503031
0.18624256555969243
0.228220844353011
-0.24056116682264983
0.45690985634480613
0.2635615801190202
0.35968980589446486
0.33090408268017213
0.34399057628594465
0.26942519480311666
0.10988382403853064
0.35025495982507293
0.21300442370410555
0.272338658132936
0.2323604470990161
0.31653302759573165
0.20457242416332172
0.34569551082545014
0.23525453047282457
0.18614039825025203
0.34680568755213814
0.3186834893410171
0.3100212660745728
0.4670102410240943
0.1504324685027993
0.3411968879664994
0.1761516921020544
0.23328095609452804
-0.4197387944099009
0.2620198414365544
0.46171339267807243
0.15307997775118776
0.18514010528777275
-0.023385619218604048
-0.004701171466228504
0.2068286085590223
0.22921496532992236
-0.20665208464635554
0.029906349975303115
0.2556060581123957
-0.29534306373239294
0.1673480107569495
0.22870898868402578
0.1112985263560457
0.2488966621633112
0.25503921464404056
-0.16701184207995812
0.3338636925913341
0.10606164312827082
-0.009408291410335057
-0.008556241928277086
0.27021767782937345
0.05507588765562854
-0.31482695437607777
0.2198883104193355
0.031228830748203373
0.32693772249175435
0.20223942654429972
0.04268872325267076
0.3391864514953711
0.11784223758154622
-0.5947123063805058
0.16338676897433918
0.21661186847844188
-0.06451357843728944
-1.2964207718381868
0.2808635224547237
0.30490855700020714
0.2646861443886721
0.3806238900612239
-0.22613701142831477
-0.7796142658383567
-0.7319473898696554
0.14813299448538225
0.1974185333046129
0.22646342466788183
0.025431774231946813
0.15629329047429802
-0.12899166904962434
0.2934833837550914
0.19919274277528765
-0.07661976477907728
0.4202686396353397
0.4070529871725357
0.30268536057371265
0.18237032382708024
0.4188015681418019
0.08889514157006206
0.358311233420764
0.3572286028810753
0.07530286701831762
-12.324479571820019
-0.09166093438183398
0.09058924089030324
0.10833161737506547
0.3489921633806509
0.2839776535594655
0.42832836350166226
0.20234051227455124
0.2552609355871879
0.18238871710107968
0.22087758791619028
0.31714617105598
0.32861446149959134
0.36249708098405287
-0.020196389981090745
0.3172277728062164
0.20285785043409915
0.3335580053562881
0.2206183771882797
0.3659844299504191
0.21488227289711215
0.3086055788750298
0.2178447184064714
0.2002342943894314
0.3208037257261356
0.20680572220863486
0.22438643231179106
0.18266958571980052
0.26549457871325527
0.287390096859512
0.338471254892004
0.3067010117573824
0.10735031144712914
0.210812915124011
0.2347454709470378
0.2520409073067616
0.2497020468764804
0.26710802376700304
0.33172420077494247
0.16694886505135598
0.14295076324166855
0.19720379795586135
0.19809233871488657
0.2746845235214388
0.24398907330604186
0.1180551248231777
0.10305903635727481
0.23586962781407322
0.30833838135074876
0.1849683202198008
0.25351154701894996
0.34832417445003533
0.21138884781373857
0.1365400021825271
-0.0076857428226418945
0.3032715276041873
0.24481160261727763
0.262792382998503
0.26941199386953263
0.2151984252117909
0.1967486339556963
0.32822278488747947
0.3448952759000742
0.15093535166339683
0.08758664249426357
0.269523827265864
0.22310370076507174
0.26820734690408427
0.1525841506312599
0.2749977248094353
0.029156661038186094
0.34709197025279614
0.2297436575513357
0.22718598764401632
0.20808903862133132
0.27502547979653713
0.202486739962898
0.25169743696724256
0.2882904102031517
-0.09113667211768262
0.2046156105200469
0.30617543271956493
0.2839425181232934
0.2730123001419714
0.08393322851294194
0.41844235218274645
0.21054228629011562
0.22199821158085037
0.21238157111100686
0.03417775340000767
0.2383221449141374
0.26911967197513464
0.14961494242545903
0.1886372504270742
0.3267283742646654
0.2823275500180945
0.2302504694513134
0.25602194568504877
0.32181290778922067
0.30621925517247983
0.2949057620586372
0.16600462962952434
0.2685585201432513
0.03795466018104943
0.1785816020035036
0.12146410434723887
0.2921074502403441
0.2735422714232939
-0.32359733465872065
0.28542259889164945
0.4066832502156606
0.20401883919862956
-0.05843151179490946
0.23111275128411374
0.2922122456804461
0.14597118808109477
0.2840829136844645
0.08981345106454414
0.1728606579619581
0.1908039975810692
-0.010098735826155614
0.04848332872473149
0.08166454927214073
0.3006146529996324
0.20194563147629302
0.4256633623044511
0.2091463216069554
0.09562524132267802
0.16088046058779243
0.1720086987507934
0.23068882049935963
0.30534109511291324
0.3283138283962375
0.0649494331260333
0.08689244604727964
0.29012235732343616
0.2725636287025467
0.3239877076520749
0.1364354640575074
0.13881886551971867
0.2872900636286281
0.14922116040051836
0.3036433864095541
0.2105140619601169
0.25782377583056854
0.15169527211857747
0.31092547903079215
0.12414398293265622
0.2214679455525687
0.3170246937382506
0.1109445596658406
0.2819264717614245
-0.003255339375004329
0.2894962872097034
-0.08986236854373408
0.33054575262210556
0.18125464065696795
0.23526171488907843
0.25403424826867155
0.2251124203433006
0.07139312239714296
0.02142856198694104
0.18191433014002
0.1279631010059536
0.23510319709539435
-0.06482854492614798
0.07875754453156758
0.16607864170792813
0.2398513705374028
0.28018749785566177
0.22301500429048876
0.0006198621420585027
0.03258006415777165
0.1915978308236514
0.2468918422999941
0.3180982786993237
0.22708948803827422
0.18267411419477675
0.246050212472669
-0.03131544453554025
-0.19272142035274398
0.1244684060134088
0.047609824767331776
0.15074399709109476
0.1639399478401809
0.21347886694404267
0.2786966871658117
0.2730068579673547
0.29659293995927904
0.040415552383449904
0.21853943020676103
0.3521275852572958
0.11498637082911028
0.1019373811828373
0.3481970733141876
0.29718291627874793
0.25811321837159706
0.18805399790012117
0.26681061913184934
0.3252924689545549
0.11960496063862802
0.20613757468050387
0.24386152705294872
0.20216821120293593
0.22175801330627293
0.10915852471815474
0.0809902847241396
0.10004246043975679
0.27131166420552155
0.29661461400533495
0.08826464215816099
0.22176631322233364
-0.27452447175408945
-0.9616747275265836
0.08651259369447034
0.32906883055972935
0.19045035619721806
0.20791365778035847
0.21495200178339685
0.17367282673768802
0.012753777430486835
0.11664939900022359
-0.46708914763926057
0.15492757743151442
0.029258523104316425
0.22714152151520484
0.2176413679156971
0.06954519649742097
0.13740605817562462
-0.01928704073689791
0.08265370554488621
0.2501622738107514
0.03209842109592265
0.12789025990144232
0.3011248035133275
0.3662258606187363
-1.384951340189204
-0.1702460960199792
0.16185254836827562
0.2919810857682747
0.1833631450892494
0.22731388605610764
0.09439461966494278
-0.18583839513862854
0.11783704952638313
0.09062277772952954
0.28649412404796526
0.30541208532184805
0.34029322119946426
0.2488393577737536
-0.10313070764824828
0.23801429398087198
0.10484437734908952
-0.05565648275524371
-0.5609683334180089
0.1885793990644561
0.39371971733642497
-0.011565185087974106
0.14208725585507176
0.05876135145134814
0.2806530528857773
0.2680144811603735
0.13445452759624493
-0.05293527997847103
0.21027569411167474
-0.2702775024594968
0.14617200368984146
0.2179296226281579
0.23839059675130003
0.3887989619174184
0.2812469908359786
0.1011501989446954
0.1536245142406274
0.07621205540824622
0.28133217883232364
0.3022101155839655
0.35375867739136113
0.321044065869421
0.15618814903155664
0.3166457828222234
0.17159161377323262
0.3042644359376704
0.2693976801733865
0.01511870349487432
0.31686917831932737
0.15044509112063026
0.3219254349179128
0.15598620283498815
0.3716210751506918
0.1093657735842336
0.29147813885894425
0.281673732717319
0.26797382243252077
0.24162568613559127
0.29858068566346946
0.08051471599268872
0.00624696519853396
0.19399041926390959
0.03205338656961898
0.3934385573446729
0.15873432831437778
0.23919300491023882
0.289160998659321
0.25708508945986897
0.1467578237017208
0.294603218746007
0.17198184098146824
0.22138633212642023
0.19000362819547595
0.25620717084186884
0.21931820053226436
-0.18082536677570182
0.14809814705990632
0.18072106498173934
0.32269117365233324
0.025697186357731716
0.05381259877129724
-0.03368707187394637
-0.06205090738262509
0.3616044942370774
0.31304260547736196
0.17896674427011744
-0.03023189563893902
-0.24036763200899214
0.1567322733145155
0.20929072847688418
0.36172813371219226
0.10945170450639108
0.3367221114642608
0.3166132354053534
0.13136108360559007
0.3189241847003188
0.06578011181122612
0.16167481519868604
-0.054353286501545583
0.23645869750421455
0.18807427790666897
-0.1261422601146881
0.3011101805808759
0.11893945629074631
0.3099850483388264
0.23845119077785504
0.286345341743631
-0.019276753665010693
-0.018651977910736472
0.39913789357097396
0.3683362870552171
-1.261849296586458
0.16358312076826975
0.2678739142693776
0.20585255412302172
0.11395705610502832
0.30076869893201474
-0.06738425294670725
0.39228620725242896
0.4696573706598138
0.38135818051004144
-0.0627245638838132
0.25245815913458736
0.3134965930721845
0.35820171131179773
0.40918132462721113
0.18257060218067145
0.2917774878978025
-0.5658804810395575
-0.4036659912687567
0.24473467396838694
0.20070806861898738
0.13827202305334724
0.16151158800475696
0.27204523272328235
0.25024599161190786
0.08703091464533447
-0.0024630372656471167
0.037139474416327145
0.23100116670351184
-0.3128946549936258
-0.30084751121661957
0.22717675100201046
0.004941424354367063
0.20330024367899097
0.2553282349772854
0.3904320306741682
0.1077822319344855
0.2299766137085117
-0.04783244050450719
0.31508355767533686
-0.34226997518255986
0.04167362886049347
0.0005797822521112495
0.1821990637441584
-0.1388287993725298
-0.1148064869260581
0.02758967776808713
0.25569213859220885
0.25132530306088796
-0.1147892402392866
0.3671173934903045
-0.12628213515418907
0.30319868931046445
0.29978109796637475
-0.0038273248840553498
0.05866693767933523
0.24399408943466483
0.30193282026460494
0.34014295727761656
-0.2796944386374679
0.3772026704661048
0.2693040063340982
0.32824202131593616
-0.14330134349668344
0.14043662665779721
0.00565931068734965
0.0234475960601071
0.0678790041377107
0.20811434382209526
0.10393411340525988
0.3016035707373845
0.3485646772228948
0.29343164299970076
0.32286037578937743
0.08218978537729338
0.16664468750788736
0.19438211350593926
0.059979991634124874
0.34450063134316083
0.011729236383555774
0.021034907278490333
0.2061352625374785
0.09639707029045913
-1.568907000230153
0.2204339579318736
0.19475132999010114
0.3048269384035771
-0.34737265276380724
0.1402023407427802
0.1881084529147109
0.32539800783739514
0.32549864984453686
0.3402504015864608
-0.8050323626418951
-0.03403358972899817
0.10752315688113895
