1.3834558097936418
0.32438553462651193
1.2001144671399528
0.8425186802111234
-0.6458755264636302
-0.4467245841439619
0.4686543816192767
-0.738946239685824
0.050681865461420575
-0.4384908576049321
0.10836265461648202
-0.5428776478763556
-0.1353011394563372
0.10776414406034815
-0.007631517485918028
-0.04838259262694931
-0.12784420244617917
-0.6560105077020375
-0.6510384669738959
0.961135307792329
-0.10886946840529042
0.21684999781555528
0.175855978626019
0.1778148646987779
0.08645903861209417
-0.02127878796345259
-0.2104693420000122
-0.2509687966314546
-0.18872966289854384
-0.16982145801126294
0.043590006930272034
-0.5042238927541108
0.17925863972667272
-0.07454496717661045
-0.2427671553650617
-0.2738525611470247
0.6576291104016031
0.24514206029673796
0.17980864588316228
1.1016369290895276
-0.29720076331578466
-0.3130500758104459
-0.3024189799734808
-0.23619693240169595
-0.6934889910131389
-0.16501550625362665
0.17908329051045674
-0.12964264811979184
