1.4619536198547212
0.6250933138629499
0.9200088721204709
0.8123364727537884
-0.988900280431062
-0.1606355370364026
0.6027186471244695
-1.2049809241365816
0.24098490144479454
-0.6025989326532049
0.1674371610794366
-0.39706532097992253
0.14371012100315192
0.38803923041129973
0.18809534178385148
0.12165627890874293
-0.6577803232995099
0.20712521644292048
-0.3438332558636445
0.06958810714689923
-0.04140422814263588
-0.3835961695035665
0.3291973403928897
0.2498598699637195
0.0947774562934116
0.19587099763001295
-0.24314885817999526
0.10955432162506147
-0.4261048033271349
-0.00754847652525514
0.11909848938927446
0.37946326671245806
-0.2553254842676324
-0.2862859987873158
-0.2540408090283524
-0.2186096836890435
0.6054700639433994
0.5039224645147072
0.08210208770288055
1.186275167673027
0.5631342504221056
0.4631378434415485
0.7510131839276727
0.2261000201785955
0.5921404322729897
-0.296199196825271
0.24180583687016277
0.38056243172051285
