1.3361329430411535
0.7794995756751087
0.8479973423460235
0.8114980598539404
-0.9745188006381018
-0.02712098424302354
0.7966927195388889
-1.1766609792480331
0.36336467641619075
-0.6530814838207113
0.24862140965768043
-0.2579787808334196
0.12010464137716798
0.4228616988825498
0.21108889725328198
0.2188946078622172
-0.7181533796298311
0.1699812358365504
-0.06833007118540813
0.10599442913285337
-0.2734490200380561
-0.3426867092537003
0.21111582739766277
0.06828140779670058
0.006121929510788295
0.1476268319204245
-0.041860302078608566
0.10735264292155101
-0.7250949174763155
-0.1593516851557122
0.22473689925571755
0.025455389603877762
-0.15314442612563609
-0.1517749737750086
-0.39649525544870057
-0.2693501754863908
0.7590249014227486
0.5348769066841897
0.269867953222381
1.046565522724603
0.7207212847514598
0.3526079042350859
0.5268480449033972
0.10895958154550499
0.4457942791073797
-0.09055597216612056
0.27186697129506104
0.14135305641059528
