0.04255194358727795
0.6558710175697519
0.9574747197842105
0.9145193215937765
-0.6623903653864652
-0.2027368882081478
0.13961150078986587
0.49378333230238003
-0.36470253034580086
-0.4503687423621276
0.1841645185556629
0.3033167483666178
0.2473344490342538
0.6259864799450298
0.5753783551834672
-0.13831867689685595
-0.11201650200911054
-0.33419774307271044
-0.5530446630933212
1.133680737317603
-0.24176981677596082
-0.06923162002962471
0.08062348459870894
0.5814801228506672
0.05955629745615275
0.30160027438559855
0.4358160827974939
0.145441794178082
0.5488246894685861
-1.2802255803318234
0.06839393500222501
-0.0672794542107023
0.3880390407367415
0.2848531953716826
-0.23780853025144397
-0.4492987664534892
0.3938577559026218
-0.3015702586384705
0.30520164043664544
0.8679253250910883
0.4177556924935279
0.9388591659437894
0.9503858941094708
-0.36164277324790134
0.12236418468602626
0.24639818223739404
-0.09634135515258756
-0.010444645371714172
