0.01413102275307512
0.015826607844385287
0.020797245136914343
0.020599309789866755
0.023820106076554645
0.026017152320608875
0.0268126152364669
0.028065574074538704
0.02963162766150989
0.03260231054504952
0.035697609655480765
0.039192110576135086
0.04324237635492613
0.04772716629914822
0.0525974960995579
0.05773089303829229
0.06272752466091445
0.06771693191939317
0.07300988131734328
0.07893071546744301
0.08524126709237201
0.0918758807342431
0.09869965183633041
0.10521777593054239
0.11114737090242398
0.11659983855682972
0.12130404677023598
0.12575138479054587
0.1302906592016618
0.13423405591325488
0.13870846499454964
0.14294989466378086
0.14736353013986375
0.15225689473075066
0.15716920694389758
0.16213983486181058
0.16695452435166208
0.17178267972434147
0.17595978637901658
0.17993183509964722
0.1844696175424441
0.18888374883846265
0.1933110272233288
0.19847746350725792
0.20409599787387153
0.20978262904301553
0.21486703020596806
0.21981330593978424
0.22555304968620826
0.23205710964261184
0.23767436046307594
0.24258821518549967
0.24678327027729915
0.2512617339298513
0.2560750876308315
0.26036687453729673
0.2655850443046574
0.2698099989801971
0.2737451850977254
0.2769535156699923
0.2793747204868392
0.2820236189227396
0.28483789793926995
0.2869788078934035
0.28842054698212555
0.2894095292134662
0.29007437495699784
0.29074560878220673
0.29171094589009217
0.2916950573820563
0.29267238478533864
0.2934303472303439
0.2960663305663516
0.29757865486705654
0.29947548560350756
0.30082167944740357
0.3015257493618061
0.3023835143026842
0.3029780580359328
0.3036151160586724
0.30426378997785825
0.30502530315997906
0.30582225679841984
0.3067511843517247
0.3080105541872639
0.3092182120566582
0.31034212921198334
0.31112627707747276
0.3116968627972589
0.3124816748682055
0.31310250379687754
0.31383386775530747
0.3146128755337367
0.3150834589765467
0.31552038099502533
0.3158820589228197
0.3166708637069914
0.3175613395354849
0.31668282678062737
0.315747800267876
0.3150407194801281
0.31432652248646425
0.3141952230390892
0.31418442159271187
0.31522735455450224
0.3151951305052326
0.31558213298681215
0.3164239209919455
0.3176071122964763
0.31898384224844606
0.31964652018912004
0.3203995905650106
0.32162700633701036
0.3226819642661691
0.32375538118298813
0.3253611691446606
0.32678071143969767
0.3282914142864586
0.3294705067933241
0.33083879115051174
0.3322759313611641
0.33376283688177744
0.3349624174482484
0.33566996747205124
0.3360021284566942
0.3365421552222729
0.3364711680921374
0.33617403626948555
0.33567913084823536
0.3351717474006277
0.3349519576334429
0.3350056900948878
0.33412385090835417
0.33352344209083856
0.33292797937987073
0.3326808627420192
0.3330522706452053
0.33398759855040183
0.33514422441047076
0.3367174464769663
0.3375865807603744
0.33815098790974657
0.3392348888934864
0.34038435008584333
0.3415305124454452
0.34301557193270943
0.3440938812587476
0.3448453397775883
0.34554796533282733
0.3462724620374904
0.3470885765324723
0.34813821955675434
0.3488246406613496
0.3496251784864627
0.35066608614476746
0.35166126347658444
0.3527674220058454
0.35447100363363426
0.35634495200734484
0.3584008689393028
0.3601074796209671
0.3618738306135692
0.36324734082880217
0.36387595164692865
0.36454891520900856
0.3659715958252538
0.3672103737599796
0.3684764013147675
0.3701464336325022
0.37156638579950213
0.37306289098491774
0.37454626356567117
0.375466044213433
0.37607909425117075
0.3771094744055594
0.3780757670647463
0.378781007492191
0.379230125454105
0.3791976416876661
0.3789378391509328
0.379253149842215
0.3796943243881562
0.37998911611502517
0.38012779638120275
0.3801911726899199
0.37928070373256695
0.37851755262647674
0.37793256436683853
0.3777241461927621
0.3777481020060071
0.378734497681438
0.37957921692957386
0.37954321534133934
0.3797398654696392
0.38055205436821843
0.38207675524662327
0.3840707869143818
0.3878234895424229
0.39042317072826727
0.39267660065639715
0.3944326219205372
0.3956156377755621
0.39695088601707124
0.39833620773664496
0.39927134891174004
0.4018380225105164
0.40454123313210627
0.40690335298567004
0.4104253168157947
0.41322806085578384
0.41597077232916185
0.4192333208909874
0.42406485420297485
0.4284264883467119
0.4323009478999316
0.434806248597889
0.4368671108969342
0.43856192987388926
0.4401265392656129
0.4414254156664712
0.4426722171063342
0.4435940549607697
0.44451367573476813
0.44498478576673317
0.4444199991897417
0.44401787870649573
0.44438994530633774
0.44466798613901265
0.4451767818006069
0.4457283989580104
0.4464663919500727
0.4471039183004994
0.4478344733689304
0.44845317476869534
0.44838302512742995
0.448684772684628
0.4492922834737231
0.4499653772848302
0.45057796660586624
0.451257847683212
0.4519061257133098
0.4527405926402832
0.4538271901242664
0.45505332703230184
0.45583146421321186
0.45627315634690063
0.45691306873662074
0.4574615408262513
0.458055195220747
0.4590511391145471
0.46075464808749855
0.4623397811466178
0.46370867687378503
0.46532732872832816
0.46898596811010357
0.47205328999801743
0.47479675672615895
0.4774360453292219
0.4799610228500012
0.48238306025823025
0.48478461735600564
0.4867156861678188
0.4879050670815805
0.4890042337832593
0.490089376459424
0.4911900008853662
0.49203946555758155
0.49246839572112133
0.49291689704253633
0.4939027450237096
0.494825668834054
0.4950998252499462
0.49535025554180845
0.4954789885355626
0.49507616657857917
0.4945760797874096
0.4944306036015642
0.49478621105811127
0.49538462271024536
0.49611234239198615
0.4974690115081577
0.49844993222980394
0.4995467097152676
0.5005372907841565
0.5015567300845905
0.5023264282098548
0.5030232394754451
0.503367673805182
0.5035854911037334
0.5059805605537252
0.5083101088875559
0.511779156841101
0.5148612255322591
0.5176796550484263
0.5204278939589778
0.5231486819422039
0.5252694991026527
0.5271752748005781
0.5295915070197521
0.531780646113889
0.5334640398984465
0.5347814170832729
0.5358864917647637
0.5366022138062118
0.5386661742512315
0.5404493625633463
0.5420870019924576
0.5430857442567198
0.5443658356946631
0.5419300464554377
0.5395657477010342
0.5375050168847316
0.5359187293777017
0.5348352812881617
0.5338963234196005
0.5332036135024633
0.5328228554349698
0.5334704485272106
0.5339592923312301
0.5343117611835443
0.5341186758425391
0.5340681637731657
0.5341625461066012
0.534304881365439
0.5347384310555892
0.5349578999914846
0.5349847508639501
0.5350327809396753
0.534449478605829
0.5338560083828346
0.5333743052321819
0.5329013241422994
0.5320506689869938
0.5309556906352194
0.5298422700187922
0.5286456684684031
0.5277093353428965
0.5270057793647854
0.5259980983648412
0.5279335665541626
0.5299228706755554
0.5318770391989628
0.5337148784657536
0.5303833585348973
0.5272641680723646
0.5245013670973165
0.5222336522255405
0.5200893130654621
0.5182265674596962
0.5180148419535499
0.5176121400242477
0.5170703354523281
0.5161968089647462
0.5154535720726144
0.5146581847032563
0.5138093326721387
0.5137598345708456
0.5137137402780881
0.5135800711032119
0.5137386726271531
0.5146969589362806
0.516626123243452
0.5182984190964198
0.5200488499692731
0.5193697426608033
0.5184567663515202
0.5175723858828465
0.5170342673224322
0.5164338111769115
0.5156688936624801
0.5148186675305294
0.510450810655109
0.5064449707995
0.5028794363539341
0.49983636118680397
0.4970287202506179
0.49375834411853625
0.49069140459883204
0.48764561666203365
0.4848088533286484
0.48218288679294313
0.47952669288394073
0.4771638371398497
0.4755010852477434
0.474026648444968
0.47225077544937
0.47064567774872346
0.46947811565601094
0.4682877691776329
0.4672606652060187
0.46645294168100143
0.4657421332033293
0.46514116294971686
0.46583633282082826
0.46640061178955644
0.4667906984855928
0.4672339152324561
0.4679832939736843
0.46856595121059386
0.46902867260018816
0.4697976961967753
0.4705094171062835
0.47162066547552645
0.4725689277318416
0.47348199288439924
0.47386951000310007
0.47415133953034155
0.47426137376206917
0.474299927008102
0.4743118147249677
0.47438404878274065
0.4747074057496472
0.4757037959812513
0.47650685134344434
0.47712488808012543
0.477566908479285
0.47849846083208086
0.4789690084012247
0.4790954298123725
0.4791837320161718
0.4794105662944073
0.4796341626380214
0.47988546020672823
0.48012447698845356
0.48025349129864664
0.4804887549697965
0.4806314838509337
0.48069193992100656
0.48080898057486127
0.4797187371186238
0.4780762774642193
0.47662855999840337
0.4753246225933977
0.4779989375664248
0.4802050390590534
0.48195250913274224
0.4832740268366754
0.48441895693569265
0.4852696912805808
0.485953220527615
0.48654060398816085
0.48702781926120353
0.4874392961026401
0.48773754188256596
0.48787139065476376
0.48784446500111345
0.48807362945673205
0.48853876589326367
0.48884428376555084
0.4891583573221515
0.489494572052256
0.4897358574685882
0.48987761770352267
0.4898595709941083
0.48982207404115774
0.48971625103141686
0.48984837508723716
0.49010268242743676
0.49036789914578793
0.490665764808784
0.4908083197952556
0.49110349505742357
0.4911794661768651
0.491196236769767
0.49159714145582284
0.491935524693107
0.4922580383405425
0.4838773036241201
0.47676653766858057
0.4710345098819434
0.46611301094760876
0.46183293255143315
0.4581366498021158
0.45493024494218903
0.45212170696921333
0.449675570720943
0.44823650165000195
0.4469728313684058
0.44635361152533265
0.44578960595258804
0.44526560284264505
0.44480639539139094
0.44439169643642495
0.4440219260431806
0.4437030618271171
0.44340897728538226
0.44315659362326565
0.4429296687777861
0.4427129667817707
0.4425094357037845
0.4423295354546848
0.4421640122808559
0.4420221181999019
0.4418980706320753
0.44179027403068755
0.4417128873993492
0.44164087418606196
0.44157880368983266
0.4415355511998957
0.44149101467162793
0.44144418519696643
0.44141379978266976
0.4414037205702506
0.44138855953576467
0.4413685837802668
0.44137856400307385
0.44138905054780814
0.44139546745885083
0.44138662877510665
0.44138239984086125
0.4413750143986697
0.44139649282892396
0.4414198231651363
0.44144831714787014
0.44146939168365346
0.4414954452655591
0.44154020013904244
0.4415896516533539
0.44163402936161666
0.4416625778981847
0.441692445169601
0.4417150098814722
0.44173206245655927
0.4417772314523673
0.441822267744218
0.44187386869054274
0.4419480320292861
0.442028748948767
0.44209021611061233
0.4421344473715869
0.4421699638405901
0.44220888352791976
0.4422432811411235
0.44230608933685867
0.44235548593907137
0.44240316237017857
0.442455890236209
0.4425266184610327
0.44263321688286955
0.44274956022594913
0.44285861345779165
0.44297346818530264
0.44307955746905714
0.44316680616979465
0.4432375730711126
0.4432928462588399
0.44336305023235356
0.4434386039166232
0.4435000080729399
0.4435689455380627
0.4436050302936662
0.44363149038300986
0.4436617579082242
0.4436801903833417
0.44370252858186904
0.4437317120458673
0.4437638047696286
0.4438068597641024
0.4438625670399567
0.4439458907659778
0.4440294459537636
0.44411257843111973
0.4441922686606523
0.4442810160560212
0.44437534450315186
0.4444546773328179
0.4445146647706133
0.4445819647370358
0.444668393562126
0.44476619199024026
0.44486588294449125
0.4449641190862063
0.4450661557055271
0.4451493937086587
0.44525560071792564
0.44535502155279755
0.4454605605526011
0.44557059669928256
0.4456687333081071
0.445779660859497
0.44588463442987014
0.44608090571017917
0.44625060640773745
0.44639092795679636
0.44652621674322274
0.446666321518504
0.4467912293953965
0.4469289519954367
0.4470521440385613
0.44717045745228373
0.44730025274067514
0.4474160527393901
0.4475480986576917
0.4476753021096042
0.4477733325591491
0.4478733646479607
0.44795229826972505
0.4480592573555531
0.4481406909015401
0.44824558499623074
0.44833487953936685
0.4484194387348479
0.44851081575051327
0.44858803434297895
0.44864909993140184
0.44870281908125403
0.4487653160853911
0.448828696124665
0.44891218557407925
0.44897860027333375
0.44905030023680803
0.4490792172919132
0.44913846721705925
0.449186766541553
0.4492668470101871
0.4493644069869235
0.44947719175859074
0.44957184199187994
0.4496431725561098
0.44969856054232643
0.44966151928091974
0.4496357425423994
0.4496258263966322
0.44961021037921406
0.4495798511377577
0.4495689259426998
0.44955999379930517
0.44957624491862047
0.44959721277610043
0.449600018859738
0.449602100920129
0.44961984291551105
0.44966578048702105
0.44974727485727944
0.44984036951548506
0.4498998780227135
0.44994441446879585
0.4499548552202138
0.44996518616805226
0.44994309683270167
0.4499339633950817
0.4499152553356708
0.4499957890642192
0.4500530695502871
0.45009269627509035
0.45016277225585616
0.4502589197385974
0.45032225669711834
0.45040895740558445
0.4505374707042863
0.4506435720089114
0.4507987754651265
0.45091625456857115
0.4510268557584936
0.45111719007423445
0.45122128949208307
0.4513255881611291
0.45143275000989597
0.45150181899494257
0.4515802658788366
0.4516738345458101
0.4517611915785028
0.45183253833613674
0.4519227764347716
0.4519939632136166
0.45206046590602467
0.4521091408079279
0.45218315767655837
0.4522509381979236
0.4523351749613347
0.4524273467508589
0.45253648671429586
0.4526347351745844
0.452705601057961
0.45282436699925865
0.45291188609004035
0.4529814297292637
0.4529600944601401
0.45294691317187713
0.4529486924087873
0.45295504442172735
0.4529263801077373
0.45292527169588775
0.4529184866346169
0.4528939080017247
0.45292039426285785
0.4528819864634986
0.4528479365289342
0.45277468816825783
0.45272130159387314
0.45265546809946433
0.4526329231714523
0.4526283036186394
0.4526601175609068
0.4527077663196706
0.4527771626778156
0.4517478854400431
0.4508035743515337
0.4499345770862971
0.4491276159226822
0.4484295191293912
0.44783324449248657
0.44731766459535277
0.4468939246527015
0.4464488467864884
0.44617026644917435
0.44591041963258016
0.44567815253611487
0.4454368366037458
0.4455570601728075
0.44568522643037267
0.4456657788075401
0.4456203571463309
0.44561648884908805
0.4456212497128408
0.4457063874970336
0.44571521658224883
0.44581619351378826
0.44590921233634795
0.4460052289476797
0.44611048880778803
0.44622856177178244
0.44632916605053663
0.44631201381668506
0.4462792040114969
0.4462540236732355
0.44619743677328233
0.44609721281421255
0.44597624931663393
0.44585203625037617
0.4456218786343448
0.4453993821993257
0.44498505094978813
0.44540149378199495
0.4458679421651861
0.44631765722973943
0.4481247142704874
0.449774128749558
0.45124230799460047
0.45263017238716446
0.45394515708520433
0.455115116772419
0.45621170317879084
0.45709807913164313
0.4579079925662306
0.45863917441187124
0.45964097299549683
0.4606159499546111
0.4614877434652762
0.4623103059469626
0.4629924262255748
0.4636209216508245
0.4641736395341692
0.4647034751045425
0.46515870679761073
0.46559384343202587
0.46599807801641363
0.466402256018635
0.46670955966197797
0.4670284979861312
0.467322689531956
0.46761665799521007
0.4679352304071404
0.46821766752141714
0.46843893046622176
0.46857024414374604
0.46860487681419205
0.468674025488917
0.4687446353738042
0.4687405945435413
0.4687776896810189
0.46907943090980947
0.46929549032042445
0.46952971120326864
0.4697342394411846
0.46991739093683493
0.4700788235305574
0.4701928634381488
0.47031127036390163
0.4703490514433996
0.4704160895556567
0.47046348292945395
0.47053634451906357
0.4706621651372225
0.47062219420997436
0.47061656243851435
0.4706502694153834
0.4707066532649036
0.47082170912952015
0.47089147348828414
0.4709918110922574
0.4710920989599127
0.4712162303442403
0.47135741623251265
0.47084392566222355
0.47041418946055774
0.469943631781459
0.46934767904291613
0.4688104426880894
0.4683946122402462
0.46806549605582876
0.4680967617629165
0.46818037698223086
0.4678807458210176
0.4675740173024628
0.467291860201775
0.46700717185895646
0.46672676116389733
0.46645661810556005
0.46607596015356845
0.4656379778246358
0.4652451682631158
0.46485265270375936
0.46445096623325616
0.46393603879451534
0.4634836651915242
0.4630605351729474
0.46269250580577315
0.4624106444310908
0.4621021704709806
0.46177800626049276
0.46103253245459874
0.46024934562287134
0.4595949496642139
0.45908052652370146
0.45783293003886777
0.4566912068337261
0.4556549407229301
0.4547892293469494
0.45409806375475076
0.45349138085007595
0.4529838629843542
0.4524302060375357
0.451879846543139
0.45140123291859774
0.451046793805822
0.4507803822014869
0.45058239094020985
0.45031435732121505
0.45010076217639733
0.44998084407356725
0.45029301763079954
0.45055656914730274
0.45050692332165726
0.4508599850259981
0.4512096435115432
0.45142172359729205
0.4515355559272668
0.45170792905105955
0.4515818552429732
0.4514719338543972
0.4513207588688188
0.45119845927554975
0.4510485212792215
0.4509935058802053
0.45094611316817285
0.4508904326153272
0.4509802080895759
0.4508997692280772
0.45083442898619125
0.4508485764607341
0.45099265853170073
0.45107713593200804
0.4511530844677523
0.45125648170219645
0.45142351739449926
0.45152291654218984
0.45185724512370046
0.4521935379918223
0.4524456457665212
0.45266800054697093
0.45290813861533485
0.4530127794437257
0.4529947679157312
0.453118558991843
0.45314737568953256
0.4531419207669333
0.4531521864229941
0.45301699452076793
0.4529718354858935
0.45319106928886604
0.45347223365466194
0.4536918375547846
0.4537857494592117
0.45380837642519717
0.45363660847002796
0.4535038807206474
0.45342661848981963
0.4541632629605849
0.45496183064691553
0.45572218690381056
0.45641273594496723
0.45702420737291516
0.457621174245408
0.4581435972454161
0.45865378457535017
0.4590595560829856
0.45951069557893914
0.4596676194388863
0.4598232249343066
0.45988606142457805
0.46001863028837914
0.46011382032245335
0.46029962347229864
0.46047347478904777
0.46060309470365496
0.46065722329783876
0.4604832043865681
0.46047118565244016
0.46055436023376545
0.4594549765218148
0.45846172968510207
0.4572789726700707
0.4559888699952613
0.45470346324860644
0.4534502359878933
0.45224993857763957
0.4511711475539142
0.45016002144981704
0.44914935954052315
0.4481934603554285
0.44747394399769147
0.4468151220048072
0.4462166513983194
0.4456707566453908
0.44524649848679554
0.4449368095341852
0.4446888658418358
0.44462669737504984
0.4446412643688515
0.4446727555769396
0.44473977768462253
0.4448407232232224
0.4449486555238592
0.4450662359098886
0.44527206920100226
0.445450257934007
0.4455127890323322
0.44560383521686125
0.44572116167347153
0.44574288338445106
0.4458983010225646
0.44603367383917486
0.44618650727951686
0.44632655624733747
0.44655168424298125
0.4469746146973148
0.44738480899580996
0.44777064028453534
0.4488372572801473
0.4498167996825775
0.4507389847932951
0.4515996006077037
0.4523935067825425
0.45323179428363963
0.4539680763354391
0.4546744974028015
0.4553141282269376
0.4560064589903574
0.45663314315206216
0.4572679735757266
0.45783747044687934
0.4583643204572909
0.45887230343426866
0.4595475609286482
0.46017477991955624
0.4606645001769935
0.46117508016420816
0.4616759552731485
0.4621195512221842
0.4625732030073364
0.4630304725246148
0.46352851111754817
0.4642549493185859
0.46489434806508445
0.465473394231724
0.46612212726821795
0.4666615029924973
0.4671345268617695
0.46766399082052235
0.4682171852018414
0.4687083412807515
0.46927679437386605
0.469691123640819
0.4700016395110495
0.4703152644594534
0.4706270390886
0.47096290545735436
0.47136286968955216
0.47167183194553897
0.47200151786354005
0.472280774468821
0.472524853793474
0.4728781848789105
0.47318148252024267
0.47345687063692793
0.47395536239262825
0.4745073709488655
0.4750278503930386
0.47580896196135397
0.47652855878379313
0.4771386350056785
0.47768519893324
0.47824159107681247
0.478648480901444
0.47897562670992977
0.4789173119400027
0.47935910821065353
0.4794920149428819
0.4795608192676088
0.4792564122985205
0.4789503824899907
0.4786463505415312
0.47830687258576426
0.47801903331695317
0.47772705295199863
0.4774950243789432
0.47733096911573397
0.4771746330315987
0.477052688557025
0.4772979713002806
0.47642113778847744
0.4756248876583607
0.4748809867610841
0.4741920268804322
0.4735952677035293
0.47304232272591556
0.472566969968716
0.472064790621145
0.4715487723867907
0.4711673666928953
0.4707109766038179
0.47031204377964025
0.4699903252449687
0.46959187450084294
0.4692016330944043
0.4688564188306054
0.46858545123688367
0.46829136330026316
0.46803148695031993
0.46784884293121487
0.46770744049945007
0.4674326666368051
0.4672777051713775
0.4671063579506067
0.46696133078375585
0.46685147959290835
0.46799988559979366
0.46899958894406507
0.46985961905977414
0.470627866336333
0.4712928817875296
0.47189185960438546
0.472403820577397
0.47288491599406435
0.4734459632397118
0.473951801660948
0.4744667891332863
0.4750629290956057
0.4756020475191766
0.47604681978377267
0.4764378123382695
0.47690455781663865
0.4774703629049238
0.47794473371147134
0.47842381280231927
0.4783850533844407
0.47832882909849656
0.47848241148338205
0.4786093721418153
0.47871937312454915
0.478842438830669
0.4788196086916139
0.4787809558507298
0.47874850840004846
0.4787953088193461
0.4787032355670724
0.4784886188551885
0.47818037685130554
0.47794243762716104
0.4777155025371806
0.47751040178880105
0.4773639295932085
0.47715152652067244
0.47691964628299444
0.4767023341449347
0.47641216929918184
0.47586849867982406
0.4753981661813414
0.4749121949560388
0.4743207102424026
0.4737398192473608
0.47331963814230044
0.47293942245279147
0.47242679455055986
0.4719525780525169
0.4712831772187304
0.47035226621320286
0.46963955631082216
0.46901067181743467
0.46855326916267553
0.46813571380573854
0.46759446263598464
0.4672243408923979
0.4668717088944963
0.46638379196375673
0.4659455222933463
0.4655381669332873
0.4653898473477951
0.4652382614767701
0.46500543126025656
0.4645869402257788
0.46413198234023134
0.4636902996586033
0.46328975843000375
0.46298093159546566
0.4626781274573862
0.4623734965818428
0.4620857233479359
0.4619600270068348
0.4616898588613802
0.46141631756752527
0.4613058219261584
0.461204405247507
0.4611416155788495
0.46085663905067736
0.46058794170019374
0.46055017959732064
0.4604872370849641
0.4603972785935308
0.46037262580867094
0.4603135922834252
0.4606543266220453
0.4610569330753939
0.46139484724702884
0.461789145699254
0.46212119169148846
0.4624659621632997
0.46275499230382483
0.4629854278813943
0.4632082746760095
0.4634096435595274
0.4636272674142395
0.46391192270486653
0.4641761656492829
0.46452846614119125
0.4648203780218208
0.4650578091423596
0.46531155239710775
0.46575703276876235
0.46633466464876666
0.4668163245052995
0.4673623421300204
0.4676961397093046
0.4688655149752251
0.4699223596190682
0.47124252808404776
0.4724925661085461
0.4736321236855794
0.47468799214911844
0.4756804874464469
0.47665612951100605
0.4774803701399902
0.47822551480392783
0.47882770315935363
0.47938317385076734
0.47986834263702244
0.4803559514568429
0.480754131713464
0.481110403857452
0.4815701037676354
0.4820048687109266
0.4822960104955487
0.4825485374841706
0.48279705198186834
0.4830065218153507
0.48312803598845966
0.4831304049709287
0.4831907486453147
0.48329742254438407
0.48339672924237187
0.48341129613640005
0.4833940994364522
0.4833992049653854
0.48309993265863255
0.48282707404693703
0.48252252327627065
0.48231134859660124
0.4820286170609847
0.481736679596444
0.48146810462869605
0.4812934031468651
0.4811816544204639
0.4810162549260221
0.48077677009703035
0.48057896228544683
0.48051077069576004
0.4805061900217482
0.4806940035957989
0.48076046697801905
0.48067029123911875
0.48052903279691467
0.48039764157211895
0.480262368499591
0.480153764041021
0.4801220269156181
0.4800790142938915
0.48216622639708034
0.4839673977212926
0.48546178827191855
0.48668424119288095
0.48773512375676836
0.48858945930481085
0.489317967014523
0.48986783369007086
0.4901202729136849
0.4907457941432706
0.4911891043311902
0.49159778138941423
0.49197574149941803
0.49217891944857134
0.49225485679762543
0.49231475687604676
0.4924036458585436
0.49241242992075396
0.4924103060632109
0.4923791497308139
0.49242212373890143
0.4923645908584714
0.4922692557494585
0.49219553057747867
0.49219438202462346
0.49218564152565125
0.4922863486750355
0.492414636269277
0.4925440199805083
0.49256901464968006
0.4928051991828852
0.49304009563539797
0.4932923495344699
0.49361223088638034
0.4938817927918387
0.4941614139309712
0.494483460462529
0.4947123827163638
0.4948374582003264
0.4947490243394943
0.4941660358671784
0.49366484750694417
0.4931231392516307
0.49263155311766715
0.4921790008898314
0.49174678441490227
0.49120784127761674
0.4908111977388484
0.49038723772292764
0.490041080864468
0.48973087086358896
0.48942915160893036
0.4894987095715224
0.4894473342982978
0.4896351682971087
0.4899185390811443
0.49033460315750427
0.4906409184248722
0.49093901731188816
0.4912375121447056
0.49152075090194225
0.49179889606252086
0.492073618132353
0.49235558585801203
0.4925246641692804
0.49276569234636114
0.49299248973703697
0.49323654833677877
0.4934387531187566
0.4936701341109707
0.49404660930240735
0.4943697068871342
0.4946750196217713
0.4949688388049921
0.49551062249474803
0.49603093302835116
0.4964837348092813
0.49687037526199895
0.4972719243349571
0.4976173350810128
0.4980077118231622
0.4984309939181652
0.49854534520936883
0.497402115355549
0.49667170185065984
0.4959477683657401
0.495369110034621
0.494968868425831
0.49466265420853556
0.4943867855990579
0.49417538226481866
0.49402439006384513
0.49375727780941725
0.4934972798876836
0.4933996458917559
0.49305676427234285
0.4925154944609076
0.49200836215946425
0.49166232709225066
0.49137655671556774
0.4912898177064816
0.4912081075691359
0.4911389050542265
0.49091515975228733
0.4906334820239126
0.49037423605392483
0.49016125359447743
0.4900822862219573
0.48997491079685856
0.48985338707216913
0.4900471972159205
0.48995665334416705
0.48964330957256413
0.489429158689222
0.4894038933670454
0.4893069498519029
0.4894318242783448
0.4897158990783186
0.4899347648324823
0.49009550372570454
0.49028278265462183
0.49052287619701773
0.49090187990719336
0.49146818167979356
0.4919809545092328
0.4924043650970977
0.49272762699624617
0.4932310866095304
0.49322705322200605
0.4932767529788759
0.4931608784259978
0.49300612956002404
0.4926218749805306
0.4932050663082815
0.49365080520843846
0.49423854899936015
0.4947578118414411
0.49535818901841755
0.49582819394704974
0.49620916326363435
0.49647528552179737
0.49649389099542957
0.4958711554864021
0.4953393347752214
0.49480326962822885
0.4943438968085962
0.49394298342930953
0.4935062842746219
0.4930528737932808
0.4926313712981208
0.49244676486871225
0.49218535929673657
0.49206840278311165
0.49161827233548155
0.49135512413723803
0.49102421437208005
0.4907837781752751
0.4903782817580655
0.4901142776753001
0.48971004378599053
0.4897955416949096
0.4903742426586021
0.4906971086428135
0.49097712647813163
0.4911772128444153
0.4914303038266802
0.49165400100132944
0.49220274215025467
0.4930174474899136
0.49367708195616344
0.49417378811272206
0.49455956856160366
0.494848082155382
0.49502305705619926
0.4952282147114742
0.4954829951034355
0.4957910499549985
0.49609556660173687
0.4965070280554989
0.4969103043030637
0.49694466102078233
0.49718412423907193
0.49750123173695204
0.49775929996589
0.49807024959425017
0.4983779840117405
0.4984458753988134
0.49846957743115383
0.49834676773624637
0.4982440682706399
0.4980817046083024
0.4979239607925512
0.49778109822425365
0.4975486370930579
0.49729974811972594
0.49709883753610323
0.4969497786986756
0.49814661291942663
0.4991113107911124
0.49996451990630497
0.5010326267523418
0.5019049391199274
0.5027480532271188
0.5038451857986267
0.505147367728812
0.508839290069402
0.5105889557620169
0.5120572525845765
0.5133132562409907
0.5143713468933706
0.515206581998255
0.5159022921312741
0.5165169567507021
0.5171043226728584
0.5176251229484126
0.5180705777433341
0.5184993889254556
0.5188991429488841
0.5192576158199966
0.5196637240896498
0.5200604091788763
0.5204858828293302
0.5208953826369599
0.521283456398804
0.5216575537996209
0.5227100986410804
0.5237324169938
0.5246514693154523
0.5255301388557087
0.5264069875448776
0.5271830934403989
0.5278265607863596
0.5284142422892087
0.5289800835259021
0.5294907804499416
0.5299928670126747
0.530425441989568
0.5308461222596026
0.5312109938384989
0.5315535968920725
0.5318265834375472
0.5320779657944679
0.5323953233887825
0.5327553514768758
0.5330585655339853
0.5333122894161716
0.5335550570512029
0.5334498477196914
0.5333680658740848
0.5332709196898652
0.5331918453357237
0.5331299814134707
0.533143493481034
0.5331112988127308
0.5330602030342825
0.5330489812012505
0.5329977607715422
0.5329614549997843
0.5329424579628608
0.5329374300040047
0.5329059084458807
0.5328784303327344
0.5328588786303441
0.5327572848964941
0.5326915741026292
0.5326009916906372
0.5324534943998591
0.5323340394031651
0.5322350960181513
0.5320020541509027
0.5317713296465268
0.5315115370810222
0.5311379218741673
0.5308114916617211
0.5305173012385984
0.530240239844954
0.529993502301414
0.5297505706631938
0.5295317487100778
0.5294231404100268
0.5293493774146841
0.5293128737997482
0.5293447384203916
0.5294160548868521
0.5295391616293426
0.5297464335573399
0.529921892685644
0.5300671214802329
0.5301808991923115
0.5303405985822347
0.5304932426923965
0.5309586725041249
0.531266761061884
0.5315415261293231
0.5316077674136824
0.5314183614600136
0.5311833285763786
0.5304452514790714
0.5296758180505154
0.5290256684781638
0.5284678217724851
0.5279130630228154
0.5273882909389334
0.5269067129246496
0.5265655188515702
0.5262507208903896
0.5258742517275207
0.525518631516769
0.5251788317369394
0.5249915324621924
0.5249040121563091
0.5248350573857824
0.5247623767611784
0.5246291867137599
0.5244907814168468
0.5256108488729645
0.5266477979756802
0.5276641662155409
0.5283406440737937
0.5289518092808697
0.5294156432548477
0.5298704338679255
0.5302555155420318
0.5306074859431739
0.5308796610803904
0.531179905633867
0.5314835031181226
0.5318323130824115
0.5321300907173863
0.5324708639419149
0.5327440986865206
0.5330422879105823
0.5333110667431689
0.5336183232225086
0.5338779072502324
0.5340854850485336
0.5337060185688154
0.5332758562874857
0.5328932919096834
0.5326751238670342
0.5324438165336639
0.5320845411557557
0.5317548498118344
0.531463363490328
0.5312502025582101
0.5309973642263839
0.5307184413127989
0.5303862702799382
0.5300572748974329
0.529781996206356
0.5295953577236815
0.5293882869711491
0.5291675972933358
0.5289443498209627
0.5288629452116432
0.5287742806146161
0.528839111316588
0.5290265917616814
0.5291370066741667
0.5292447209428666
0.529474158010357
0.5296754998034185
0.5297220912116389
0.5303052831897536
0.5308996520195663
0.5315680117814999
0.5319881163473017
0.5323584800723535
0.5320503626834965
0.5319525238543057
0.5317027127136397
0.532241533383082
0.5328050735513123
0.5334996990802889
0.5340618615644502
0.5344957054372714
0.5348556419352246
0.5351575041379952
0.5355509733413248
0.5358583630004379
0.536225126400347
0.5366109815607731
0.5370598774103187
0.5374357472233713
0.5382567221864921
0.5390436576874982
0.5397549318675571
0.5405001031291866
0.5412456250131065
0.5419380596323844
0.5423648790881038
0.5430314535429136
0.5436711614770516
0.543883458314483
0.5442006253633804
0.5444418076151865
0.5446535311509165
0.5448714271708117
0.5450889406616793
0.5454015543905304
0.5456963094650834
0.5468843175647922
0.5479064996953048
0.5487866269537489
0.5475253926321402
0.5457417135322522
0.5441119665900193
0.5425569230073184
0.5411710658570538
0.5399397486134909
0.5387808204544966
0.5377694878010769
0.5377660175920589
0.5378325704678124
0.5377946342293624
0.5377627144370986
0.5376900494867682
0.537689554296801
0.5376986414323236
0.5384328393183689
0.539114529058116
0.5398105587405457
0.540364126881121
0.5408907025821339
0.5412759304613424
0.5417610918837563
0.5420771062627534
0.5423890309607519
0.542637718007454
0.542798983519464
0.5430122031345828
0.5430972426040053
0.5430318508826804
0.545438758225975
0.5475927346106556
0.5494925106711908
0.5512036899086286
0.5527930491674485
0.5543522071083664
0.5557415581017863
0.556757545498925
0.5576819663760596
0.5584961961206918
0.5589942036311534
0.5593394052661741
0.5595537652420338
0.5596753659679469
0.5597629358534346
0.5599670431627782
0.560103523521837
0.5603176587077747
0.5604009016388473
0.5604761968296305
0.5604534872522497
0.5601770452459329
0.5599061253761302
0.559649860646663
0.5627408277588277
0.5654234577624037
0.5677464189670314
0.5698035359420216
0.5715402768089644
0.5730962000033049
0.5744891512149728
0.5757446614340846
0.5767831501744898
0.5777619193914049
0.5786394969084491
0.5796090906670125
0.5804194798907963
0.5811106903199053
0.5817481961961313
0.5822632669940914
0.582722814596192
0.5831655652023596
0.5835725819938878
0.5839944115818798
0.5843518409944495
0.58469390118798
0.5849388033023227
0.5851368955675205
0.5853751082087675
0.5855210738284033
0.5856299425542052
0.5865522512911858
0.5873581930577826
0.5880882476679077
0.5887246885984502
0.5891384362131279
0.5895812952252995
0.5899435213619081
0.5902469376081089
0.5906216361379761
0.5909175465533097
0.5911078689648365
0.5912717459223952
0.5913475654401212
0.591428231299777
0.5917193172215641
0.5919828264274963
0.592227212879377
0.5924159458839439
0.5925199760416514
0.5926198052563348
0.5926830617881991
0.5926705506761261
0.5924876324507377
0.5923046133894113
0.5922844975303091
0.5922339536554367
0.5921708675921327
0.5920793437528832
0.5920054487096765
0.5919233519365055
0.5918457537375292
0.5918679376849232
0.5920947530099169
0.5922740576378321
0.5923902856960063
0.5925169503561506
0.5925373647064116
0.5925050831949396
0.592376429617223
0.592396416769328
0.5924171402298356
0.5923039660120195
