0.46749832072448677
0.4534008815933623
0.4530309288653957
0.4395808925167167
0.4370776573801388
0.4300993410159949
0.42189872832365294
0.4095683530490756
0.40400162345777024
0.39558995328439306
0.3881781142985169
0.3781678568746626
0.37453460294684027
0.3635835217057982
0.3550748136529498
0.34842436331891374
0.33698685098315473
0.33202547518743775
0.3359643202950839
0.3138606997899228
0.3210299721502453
0.3063871193701291
0.3114836893417841
0.2906903530859881
0.293897834091162
0.28138980112920364
0.29721809354491563
0.2875056238263004
0.2925162772608365
0.2776520989269725
0.27247021224035917
0.2736151137756465
0.261177753824374
0.27374113044635556
0.25589038217452315
0.24793496511848506
0.25978435920403153
0.2508858368266358
0.23785177736094582
0.24364187211408272
0.22662160564330003
0.24101775534073067
0.23276230201192655
0.22854638846224246
0.22257175394564216
0.22293503164156664
0.2173755601554917
0.2217426181270173
0.21247089514196232
0.2197985015306405
0.20935345797586535
0.22904471178350938
0.20431392768675066
0.21260487575508036
0.2078689689274955
0.21030153598633367
0.19788670074107645
0.19885952403957452
0.21167131850162574
0.1901155316968186
0.21447061691965968
0.21917247495563896
0.20224891887964136
0.20806519873790247
0.20274937036121304
0.20620109519346996
0.20020714845960186
0.2037839707472079
0.20878831964561478
0.2079087796334253
0.2075714409585877
0.19485974480290463
0.20015076367379053
0.1999073901041301
0.20816958981679068
0.1793438681721931
0.18071694396418675
0.19469922579412446
0.19449517164231478
0.17936213406908968
0.2082085177892069
0.20012075139016372
0.20165577240015742
0.2133883986746689
0.19182233725525621
0.18913883575519863
0.1853721803484467
0.18114212544547048
0.19558621491181327
0.1678637007388195
0.2064361211712883
0.16454511086448126
0.16554748051213325
0.17922777012928048
0.18819625906175974
0.18536499546776503
0.19821079994510338
0.1869918800591111
0.17672197841940718
0.17186399674051822
0.1699187856020405
0.17162674365535374
0.18950847799523035
0.1760737368019038
0.1779940808090006
0.171202327236949
0.1805272863158453
0.16721972566532034
0.2002083235767832
0.17059776972478868
0.15638059433188128
0.18991727844391532
0.14479453147646476
0.15772061116735286
0.1599742735028304
0.16943920159999454
0.15531604286638423
0.11228313794780659
0.11373787033533589
0.07249220354398439
0.14425296028148676
0.13536874768435853
0.12994192517687508
0.11129002121660558
0.12938873403644402
0.13080249904000896
0.04326335882107618
0.017952253922489114
0.08619748166003194
0.17444164670974266
0.2038842959602652
0.18186823524171086
0.1910946739692469
0.17110304473983506
0.17871643792585334
0.2921230193312222
0.12177333070573076
0.1407582659738783
0.2246961977883981
0.09104322289562394
0.11815585154375219
0.1699817581083407
0.0905830392047583
0.19761153913450502
0.16264334939632175
0.11945937810665846
0.15556817916268678
0.13405020742256846
0.13348897600996412
0.15736357507450371
0.16041415966446465
0.1592761333750134
0.11554423841166261
0.08609964906411427
0.11213162097533502
0.05582505397550114
-0.01365672400932616
0.11341818381728236
0.0614707033115407
0.1365132870985442
0.10133046153075392
-0.009311838708349618
-0.12419905802784603
0.06035960121419842
0.05864583523192879
0.15163359460745718
0.013148977547193352
0.1773040989851748
0.1984052804193046
0.24080019706352435
0.24356181945465277
0.15006394787439942
0.1719231086317189
0.03718445565330536
0.0684544851187247
-0.0013852936846294739
0.11099842003530092
0.16564135811663455
0.1047375916318039
0.17542402306695176
0.11733566196484768
-0.031533183009349486
0.22823961720029734
0.16887198413322457
-0.12348259251887173
0.1174321338756627
0.18312414956749906
0.08997646549368804
0.08201334705008001
0.10662121185730555
0.16535478401224346
0.15355516220119747
-0.03882248465623084
-0.015024736939135974
0.12326509872994595
0.02655479288933499
-0.04071235072732782
-0.20333145103629957
-0.06570544562665936
-0.06253623638652339
-0.14001973526138123
0.10548048419387662
0.10441496077782736
0.1508080946615799
0.08789163457528881
-0.31510960884074446
-0.01033514339898034
0.10122002803413122
0.15076847489059125
-0.4239339655447214
0.3276794874056911
0.1383691262754459
0.1514602017034818
0.3905814795186938
-0.43048325347281213
0.19828969881296726
0.05752887276587154
0.19952905541284582
0.203614771870067
-0.26187753357358057
0.008333409707213968
-0.24203682585675856
0.2556676954081312
-0.34352178172896586
0.026414589303623448
0.2994142337367409
0.3711409763585912
0.24136624434499188
0.14228103309368917
-0.5690180209800701
0.04852259696028893
0.14534144922620024
-0.4200975829898137
0.020544736807921737
-0.12929244139720764
-0.00036946169831830744
-0.011215213345353026
0.21326910511293629
0.22625638441961848
0.27161918381738337
-0.12009268676696938
0.14175035742119213
-0.11498629903656177
0.09170557484088027
0.2676421327646057
0.12828180653855153
0.07283582653191817
0.20807873817655803
0.08950817031005548
0.19918467812127055
0.04700943347089481
0.29959974199654826
-0.0041834238211583274
0.1306082950274725
0.0470966597605339
0.12101226661420955
-0.2358794356010152
-0.004291114431894227
0.059940581619747024
0.04261242184765568
0.09107267302027128
0.010133809045567821
0.11761631248550403
0.0004318975815765236
0.06847480066978884
0.033980860001312896
0.07518426302749426
0.07261747267746416
0.07167497992973931
0.057206394638208535
0.12220258636413717
0.17858447007204142
-0.014172734475903837
0.15726298258629767
-0.14431394329811453
0.15018103782329717
0.07163223083525261
0.17647445240018417
-0.04603062889249765
0.10987720905557752
0.05601505586840011
-0.02066765002439075
-0.08985760256265041
0.11787228307184122
0.06455099239713302
0.05515130177227229
-0.05201339805267324
0.25943458173270717
0.13445365169270573
0.14637399412318325
0.03183615409876167
0.18830569381183976
0.154588544840006
0.15415876703856451
-0.02228660863221421
0.01562608134047433
-0.3189939244316161
-0.09899318097468368
0.06330121901807256
0.060413063468228445
0.19335181041711297
0.10164996270142468
0.13375302186039828
-0.20667348146075792
-0.07799922235984835
0.014140556533520365
0.15422021692757837
-0.10353476463316413
-0.1970413177806527
