0.007617294327209739
0.013350835077276225
0.017310625695186307
0.017931900748773797
0.01770875449627616
0.01699135865646866
0.015243965482700607
0.013130022750774656
0.010131201043573023
0.007264793411429324
0.005137818534664079
0.0021584588774359722
0.0016910456814281515
0.005675829218884861
0.009569856828011756
0.013847941048395809
0.018720867352700964
0.023180247096461614
0.02737592071323602
0.03201446735215035
0.0366634980856263
0.04135837387813034
0.045347311509732625
0.0490466852370009
0.05197466559418281
0.05517621266174298
0.059514586753546435
0.06298776529845442
0.0664894388511406
0.07035518056989573
0.0748130885651876
0.07952088020201387
0.08434697614256312
0.08894498414289746
0.0935628118934376
0.09785848356570302
0.10244960502317631
0.1071088360098293
0.11155032643651801
0.11621626782803116
0.12046849869348679
0.12459105996361454
0.1289546101489136
0.1330680424969207
0.13814904073575812
0.14385770014894136
0.14861430794375186
0.15336871877899244
0.15780814281921782
0.16337357096658167
0.16833902976170492
0.1723999663033006
0.17548912111168066
0.17995586744977726
0.1849902441160466
0.1894930110622232
0.19359173097212226
0.19843690862277327
0.20341915402940414
0.20885082792169243
0.21283239545869928
0.21643899361238678
0.22016138293920753
0.2231212550505947
0.22609414033078723
0.22883529455697993
0.23127554110784232
0.23335583202159135
0.233956597332748
0.23460130070591467
0.23486344658408956
0.2364741532429492
0.2375638143299728
0.23811214222461438
0.23885422938132012
0.23926376183662626
0.2399956625537539
0.2413530888900759
0.24435367266764416
0.2466700468621969
0.24970838012911825
0.25187178408401695
0.2538459398249812
0.25586456998776996
0.25724695409119813
0.2579162885523659
0.25896899739110346
0.25977359437549546
0.2608755750424588
0.2611411497470213
0.2629944411807836
0.2650515597058935
0.2674603050353401
0.26967356003641385
0.2723491162659015
0.27510733543856447
0.2780697195040881
0.28124056038525147
0.28509158000393214
0.2888141035982298
0.29242209451026774
0.29593773196378753
0.2983052035993419
0.3002362788200439
0.30218263310104654
0.3033911698111831
0.30457108673098665
0.3070573237877998
0.30919435126084716
0.31204220973507657
0.3152339431463883
0.3171900794681077
0.3192230450989932
0.3218528196781314
0.3242464628552882
0.325813626515899
0.32723375715894315
0.32861375575753615
0.3298151417804436
0.33188893272548964
0.33450051005663917
0.33980656091395434
0.3440449345223877
0.34788327582610273
0.351927953381228
0.3557388689862592
0.35919825923869875
0.36187167533153786
0.36410890147250874
0.364089254125254
0.36408884554293025
0.3636607733556232
0.3631335098311451
0.3622972418239554
0.36125156393503516
0.36000728908920454
0.35907246548829713
0.3577199232829596
0.3565185448195527
0.35549628330200594
0.3546304445961503
0.3532996041635478
0.3521576094310635
0.3511878419117722
0.3501654199175589
0.34925595780372193
0.3485358228754856
0.34776980655086365
0.34706656004194975
0.3467475479313898
0.34670629995049823
0.3474664777296342
0.3484422763284682
0.3491429171317028
0.3498626211104659
0.350816588767044
0.35172811971141704
0.35267925793631705
0.3528084759331511
0.35272664819013094
0.35240985771718697
0.3521334330752404
0.3521289472716899
0.35223935826420594
0.35245772699789896
0.3528471662482019
0.35348586379796226
0.3541456252310116
0.35468977001306384
0.35528096187539304
0.3559075206796817
0.3561577651419868
0.35685603012121364
0.3578133533128192
0.3584580991980393
0.35906972602109855
0.35918735879625674
0.3595492351536749
0.3596201986515092
0.35985593432956337
0.3600577429059496
0.3588747653131558
0.35778188932958094
0.3566422880199921
0.35561613091365646
0.35440959404642214
0.3531356229584758
0.35195175033444803
0.3516391249091552
0.3513698910736434
0.3515246686676051
0.3523525508733159
0.3527806737605687
0.3532646109189764
0.353741129255773
0.3544194055479555
0.35521939424779075
0.3559435793497674
0.35630946729482293
0.3567295259780565
0.35688915169050733
0.35676893300779916
0.3571048945113409
0.3573119142874439
0.3575709504473988
0.35755500438690135
0.3577099876662255
0.35757250539841157
0.3578230575443955
0.358309422390394
0.3586788469942698
0.35905571078878534
0.3592834902729991
0.3594947066434157
0.3597336371685309
0.3597969531689255
0.3588865550874896
0.3578787454913715
0.3567270446297725
0.3556999201196431
0.35456978372547077
0.3536005214883441
0.3525124116629217
0.3514658111491129
0.3504860717754359
0.3497521922900009
0.34922349171950484
0.3492088141644723
0.3493348864710653
0.3494821957822859
0.3493944303321696
0.34959111264317966
0.349667897430423
0.34973205830635623
0.3498075549405022
0.35011143619334245
0.3503314594429535
0.3501604162437181
0.3496625047963021
0.3493611285072845
0.34898404084012646
0.34862527785304215
0.3480672152037274
0.34795406139707924
0.34801624610916937
0.3483463738207403
0.3490242232639104
0.34974098832005635
0.35044765403974154
0.35202052701473846
0.3538489040281406
0.3562522838225388
0.35765795245671117
0.35911488651569656
0.3612377948540536
0.363374413536749
0.3654863390459885
0.3671745570232239
0.36828074326429766
0.36894259963323234
0.36979861728515573
0.37060788419152213
0.3711262607371869
0.37177499309468487
0.37197247031328173
0.37217967132211854
0.37256042273268153
0.37339754280530923
0.3741633646416431
0.37413441400896086
0.3741091689516234
0.37431485957244576
0.37478648535631687
0.37541721082947077
0.3764755994641046
0.37755925208610197
0.378428085260066
0.3801715511596223
0.3817222722590321
0.3833742849207954
0.38502575406595496
0.38686088587105166
0.38917152040189296
0.39134700115496035
0.39344451905763367
0.3946955794604935
0.39587385763436617
0.3976484749259779
0.3987339946129707
0.39935938458966763
0.39964783820935623
0.39940356334244703
0.3991196520786357
0.3991323480295429
0.4000487931136842
0.4009603479820963
0.4017066650095247
0.4020655680639253
0.40230826380532203
0.40225359509132563
0.4020412051926684
0.4019281113267256
0.40207093041905684
0.4021846421478784
0.40135894736788563
0.4007835086561165
0.3999285679124306
0.3994679681713244
0.39903790433766656
0.39811878306246423
0.3972276227015883
0.39609422369122727
0.3953136001480976
0.39450444234044807
0.3932826618964781
0.3923682031274883
0.39171888609279165
0.3905068953189771
0.3896202424054667
0.38877455303705744
0.3865860428329841
0.3839276850254838
0.3813419139636771
0.37861563796654574
0.3763809503262949
0.37513145112015034
0.37357480856124275
0.3722416446134191
0.37094986991016965
0.3696410132481891
0.36857812076944363
0.3676409333643713
0.36680694009025033
0.36616142058883394
0.3656126914185901
0.36530427231017326
0.36519838835541774
0.3652629207768429
0.36538517039787577
0.36563613633009845
0.36596988495639743
0.3664394821527752
0.366948998800588
0.3674166065448237
0.3679063644197124
0.36830906422285803
0.36822950513090674
0.3680780974710532
0.36772572249834146
0.3668853953679293
0.3661857019132949
0.3657022041582562
0.3652240366724797
0.3647584345165102
0.36448945535147026
0.3642909644675588
0.3642252096989675
0.364321715489669
0.36455227775833926
0.3648519457871156
0.3650434732773595
0.36515782084412113
0.3638682308573451
0.3626929118289185
0.361682222354489
0.36084529524324704
0.3601475928021194
0.35949350954436615
0.3589923237572271
0.35882322814188317
0.3584801943918065
0.3583571455141676
0.3577297855470555
0.35714124010300197
0.35673131276479375
0.3569065838879354
0.35723636667380193
0.35836760704088744
0.35919292241557477
0.3599066421311731
0.36059034668560236
0.36135698810590466
0.36225427069447735
0.3627973530041061
0.3634088132085535
0.3636869899726141
0.3637304061992871
0.3638576110829253
0.3643816498763164
0.3652092177616381
0.36616678408268793
0.36712557677250296
0.3681033909875652
0.36942998733994237
0.3707339857243573
0.3722737523998669
0.373847181585438
0.3746666387793839
0.3756921364805069
0.3766483509391195
0.3775284503389378
0.37849271009862384
0.37957516528389235
0.3794527267458316
0.3793412659732284
0.3793405250332078
0.37964344645483716
0.37965102963532904
0.37986153249303034
0.38016131745808196
0.3804707403471646
0.3811797935016246
0.38206292936182684
0.3829241808140951
0.3838679817350939
0.38504748858240445
0.38684148540114727
0.38837479775855577
0.3893996767575757
0.39028678252486826
0.3912066228044929
0.3919038073138626
0.3926671080139279
0.39349074093966957
0.39442387360249237
0.39513528881205506
0.3957557741209729
0.39666043400857137
0.3976843921240888
0.39913885928234316
0.4003945795904413
0.40145683297174733
0.4022206284375153
0.40309366144964065
0.4039731780250903
0.4047125253319064
0.40561304366264755
0.40617565522892307
0.4067805242256223
0.406771356368408
0.4071256358410765
0.40752295141045025
0.40764486749889145
0.40774213012056626
0.408182535257238
0.41003115737785145
0.4117718438087893
0.41344460232979985
0.41404779717192197
0.41488994593508716
0.4155155747725439
0.4164280519618067
0.41755292882123984
0.4185014070878981
0.41941252321948114
0.4201856810589324
0.42082666989471257
0.42131354357571305
0.42143955505760117
0.4215104307430825
0.4216487012304486
0.4217347301847537
0.4225866305410853
0.42335800423299397
0.423980210079146
0.42459839062097215
0.4251506795364878
0.425598601723453
0.4260969880838824
0.4261089949361938
0.4264098754329471
0.42671355449607423
0.42695407493025866
0.4268548686040559
0.42669799044165424
0.42628779309640336
0.4257919488434111
0.42512281879416974
0.4244330061658377
0.4238502596133688
0.4228228869586395
0.4219063932516964
0.42156265611846994
0.4204899522672756
0.4191322563202975
0.4179302841787216
0.4169648409565752
0.4161077956366566
0.41528769147150296
0.4145683123081161
0.41385048653729783
0.4134439995458272
0.4131149097916599
0.4128811324858658
0.41274144462159296
0.41232184613105316
0.4119108402995712
0.4115411369083417
0.41192917278961966
0.41226440795024666
0.4126866873899645
0.4130297434404155
0.4125654240508956
0.41224935506173516
0.41225384233470297
0.4121954994800468
0.41221081197591913
0.4122009894032504
0.412065392101333
0.4124011236434418
0.41270278025586166
0.4131117764937681
0.4134378653931689
0.41384872607352186
0.41465594674984246
0.4154906090694535
0.4157373146029247
0.41581443343369107
0.41618929983817743
0.4164413428162146
0.4165568224991666
0.4166861178806712
0.41684846245944285
0.4172575642751892
0.4177454849787064
0.4181911466337931
0.41852273020004244
0.4186868210887704
0.4190446659581604
0.4191725219358498
0.4193476128572585
0.41966092448813996
0.42002098427670975
0.4206816035844888
0.42110556160262813
0.4214193948308776
0.42147770739361895
0.42143217532826127
0.4214492448557107
0.4213922433724125
0.42132981847684114
0.42125606363854246
0.42109793243396604
0.4208600073518964
0.42062080705884775
0.4203725058378599
0.4202071834326943
0.4201126008181902
0.42004269905149955
0.4199779578997156
0.4198880257366473
0.41993989567215395
0.420106826903759
0.420289846335942
0.4204881913806659
0.4206483359139318
0.4207765902405839
0.4209946876620885
0.42119761992926585
0.42145515696686703
0.4217245054722955
0.422058333143
0.4223524186853358
0.4227374635865501
0.4231928375561907
0.4236282458721139
0.4239541129289545
0.4242191889252925
0.42444447198686874
0.4245371229105836
0.4245656177910668
0.4245932823320044
0.42458810904984207
0.42460709687267506
0.4245526085588026
0.4245134346127701
0.42448241677964627
0.42440416838949335
0.4243370799444284
0.4242373657321974
0.42409202467551843
0.42398237950009154
0.42389008459693794
0.4234769956147606
0.42307728296425595
0.4228098409806407
0.4225355892700946
0.4220840310083825
0.42172800599215565
0.42149278846930266
0.4213270649839685
0.4211082195031501
0.4208755614212346
0.42074226505256457
0.4206815278322881
0.4205961009867406
0.4208920099960905
0.421183341287567
0.42039139281984267
0.42008663209050134
0.4198054292822924
0.4195368114024606
0.4193479163829435
0.41917694271435585
0.41914041564207394
0.4189817012737156
0.41890562382175733
0.4188614610674037
0.41871278990924715
0.4185868270429638
0.418409987169101
0.41815115731908814
0.41824888570626984
0.418511446717944
0.4188277162536714
0.4191017196007158
0.4193871485702341
0.4196507054498942
0.4199322602115842
0.42012450677725116
0.4205202243781519
0.42085237415311066
0.4211373208036748
0.4215773533636865
0.42188570788051266
0.4222481324390999
0.42256456358158745
0.42286699023151453
0.4230329327822697
0.4231293813633383
0.42348494559013383
0.4237829543970259
0.42416808620778346
0.42458530616626017
0.4251803115484887
0.42568795457930836
0.42606273687262247
0.42629494543312096
0.4266601876307768
0.42703875266933927
0.4273449467543803
0.42774094579327854
0.4282471098281584
0.4289463685560625
0.42967749525514765
0.4304502620695438
0.43110545892008095
0.4318102370947225
0.43228582201342275
0.4326585539915427
0.43296147910019006
0.43338103565961666
0.4338657285077868
0.43435515163496297
0.43480002917029337
0.43514364682215445
0.4357586712651866
0.4365390662615371
0.4372804656280548
0.4379035334243286
0.43840429924149077
0.4389836375286052
0.439601864313819
0.44023672885955173
0.4409388998796794
0.4415875716565774
0.4422013316365958
0.4428349176595567
0.443671681122803
0.4444121855331005
0.44501199390921015
0.4454540271295289
0.4459026878976541
0.44619413202441455
0.4465153408499379
0.4468779920672473
0.4471254547489797
0.4473929031946339
0.4477485809991767
0.44807311035037906
0.4484190849028317
0.44953898829875594
0.4504374042169167
0.4512765990351568
0.45223133624415496
0.45342488229777045
0.4544106241167306
0.455308843984551
0.45600162072456657
0.4565291370958523
0.45685844113641727
0.45716519707360437
0.45764592399849274
0.45801179380579193
0.45825168180644643
0.45847079658883877
0.4587641268982291
0.45872298181026033
0.4586231301833791
0.45866847961712326
0.45887565163103666
0.4590238823736022
0.45908422894025047
0.45925821856400706
0.459281937100729
0.45920188707186244
0.459619993900312
0.4601237963163268
0.4605330773175098
0.4609145352330629
0.4612662284968085
0.46174032077595967
0.4621231511834924
0.46248282384045275
0.46286832530591115
0.4630439068852413
0.46328757088943073
0.46330364059759266
0.4632949927887153
0.46330510548517145
0.46338065544125145
0.46351800659120257
0.46373273578626156
0.46394906903601635
0.4637773144393273
0.46346540187542556
0.46264365365296956
0.4619219684261423
0.46108875495401114
0.4604017719544013
0.45990789782269986
0.45924601917380864
0.45883607476100147
0.45847800567894603
0.4582429652440063
0.4582398261942772
0.4583113780902198
0.45851856146788017
0.4589276644470032
0.45934173273680956
0.4597291636706708
0.46065267157236045
0.4615986926099011
0.4624962360633384
0.46325461279986674
0.4642372332408617
0.4651970394057808
0.46585272073578127
0.46627595240806724
0.4662232132914901
0.4658411793515395
0.465438891149555
0.4645614861529458
0.46292134944278424
0.46145350104503496
0.46044850406342086
0.459775476432516
0.4595339678582024
0.4594801428143354
0.4594819725017297
0.4615165932680991
0.4629910618806172
0.4644915328046807
0.46655851406062004
0.4681594826286073
0.4696434306053019
0.4715978351423294
0.4734213752904616
0.4757564812144286
0.47788889868715473
0.4789232466559241
0.4793358716291361
0.4795015373794389
0.4795330721303891
0.4791442650383228
0.4790634009913375
0.479183411249763
0.4793112967133243
0.4797144000601349
0.4802321527438564
0.4808294446609053
0.48143344962224305
0.48213987041365824
0.4827627139766712
0.48345522201070235
0.4842328811667341
0.4851046650561948
0.48599627276702617
0.4868385551917739
0.4875575285403026
0.4882583178126193
0.4887567241622787
0.48847771805212475
0.4881769463449086
0.48794354033571535
0.48765072639927887
0.4872566533256374
0.48706304523901683
0.4870378904078667
0.48713457819259953
0.487135353894094
0.4870867128807068
0.4869755601902441
0.4869232339358064
0.4869340736668661
0.48688550551010423
0.48683443727017334
0.4864961278221533
0.4862012658730321
0.4858725321745419
0.48551606148685766
0.4844566297526264
0.48319692476476495
0.48210094426465483
0.48124439628087495
0.4805739865116953
0.4794935888335033
0.47814226419729533
0.476650932846009
0.47524942095799017
0.4740619541536467
0.4725276463996355
0.47147401108749704
0.4706702452007698
0.4696012764077949
0.4684851699180966
0.46733835874669194
0.46626363591252173
0.4654082081541583
0.46453686085364027
0.4638951055433484
0.46310617031824686
0.4624264634313673
0.4620742343711628
0.4618138668683949
0.46148159034930497
0.4613279718285372
0.46137261646895894
0.4613249798636869
0.4612721278150965
0.46119419959849256
0.4613160320404264
0.4613088395738233
0.4614735742686795
0.4616210472764716
0.46221064372797244
0.4628018122109394
0.4633495509796344
0.46370967932457746
0.4642576026574072
0.46474186394980965
0.4649759589059436
0.4656226755059408
0.4660759228417375
0.4666976275584495
0.4677434681858035
0.46903277802299537
0.4701125528619106
0.47125294642952403
0.4723403586279909
0.4736510575683833
0.47484249369046316
0.4759230802541574
0.4770034802897195
0.47797382755288775
0.47883495979598234
0.4798363871311848
0.48062336073389866
0.4815546035130976
0.48195591637801843
0.48239002811308085
0.48282905682018384
0.48321276682797004
0.485242345566292
0.48671107055655694
0.48771560725778323
0.48903247894782415
0.49044028234526865
0.4917686728260793
0.4929464449061418
0.4948451011030426
0.49625266160734594
0.49770521751449653
0.49914810595767056
0.5002354038972454
0.5003315054968597
0.5003250813860125
0.5009017074248482
0.5017447061521279
0.5052638438470621
0.5089504657342598
0.5127062673789239
0.516105591496679
0.5191432007680113
0.5207113577552719
0.5221693413749795
0.5241388211529814
0.5244197306127824
0.5248502141200185
0.524596461040857
0.5242881182827087
0.5241195513200386
0.5241677973528461
0.5239079443285086
0.5237777923378573
0.5238264382704859
0.5240170631267616
0.5244571253601205
0.525037109412017
0.5259063273590425
0.5264851317386442
0.5266116699907682
0.5266701541099085
0.5264124299030788
0.5262990265687866
0.5262550274076735
0.5272809489592082
0.5282732390936979
0.5288657049176345
0.5291453544335702
0.5293764063494082
0.5294857268154328
0.5297701328735258
0.5302623190678307
0.5306198599234595
0.5309084881556569
0.5310597735225445
0.5291858574112862
0.5268449194534437
0.5248532588594746
0.5229851178185767
0.522371956302194
0.5219027592914635
0.5216673362617512
0.5187335246150674
0.5161039589672141
0.5134881437685308
0.5112105785593186
0.5091524333804502
0.5078579996512493
0.5067127959830755
0.5059400373266393
0.5056156406454089
0.5054444487226143
0.5053234336075081
0.5052870169298259
0.505163073620729
0.5049948879659658
0.5049457859056484
0.5048223931146764
0.5048449154614759
0.5048206626891001
0.5049015311582938
0.5050406722177098
0.505244649262158
0.5051859289364857
0.5058767261231368
0.5065631354701207
0.5073032689665389
0.5079316324341769
0.5085849724829201
0.5093208243280738
0.5100402582024712
0.5111987895980393
0.5122880869955725
0.5134018425208619
0.5148516420087801
0.5162596981466179
0.5171645573646415
0.5180944141500212
0.5190070777555
0.5198037722888242
0.5221140853242032
0.5241272845981332
0.5260032287804689
0.5275431569351818
0.528965774680095
0.5303102616502627
0.531539991303578
0.5325278056001511
0.5335577885837024
0.5347824682514731
0.5359564510586999
0.5368310307508634
0.5378398792334307
0.5386586306453237
0.5394525046005203
0.5398314236962185
0.5399498897123403
0.5402606852624026
0.540134353828691
0.5401060674944693
0.5400460791005904
0.5399853095167924
0.5398254670646679
0.5399113102447579
0.5398527995324781
0.5396194423960008
0.539310938692758
0.5390214054440017
0.538704071395986
0.5384084673294574
0.5381477667732641
0.5379279513295261
0.5380675986631814
0.5382482336342282
0.5385339783840462
0.5387234045937163
0.5388737726632767
0.5389249616767234
0.5390339843130831
0.5392203452701835
0.53936111153585
0.5395577296630322
0.5396447829172133
0.5397658314695142
0.5398187460701623
0.5401275859008322
0.54043768358894
0.5407722155881426
0.5409645894564966
0.5411626965243301
0.5412623296113676
0.5412993677713969
0.5413614183476557
0.5414848111830486
0.5416494576936973
0.5417676791064591
0.5417620303443746
0.5417212480467096
0.541633347091914
0.541569079994701
0.5414835476234898
0.541294243488539
0.54128952736611
0.5412949556748214
0.5408226112453002
0.5403473589370421
0.5400420826104007
0.5398065692613984
0.5396151003097768
0.5394399591918813
0.5392705663269217
0.5391034861669691
0.5389594288200181
0.5367184404829051
0.534104672142088
0.5312592315222496
0.5282978005296785
0.5253151032362936
0.5223896418794466
0.5196373289346637
0.5170104153179886
0.5144966728110867
0.5121406457767735
0.5099570421293935
0.5079378714896828
0.5072475605121195
0.5064164312994373
0.505514159476671
0.504586972471244
0.5036775311908644
0.5027874272653223
0.5019212898787179
0.5010940156625431
0.5003203446121195
0.4995976663932381
0.4989283333503187
0.4983417351316517
0.4977998771758778
0.4973133833322313
0.4968711388150627
0.49646186481242455
0.49610756811948054
0.49579176621933735
0.4955170977937434
0.49526591792091473
0.4950648478454712
0.494904478752065
0.49476423755487314
0.49464336034137013
0.49455763987719864
0.49448649340514567
0.49442200743066844
0.49438495933504856
0.49439406656206175
0.49440487997971827
0.494411940570821
0.4944411684823253
0.4944703779144742
0.4944961392229928
0.4945391721699884
0.49458424299263665
0.49461475873164756
0.4946408199451081
0.49466441685520474
0.4946880564452409
0.49471504857227994
0.4947362241263754
0.4947619064162533
0.4947877579183
0.49481014478668267
0.49483265866280873
0.4948575907093893
0.49488988032986203
0.4949396972443781
0.49499058368693366
0.49503645092976367
0.49508116864748014
0.4951138895202234
0.4951537000335398
0.49519454283991954
0.49525769886605864
0.4953134036247404
0.4953738237595215
0.49540708342381395
0.4954580635280206
0.4955073953397054
0.4955539363844507
0.4956012189477242
0.49564113958592393
0.4957080002198014
0.495762275150844
0.4958215199019988
0.49590068586250563
0.4959769392000891
0.49604481525747335
0.49614017312239034
0.4962461220544822
0.49633662065424416
0.49641750625734676
0.49649701914511757
0.49659360046600715
0.49666899249089136
0.49673543523611613
0.4967922833475232
0.4968682436064743
0.4969563657679521
0.497045405735811
0.497175213072145
0.49731060543234484
0.4974231146831597
0.49754100626862535
0.49766420151629304
0.4978001574007645
0.4979472281821797
0.49809113188683213
0.49822940540559546
0.49834706900696724
0.4984583174225276
0.49856456404582356
0.4986664806004064
0.49875429961762824
0.49886463982925766
0.49896301516414265
0.4990631317838994
0.4991717755173698
0.49928151157463346
0.4993885653948646
0.4994874841842279
0.49956502069196584
0.49961808079159403
0.4996843871656571
0.49974908846175164
0.4998070121132556
0.4998476487902478
0.49989286787656523
0.4999456104298938
0.49998273814078487
0.5000264051140068
0.5000712445720764
0.500112009199687
0.5001949147357577
0.5002499587688328
0.5002943890000682
0.5003361984201877
0.5004106599531808
0.5004660924301501
0.5005033586671408
0.5005495839505272
0.5006118958601636
0.5006503718555554
0.5006875487766513
0.5007097678426776
0.5007343218619352
0.5007789278186273
0.5008369421076808
0.5008940598083734
0.5009556781071626
0.5010253883097133
0.5011072563625367
0.5012026185375478
0.5012813947008172
0.5013460728679165
0.5014386008293957
0.5015910992020002
0.501724845224297
0.5018634857970028
0.5019757548694268
0.5020845799105762
0.5021832222961344
0.502278090653302
0.5023484196746357
0.5024220205738682
0.502480368072334
0.5025616110256957
0.5026583963844139
0.5027882478035915
0.5029234614896956
0.5030385586691372
0.5031293087793858
0.5032286773661188
0.5034223285280564
0.5035945245889347
0.5037719901862799
0.5039665697254674
0.5041459264477011
0.5043060511918861
0.5044653889772156
0.5046240236096833
0.5047772969659332
0.5049149111440905
0.5050382075487524
0.5051500126069235
0.505271960329603
0.5053669701586389
0.5054588799929072
0.5055512586643378
0.5056254938604587
0.5056936679253689
0.5057004441138615
0.5057632498194178
0.5057924663688488
0.5058198311131791
0.5058642903290048
0.5059465317175613
0.5060589477433207
0.5061433192399519
0.5061978644072339
0.5062547540865638
0.5063799157642734
0.5065881716466737
0.5070679734454718
0.5075053416670582
0.5079289058298401
0.5083130072502524
0.5086740743167559
0.5090039558394543
0.5092952694824541
0.5095502352227336
0.5097586507241213
0.5099359705770669
0.5101090954101141
0.5102794947856519
0.5104233115039931
0.5104871908407534
0.5105916158252558
0.5106959555029507
0.5108922275015857
0.5110843619071336
0.5113425493502382
0.5116008142438104
0.5118618291840832
0.512068887133585
0.5122466189519117
0.5124289445685889
0.512587489564077
0.5127458048334225
0.5129113696972635
0.5131443281954278
0.5133710201357454
0.5137044317363116
0.5140157769301159
0.5142759903354108
0.5145023290487126
0.514758222409536
0.5149519488444141
0.5151668859794339
0.5153891193288991
0.5155762032493678
0.5156725514240357
0.5157750009271005
0.515854437775665
0.5159110704016311
0.5159377120604409
0.5159797993020255
0.5160646406100241
0.5161601800413802
0.5162730450181378
0.5163653731450981
0.5164358590202967
0.5165518453151111
0.5169532824223151
0.5172841922396905
0.5175777408370067
0.5178213566927983
0.5180327256119964
0.518239290463971
0.518376892133636
0.5185333985302212
0.5187199072015604
0.5188771961910907
0.5190102874968248
0.5191102258094398
0.519239575929486
0.519345102749535
0.519451801163831
0.5195530100024661
0.5196264900091829
0.5196584934997721
0.5197445963975379
0.5198036979586012
0.5198887458712357
0.5200145603615823
0.5201722372747518
0.5203114237956248
0.5204811673195562
0.5206170390401381
0.5208908968974946
0.5211496291132077
0.5213301607426194
0.5214899071963207
0.5216711713089822
0.5218237385709825
0.5219919996979141
0.5221885135862822
0.5223798839460947
0.5226100053365488
0.5228261745026962
0.5232841045092436
0.5235901573703929
0.5238865298017651
0.5241763498658312
0.5244885390289462
0.5247851397953713
0.5250973950162927
0.5253514369799283
0.5255394324173137
0.5261230072580516
0.5266534655770865
0.5271342491207763
0.5276019493063262
0.528085903978387
0.5285131962500788
0.5288929403898063
0.5291810769378557
0.5294235657622591
0.5296777282657187
0.5298977250823336
0.5301381043200855
0.5303830030096547
0.5307339422095857
0.5312232884280707
0.5316947178476452
0.5321232421475202
0.5324880856829737
0.5329363160737688
0.5342745019889391
0.5355182431924441
0.5366098437326804
0.5375177129197534
0.5383324236834123
0.5390260736341174
0.5395693351589909
0.5400861040110141
0.540562709864718
0.5410234946882915
0.541469634871808
0.5418684417547227
0.5422385607855612
0.5425512337558472
0.5427494188900931
0.5429389482818057
0.5431284259239004
0.5433008078377161
0.5434569352386194
0.5436240356885758
0.543777829412064
0.5438897904208516
0.5440357789601464
0.5442007219079067
0.5442814958749405
0.5444188824588042
0.5445010792277998
0.544537076284167
0.5446145929052683
0.5447245574316749
0.5448350528520782
0.5449032537877418
0.5449234654922698
0.5448477100773406
0.5448243438618239
0.5448422447234219
0.5448897641391038
0.5449319324414706
0.5449451837238296
0.5449813971484189
0.5450696414669872
0.5450824419957028
0.5451061918663784
0.545114588535512
0.5450766452800797
0.5450277147566612
0.5450244560884715
0.5450067426477537
0.5449915482032323
0.545018955269312
0.5449868660828185
0.544935236373187
0.5448616046565143
0.544557947032239
0.5441583879169456
0.5437814049196334
0.5434652386412849
0.5431730374112721
0.5429073178782119
0.54268886980301
0.5424595140512323
0.5422968449194081
0.5421575771242881
0.5420062259196854
0.5419112391991058
0.541812875989028
0.5409134265887151
0.5401463102505727
0.5394378797227019
0.5388090450999992
0.5382973463933554
0.5378171237336795
0.53752220054648
0.5373609698040014
0.5373845312455507
0.5372073489613239
0.5371118565318881
0.5370850505452857
0.5373982237105945
0.5376889543646893
0.5379401251264938
0.5382122256116989
0.538474443689065
0.5388303299829569
0.5391953517229237
0.5395192474221071
0.5403681548278148
0.5411323236138109
0.5418242112252746
0.5424894186654708
0.5431194756681448
0.5436579857781734
0.5441420443388663
0.5446319876005595
0.5449820525865835
0.5452588242024905
0.5455863363335659
0.5461644418667508
0.5466871956921079
0.5471939996108226
0.5476386333774506
0.5479886117878501
0.5483816470840541
0.5487492565858283
0.5490685741898131
0.5495690065507651
0.5499772873944332
0.5503347191543149
0.550666887609199
0.5510217596633965
0.5513156216528635
0.5517351525721091
0.5521217972903388
0.552465571479154
0.5527908793124144
0.5531160749525447
0.5533511480747733
0.5499384695054955
0.5465755293433612
0.5433223702174623
0.5403964191363458
0.5378053606133009
0.5355074961012339
0.5334749682992769
0.5317138923169722
0.530169975431605
0.5289031488094393
0.5278400318137415
0.5269922653622919
0.5262977589330947
0.5258767685147075
0.5255812142147458
0.5255528759403222
0.5258713009997397
0.5261587311017097
0.5265120400166147
0.5269925421365577
0.527475974997169
0.5280729802773515
0.5286772914152201
0.529308927109648
0.5337445949442645
0.5375632070192465
0.5409354834188116
0.543894709546385
0.5466638165150666
0.5492882755295437
0.5515738913957636
0.553595802741275
0.55543893284971
0.5571147261313323
0.5587207994131475
0.5601311276005454
0.5613044072423802
0.5623892217014397
0.5633453064143281
0.5642101872131955
0.5648945150004981
0.5654561001134104
0.5660031145839204
0.5665205067025764
0.5670703395414138
0.5676031039166277
0.5680105600612873
0.568285348446266
0.5685018631893222
0.5686898938455104
0.5686398957178947
0.5685491507396905
0.56849978672083
0.5684188741917672
0.568322635782517
0.5682785427424293
0.5682657465532186
0.5682301319590876
0.5681789324916865
0.5681760144919057
0.5682002383952496
0.5682796767640289
0.5683295520335185
0.5684565648220581
0.5686179806394994
0.5687812450506136
0.5689255487323818
0.5691166790061645
0.5692929868677932
0.5694640804338615
0.5696233631464414
0.5700726395107739
0.5704917633582987
0.5708029201837671
0.5710905551220437
0.5713735263417621
0.5715854237248259
0.5717670514682937
0.5718319140896586
0.5722074900396487
0.5725232492004108
0.5727783209053623
0.5729515419953202
0.5730439199751135
0.5730760043047146
0.5731202848711416
0.5731705774703452
0.5732383892393609
0.5733231025448993
0.5739821966093103
0.5745694890404826
0.5751140372637191
0.575614027872623
0.5760878614356986
0.5765269795154256
0.5768561331270778
0.576666299310765
0.576527180403274
0.576549584795071
0.576590761810769
0.5766807247121523
0.576641591283938
0.5764532539933975
0.5763949545914907
0.576347691651003
0.5762937059552269
0.5762462618162493
0.5761516217591893
0.5756981974490394
0.5752763363419113
0.5738584744715837
0.5726790616840092
0.5714016267990247
0.5703502188902424
0.5693934355427169
0.5685658609927341
0.5678411463130691
0.567337495514151
0.5669048964573082
0.5664593739995547
0.5660921257484357
0.5657707090301686
0.5655971902480991
0.5654394110928076
0.5652818247366204
0.5652612556371964
0.5652801487206827
0.5652612179098515
0.565308442384909
0.56539153798174
0.5654932677283292
0.5654863366657517
0.5656557354631893
0.5658104336930825
0.5660034081090889
0.5661976311134522
0.56640441060195
0.5666628921049752
0.5668877681594445
0.5671627123225167
0.5672374233615586
0.5670640977234078
0.5668756202800218
0.566689877034635
0.566545064872168
0.5664533445252908
0.5663776586627509
0.5664074607726135
0.5659593824734067
0.5655337074768317
0.5651197376729156
0.5647082156990824
0.5643304998377908
0.5640005704329342
0.5637003826623324
0.5634892541882479
0.563340397391601
0.5632481536930984
0.5632104377913982
0.5631913103958788
0.5632047499643729
0.5632655441390332
0.5631433382819789
0.5630243773968515
0.5629620354715749
0.5628940924220123
0.562861665874801
0.5628720819807276
0.562854761969612
0.5627157649430073
0.5625588489718025
0.5624338363353643
0.5623135172155614
0.562228786228627
0.5621683427849693
0.5621341259334774
0.5621244129474323
0.5612023890770115
0.560329448837574
0.5594758839183971
0.5586374655770775
0.5578242924021225
0.5570923704616705
0.5563991862022957
0.555766242843479
0.5551252324758705
0.5544536880534537
0.5537545023533513
0.5531397383225577
0.5525670565059247
0.5520444873776268
0.5516195009057806
0.5512129258526413
0.5508289207971395
0.5505278241848997
0.5502571997183592
0.549977959316104
0.549722879604858
0.5495117734576954
0.5492893886564343
0.5490907508721522
0.5490458233602985
0.5489606949446009
0.5488746479657657
0.548828886496256
0.5486773218426475
0.548521727481632
0.5483300769883586
0.5481427077131964
0.5479806308890794
0.547879485327311
0.5478034508781506
0.5477414053062398
0.5476367851955302
0.5475467989357975
0.5474516233047159
0.5473987338253892
0.5473212248719732
0.5472359964510473
0.5471862837780183
0.5471822373726852
0.5471743993408079
0.5471893623861884
0.5471948737098878
0.5471682354414483
0.547163445053261
0.5471548200990496
0.5471605668371069
0.5471748248955661
0.547216057846678
0.5472964923489457
0.5474022634748287
0.547481290560958
0.547603356360233
0.5477582256620876
0.5478728373193655
0.5479845000486046
0.5480773036919017
0.548173917169017
0.5482487893062551
0.5482995348491835
0.5483073249326504
0.5483294029055632
0.5483666761240097
0.5483658660923066
0.5483524223429692
0.5483486205636087
0.5483526287056508
0.548193212773684
0.5488948931479019
0.5494920556765807
0.5501277231539555
0.550633373406221
0.5511183237769381
0.5517827689774271
0.5523733833066932
0.5528851131818986
0.5533424101835364
0.5536074448856797
0.5538669505002969
0.5540605175753962
0.5541681306743945
0.5542463711433661
0.5542835019736342
0.5542529292908532
0.5542235778638758
0.55411847518542
0.5540173382772995
0.5539147201492712
0.5537800390410949
0.5537591414871822
0.5549871050588625
0.5560181119237326
0.5569197139425252
0.5574922472800624
0.5579086629906538
0.5582997447289135
0.558637511145943
0.5589268673972858
0.5591148959726476
0.5592460068984312
0.5592944617350566
0.5593112956767015
0.5591584406791527
0.5591185400527718
0.5590628026048347
0.559013251958576
0.5590866325729699
0.5597094721336385
0.5602259346668932
0.5606979328009303
0.5610770881596383
0.5614611478386818
0.5618511122204125
0.5621875733057654
0.5624983264660691
0.5629814553661494
0.5633025302848855
0.5636597324430224
0.5639732339930833
0.5643421949432192
0.5644676442927992
0.5646274430090968
0.56481739922093
0.5650074431071916
0.5653543184524226
0.5656489817060427
0.5659575308423794
0.5663186952628069
0.5666252160871968
0.5669521317964124
0.5672527981664325
0.5675481842702601
0.5682916262962601
0.569455160322433
0.5705942933128118
0.5715644655985609
0.5723682022707253
0.5732481172525684
0.5740068418082502
0.574709572557003
0.574939498512298
0.5752064764372287
0.5750768183883299
0.5749598572159058
0.5749002414144779
0.5747770273616671
0.5745979794447593
0.5744677067224938
0.5743780423732904
0.5742552907412208
0.5738564700923728
0.5734337507660137
0.5730027130889133
0.5716040140032996
0.5704058011186585
0.5693622530416943
0.5684832392967818
0.5678063635741888
0.5673167067990095
0.5669440394010032
0.5667286785517207
0.5666978667799009
0.5670824329660332
0.5683768365208476
0.5695236969845842
0.5703798193119645
0.5714249582686934
0.5723404880822034
0.573242593675479
0.5740743304236012
0.5746015300905307
0.5750879793929782
0.5754774290520024
0.5755954098456035
0.5752137248818487
0.5748471575412776
0.574390910144603
0.5738698900827681
0.573325471826283
0.5729687979634642
0.5727324618094337
0.5722322750628885
0.5717522161934587
0.5713785333448301
0.5710848832834601
0.5709709055520732
0.5707352569393371
0.5705309705495892
0.5703547264902582
0.570385570853592
0.5704604070332772
0.5705208211421405
0.5705412642300829
0.5704565520601106
0.570392979871919
0.5703374686459843
0.570386751880981
0.5704689468847075
0.5708835888265273
0.5713553335123426
0.5717957705516071
0.57223849803434
0.5724697577574379
0.5726785286369325
0.5729029743173434
0.5730818372845167
0.5733117939828143
0.5735302816526769
0.5738118466893641
0.5736847031193015
0.5732917475429177
0.573043641828926
0.5728578086257848
0.5726941886350282
0.5724678712007194
0.5722817284521454
0.5720341551677288
0.571761233051305
0.5714269526633493
0.57094707941817
0.5687143302547192
0.5665685293545365
0.5645248084093233
0.5624462503541542
0.5605904230338252
0.5588628147045336
0.5573018635347129
0.5558408966738624
0.5544912854040758
0.5532380340087856
0.5520685012554682
0.5510567918478115
0.5501007379207302
0.5492569385898056
0.5480896816954988
0.547108366495764
0.5462226991647628
0.5454343248235966
0.5447410372665793
0.5440622885497597
0.5434726341625543
0.5430096795075372
0.5426290706106891
0.5419933046079931
0.5413742683377092
0.54076488237335
0.5402955833296096
0.5398367385865734
0.5394244406207136
0.5393173659103018
0.539262048982328
0.5392412300791131
0.5392914332247418
0.5394117838326454
0.5394508936533278
0.539557062581133
0.5397448217089972
0.5400433527351481
0.5403083028882781
0.5405005269770234
0.5406774053710542
0.5408334533804622
0.5409507557307237
0.5409926585221512
0.5408874903764419
0.5407471415396173
0.5408967880120221
0.540954704829023
0.5409598274654315
0.5409351489394252
0.5408586886243931
0.5407744094214669
0.5406667482637096
0.5405607236632787
0.5404921592505753
0.5403241518142443
0.5401755911145466
0.5401801568754456
0.5401837004362203
0.5401306703127976
0.5400978977914284
0.5400222294000946
0.5399675847560537
