0.45247718528624636
0.44775516501686147
0.4308442508610374
0.42730725097157474
0.4385211118980404
0.4142421498051099
0.40604196756475924
0.4089339726966462
0.4050331444518124
0.39772831277577786
0.399721565617154
0.3820632505387297
0.36477806915943944
0.38253488276473696
0.3424687640608197
0.31834561013480756
0.32399222313238124
0.3874495942818063
0.33571070970751765
0.351973992711883
0.3366403300036921
0.3032366362423464
0.35106408465590033
0.2944129287035205
0.2997666067222439
0.311531596381217
0.3067521187101636
0.3046960189229553
0.23286139982358384
0.25544651228785387
0.28125807547200865
0.29164764209925786
0.31226817822035013
0.2996143124739261
0.22483556320220394
0.2318707926450867
0.27903745646157685
0.22847337260468126
0.29118375679339303
0.27326453871006995
0.3066007401937999
0.23942625706166115
0.2716907528660193
0.2234570866795353
0.22527442758793864
0.21009629771272975
0.2399031108445523
0.26390668161816955
0.23076549256922424
0.3110706682278593
0.17784769604282902
0.315058909848388
0.18539770151584833
0.15824617356005316
0.1166119446223639
0.1718222632021062
0.1435852097438487
0.22706711951550235
0.13234435962936492
0.22338447748721302
0.25851399221575716
0.28083376090670575
0.3069256505226202
0.1976598184145379
0.13581898749030702
0.28195204581228583
0.11102180511016796
0.24741062913893597
0.16930934994808666
0.17009775301316482
0.04912436159955008
0.17679064823492008
0.20440010516202256
0.23353369440360555
0.29711727706122737
0.2086363399968582
0.09240602836562267
0.13625361139286313
0.27101463460453423
0.17143307298897392
0.2789867460175476
0.10406258972255811
0.3113154127317196
0.15975278262109943
0.2794360120309849
0.15339827616868185
0.18582971985796365
0.20403288577750922
0.18423761332702637
-0.11027284931158565
0.05842389205384163
0.1385224942593507
0.3472691367565834
0.22764194476525557
0.08453161045443153
0.002910381621362035
-0.30649751555819627
0.1950583441155178
0.14717351256898087
0.12224738825219972
0.253788054255483
0.20242548162465962
0.28574154503503635
0.2002909633730094
0.18209673639983937
0.1939377368043661
0.26575126498925894
0.1386752089076172
0.3056982617070788
0.08529261333322397
0.13937697235181196
-0.016099877492368853
0.2864531665542188
0.18979146597869306
-0.07413540149252362
0.3368579509253532
0.3502300695116196
0.3216096622111564
-0.14729555330181898
0.051499262416151326
-0.2708736645288624
0.1988328191979883
0.3498069742491512
0.2571937527810272
0.22765388537206194
0.1922314492240665
0.316659358376521
0.37977223229540397
-0.12457705638414385
0.27009410858203053
0.19790072812544235
0.2131691280565881
-0.2574513781106429
0.40277088482591794
0.23428698055069214
0.2728175537200569
0.07283614294019525
0.32996038783076054
0.35393568479610027
0.2915540106035358
0.09241466176967783
0.14235450867543747
0.06437814642170869
0.1704057975467816
0.31390638045636565
0.040096687089353045
-0.054000250617930234
0.2832413252777385
0.16472436904271154
0.2399126144786256
-0.10752367212632208
0.1740593840115165
0.2726447108180799
0.059471848124969307
0.2866515816979701
0.3102210372118558
0.31268820295034105
-0.05930240009734655
0.37207193784642223
0.20516151657454618
0.30295651505442067
-0.10911985307883332
0.25462026342375454
0.2224163253450624
0.3504629174030845
0.37951643663484996
0.18095836821654704
0.24287040338111693
0.4001495028619808
0.2908526424491378
0.3611309442893399
0.1020459051987771
0.06457767560637157
0.03480532411282844
0.2516312505488384
0.19819538901197686
0.25358624607782654
0.1406109620616583
0.2923514562225672
0.11508509132830003
-0.5578282667191019
0.4107315239583612
0.23149102650561693
0.31361679500435624
0.23030300416392402
0.08115300868044106
0.33077872910362127
-0.11719021971208132
0.26912297886763686
0.2537867546303228
0.06243866548601362
0.2750615829060937
0.20373159111239275
0.2994139911079037
0.327123380082999
0.31309677349853376
0.08470060926311423
0.28888333192807747
0.32415097966450124
0.1759441282334958
0.17617378251064814
-0.10254326939426162
0.12077081174766713
0.27835873380758225
0.08455661801624881
-0.05192577871086934
0.0016574836854547081
0.1024290259584828
0.3712502783048486
0.29931285317786815
0.28152230510960985
0.24398947467896892
0.22931205600548787
0.039766089078033084
0.26481282687525054
-0.19719586421719626
0.3566709286738339
0.39708179179236053
0.2890596645193165
0.4337454646770317
0.16358136519191419
0.2765919369683963
0.18129781337763556
0.31396336712235395
0.3072209881294198
-0.04867291523756745
0.1774618195470427
0.27443362813683037
0.1859259634364383
0.22734895823460938
0.20600102164066952
0.1687888891436211
0.15359405816194038
0.04663842762188719
0.027384144826829104
0.008221095844608506
0.12297381144324249
-0.024690665944707146
0.0672850879430198
0.11194896793137249
-0.06456964436953805
0.07862456008287544
0.1925837367976938
0.14133180619597818
0.10774804265858501
0.26130264690604943
0.4290177080357124
0.30225733927687803
0.1403698396339229
0.2588656212849358
0.25455874940919077
-0.37333534827116654
0.16356291629379682
-0.11880208534235726
0.2993234589370119
0.1620869894573334
0.22008539675307137
0.15428581442592854
0.29863351641863023
0.16634695509738678
0.18017619615363573
0.19881627362633647
0.21827268104177294
0.16299857102411652
0.3149250260596409
0.13455397965022142
0.08684187409712874
0.15321701420383455
0.15985403939042037
0.2780679106209655
0.24887883772143804
0.20590952182249245
0.049598681863494476
0.03877547878351573
0.2738269826293199
0.19354186488913405
-0.08717588653981512
0.2710747529749203
0.12598756929864285
0.20957618245574494
0.02411394896916197
0.19071378612105738
0.2805845310119991
0.17652721497953294
0.09772361843664812
0.25613842831626665
0.060578974892272874
-0.10089124882678657
0.2713571881214557
0.004550434735335285
0.07391277974151256
0.2925993664217925
-0.19580984326614892
-0.5406112931290756
0.23073083938173827
-0.17167743523932066
0.006996235722539379
0.11689704860397437
0.16444064000208702
0.2707166244606227
0.28127163600156224
0.28046797992724704
0.3056942657974384
0.09818920833763117
0.1859119727406906
0.2746443688930601
0.3039848351560901
0.1807438545031506
-0.02819742946192183
0.2602270072754763
0.34669322354797094
0.2538659718619619
0.16464865818071706
0.1647844443122765
0.41775720924429227
0.19079351906907682
0.14249763394579273
0.2836498478866684
0.05929973424801405
-0.9256144252662468
0.12505026614996168
-0.40674536708578046
0.159305522475933
0.24962741176605863
0.09748780464886558
-0.9669323507013494
0.2623513356929633
0.2615058944651364
-0.008606349385732681
0.4129079829097723
0.024174484792682027
0.40592587593156243
0.3178822083179992
0.14199132638878087
0.41026519956272106
0.31649705206958545
0.44030202920176686
0.060536362618462514
0.23781575957561246
0.11430514382263313
0.3703596867102257
-0.05777336921596088
0.2972428038086553
0.11735143686245858
0.1027341961394519
-0.15181378426715286
0.21338741741017264
-0.14127188832377657
-0.15738306909625988
0.15691152725815194
0.1832470139373431
0.147231650738247
0.21722861682515493
0.2865383728881894
0.18201929706276349
0.30032819103234853
0.4162833097456633
0.17137807134006183
0.02569173033169897
0.03930597879939057
0.2652754629559484
-0.6956349458126867
0.3063412440511135
0.2469262724304555
0.39772587119038066
0.1988084636828416
0.10195079264582874
0.08088039040187067
0.19321070583594602
0.03236484475224105
0.17101013481247013
-0.07569722214253383
0.3475332490638027
0.3780746817045603
0.13500097694700336
0.14048513903765347
-0.23842530831327569
-0.14930416164103155
0.35854309289391023
0.3079977445785579
0.1473120763647645
-0.13186517579834722
0.005522097954729743
0.34896835137652915
0.03293381299167675
-0.047838803746658054
0.2651434383869548
0.33777096937237877
0.3757246180988068
0.13800560291580727
0.1339894089552644
-0.3887907722863211
0.14418975638715914
0.3235623949768779
0.10063015957218863
0.3684819972774953
0.12573662010318742
0.26761046105259517
0.21687672261140017
0.24253265651120787
0.24987034682428721
0.36269349870028467
-0.2718435132877586
0.4061917024098512
0.317042240644865
0.3261533900713619
-0.034631526136385093
-0.027734042040538975
0.22720284694586046
0.1836088266233008
0.2673403463042018
0.3541277338537275
0.29377795410486307
0.33015313525853407
0.27589994958476727
-0.10928132266641999
0.2558446190779917
-0.70872843216344
0.11158206497259388
0.3703088922849994
0.2003607827306299
-0.09922822545042953
0.1329899806638155
0.24095817679728077
0.005124259885687932
0.1724057600690066
0.20411531253566673
0.3064410609919369
0.19568819005836224
-0.19699815720364966
0.2887527122636847
0.04868018533687518
0.16508608468703762
0.06259838971985843
-5.608685690372539e-05
0.2278992519394306
-0.3752699446954112
0.1729659647137312
0.44342060479935586
0.13926683948113222
0.1938334192950495
-0.017484829135529845
0.24908717189788487
0.2302365676475031
-0.8059056284307784
0.316128840702841
0.32747996787824724
-0.5898893386127764
0.34499140671206785
-0.1995007896923372
-0.3282941415060139
0.16085005739144098
0.17296576903100513
0.023065746185467695
-0.3105304227087201
0.16624211366405356
0.41452567538280055
0.009806408703757818
0.28078026991427885
0.11677534561451786
0.07727856233992919
-0.253991409702752
0.21467635164772275
0.052201843160163575
0.29614178155908155
-0.27000608343243215
0.25066654363730123
-0.011911774497211924
-0.2601719965081054
0.373274560143695
0.18781365061195526
0.2893707345086921
-0.09796072491812091
0.10713548989578814
0.09630211617745393
0.01618600877469739
0.02414655044621994
0.25521238336216767
0.16141703923657758
0.004978821780480369
0.27166139522032007
-0.0529345716763715
-0.29036795352404177
-0.5109816253291941
0.30080499962990964
0.33280304252377124
0.16274716157623786
0.2738888750722941
0.2894906166548782
0.29995726638370535
0.11001748480605261
0.23867383492264654
0.382422385566898
0.40213701748151554
-0.10784446061322561
-0.008244531707179203
0.32942318170894114
-0.11799515474863309
-0.08344951053516769
0.29338174780438764
0.26017015181483044
-0.6099702999440433
0.4156706405427465
0.1691022513905922
0.2013105915076414
0.32301607081844397
0.02509237215078003
0.27478702435892743
0.04884168941735906
0.2342464895753431
0.0181829263049742
0.3870097218630716
0.29885586844504153
0.14945490428543973
0.30022520627246513
-0.05415070172028491
0.05741427351308426
0.2165704164682578
-1.3495348658461968
0.2177020663770653
0.29273181909912255
0.3347029361471082
0.2993906982543244
-0.563216958915828
0.21637148959825198
7.003247575232407e-05
0.16362163019409526
0.2325124762265593
-0.04467035025163191
0.251968785458041
0.20983261561856015
0.2719194020103216
-1.1297428090066866
0.3417086585525634
0.2146637261720381
0.10764359630096176
0.03211528870398905
0.09289388933709514
0.13945048287298267
0.22048351198298405
0.24400788979758253
0.21136325190497113
0.24536871069072108
0.18130864493783527
0.1269683460035151
0.1950108953379988
0.1899833517558871
0.2714749922870924
0.15643737815305775
0.2644420469598323
0.2957576732317405
-0.0029326166493451877
0.17318081490910914
0.26882846944328875
0.21332356626199284
-0.0033584262899218897
-0.033914241403622314
0.25587244813682464
0.2982215906977403
0.2819415644540546
0.1251224687624437
0.17251789710872512
0.2826966545626871
0.1736934821074808
0.10379749077763573
0.04816572022707666
0.21244733204615346
0.15251721357738496
-0.10856071110793553
0.044788907384794296
0.27661550164693927
0.15378571125235274
0.2991639841928593
0.2509945072288041
0.14882246702717816
0.23615551777878818
0.04936066526234967
0.2962084531489082
0.07715390624114798
0.3419528893977074
0.2828874956319213
0.29507489088660543
0.010181162269951527
0.23807849206771303
0.0934689403260699
0.23221703794216775
0.1037366491910055
0.33074929764221866
0.21940148796961095
0.1957573421406622
0.21760506011056696
0.1834506429357584
0.20761830260854697
0.38236915436771146
0.17738493146578999
-0.3404826056375899
0.23223389661664462
-0.22700298680182085
-0.03194090016179196
0.23806573111207252
0.4246381263766572
0.3090415217467151
0.2621313779152986
0.10156087517221091
-0.1491056682197548
0.25525108444836553
0.28525014264858484
-0.04137634243907862
0.20295114177725587
0.21240367860453013
0.07592023672374348
-0.3182209382735075
0.17592174055971682
0.12871899245272983
0.2054333949471297
0.2482680539071408
0.2692658663522073
0.25986409767505303
0.26593456873806953
0.2178653385074762
0.24561454798848503
0.29642473478108006
0.041276106448367544
0.07285639335886351
0.30760923085187486
0.2696605853770696
0.31368163010464545
0.09960007966877482
0.22588591845852068
0.16787385537875332
0.39228112499752055
0.14094131140925653
0.15897972041920588
0.09447237398846936
0.026507444651330203
0.13648413465080966
0.08087179872707345
0.20777767745385678
0.144653902288634
-0.0676115915573513
0.2307707311804546
0.2543939482137364
0.14392294741183626
0.20062562205753692
0.12256929821771423
0.19514320828591492
0.25553429129380434
-0.04247400418727021
0.24593987580083299
-0.04109534820753091
0.29822720207168274
0.22918759222122326
0.2678594841236872
0.14467488109497978
0.24216267486382748
0.05709822232829348
0.22768855827087814
0.31611371070994904
0.16798065208769775
0.2383945851333485
-0.1029693073583886
0.15729210361445917
0.19016397274799635
0.06656254905899184
0.00016162566819377666
0.13514041463050236
0.3077575114068647
0.025308433978778022
0.2741006387768126
0.32117111544901733
0.0938479630213544
0.24453538776031936
0.20738612388014294
0.1364555963305889
0.2646633889442874
0.18961038320409734
0.3280800787917913
0.307248881595355
0.17350852011511642
0.12072173935200692
-0.32571939177586895
0.1812702030051076
0.09957841756872476
0.09472280368284203
0.04611778335206773
0.11917845342216382
0.19995547963682408
0.14088660430602945
0.2533944063251991
0.290992379800339
0.22987257259176141
0.15793671130960002
0.2649153983759852
-0.07360511822388605
0.2360841108660982
0.22832786953905992
0.047189644775363915
0.1552537538422376
0.2242969940783438
0.041354165604350235
-0.0023664079111559433
0.17166800197493082
0.2305989707314952
0.22378478521861922
0.13145195537771992
-0.12010753124122175
-0.5016494655660133
0.20744587538568982
0.16656958057950505
-0.13977801594288497
0.25530680205602174
0.13564883163581692
0.21757450053405542
0.3149638586206963
0.26322410341734276
0.2711459758925636
0.24902352807921074
0.20485640226855295
0.043673806888159306
0.305462977638073
0.3052103590276208
0.37217126279980417
0.3341846273172947
0.10112743044589062
0.14233988163751665
0.005555174774752758
-0.002763616409064751
0.2234797719166574
-0.024891926135691134
0.18732503654671584
0.11708156746929538
0.1680160442214288
0.10086884504028709
-0.007041059730896859
-0.0547236835482805
0.296506212351251
0.25163279179844594
0.08859100243178031
0.23198389618567977
0.27858063636439523
-0.2115998867895661
0.14435498300801197
0.12734394439876628
0.07536576622429564
0.2957140588431164
0.1588062036815593
0.14113199657087783
0.21702220989560977
-0.06376147103204166
0.12146633702250703
0.0003033267845908294
-0.6940032567807544
0.11462748010258328
0.2698840799174691
0.1683924705959845
0.28265907912227445
-0.09872230661551684
0.240717555114994
0.21120991660987637
-0.44017252270869267
0.030654873484666667
0.3279489437255779
0.12933781489345725
0.0904258603088483
-0.04487164324072168
-0.21339385349690154
0.39656347041097795
-0.3066510455828537
0.2035882339650768
-0.1125767905154218
-0.035271034723695305
0.12121096863322445
0.28912283392933313
-0.16552765639351696
0.4060614956643947
0.3840875024180769
0.16628598509661124
0.20296944298670744
0.19617939815785712
0.3877363051231819
0.31523348221462133
0.15542775486427768
0.25093543438063726
0.2943618561161294
0.18130578280691712
0.23107729091332424
0.2393767927597511
0.3646655528797572
-0.0968799639967457
0.18040922814069849
0.18609850242223647
-0.26288909796489723
0.3710710118005226
0.16791038878488967
0.03130870046553552
0.1497279310530309
0.14058206629931708
0.02304428266191405
0.2910534538428918
0.3095186561889718
0.08824399703816654
0.283595506464831
0.25214504814305194
0.27068382401474844
-0.1134796271782138
0.3266430890459131
0.09937328560894165
0.20226838101117683
0.19409648903972893
0.2260468941598977
-0.14993795893187645
0.13182983938498688
0.13132349334799354
0.21096885792937364
0.07382202039865982
-0.0996978360474039
0.17597445265942363
0.1845043189441155
0.2422308754256915
0.20517561751726238
0.044560481218084536
0.07564379819548267
0.28121629764881884
0.18248923335277523
0.12285017652018987
-0.052003291969010546
0.12789354223106775
0.26766917270575125
0.17657090618064836
0.25936507320123403
0.13801980870045238
-0.008680118646043233
0.12331407872724964
0.16897346268479163
0.2274883416000995
0.06760928961030466
0.1404052403373252
0.020565486247899778
-0.34474030168262926
0.14137002747528743
0.12407060152322719
0.2267358765008154
0.37728931506066116
0.18070776543357603
0.18863757735604575
-0.007119638043821874
0.17574885759756353
-0.10898422023161825
0.15691038369062638
0.17529271090884369
0.17149225919620958
0.16340787861108957
-0.02352938799496218
-0.1524583200271612
-0.18654422828122041
0.22472486413352144
0.10702736412214664
0.2874984721853
0.2082389212889434
0.06587460143811064
0.3231730728120465
-0.5508032565825587
0.3001886212293125
0.36960665759299194
0.19992105903727836
0.3256393576183022
0.17214112638286766
0.15697894592678774
-0.258076241966653
0.20749540497666252
0.34349434691776487
-0.23508706539433266
-0.7465763312370253
0.1740961331655027
0.32132189032794123
0.12852884862506664
0.20030927405884807
0.3089528288722928
0.09703151437962326
0.2514824663265094
0.11937958065372634
0.35741048621455307
0.16839702987404748
0.2657163903349966
-0.39073742440169223
0.40694707890022064
-0.06699819137520446
0.3229341275089609
-0.4884132981532493
-0.016518746970273668
-0.11047493889693194
0.39986413908986396
0.3487535566511146
-0.10052068970449157
0.4404230609612051
-0.4177620832206943
-0.45459724959272485
-0.008061599472644954
0.015738629073728805
0.09094589966675304
0.41367595673061053
0.2251030545347522
0.09415208842733819
0.2981044025496712
0.15611882825381346
0.17480687281137658
-0.09253178613336155
0.31719263072380316
0.09076110877306742
-0.04224379355306762
-0.2361709403044333
0.3054370260370277
0.03295863654486614
0.4118154792865251
0.156867906381585
-0.3661383990674344
0.19866511984663293
-0.0017107294923757177
0.06722922339671555
0.19182010940116667
0.2865092798057808
0.2210442549436813
0.14844894092653588
0.05869101872019844
0.3748632848166541
0.33039341580183723
-1.0648824180389114
-0.3326963882724705
0.29275768409771247
0.31464283886260214
-0.3116820504804504
0.41362579972151264
0.07938154249165719
-0.8332009346116578
0.311643712856236
-0.16237021274523022
0.1550261967376873
0.2167311335922677
-0.4447365897467458
0.41931876499857124
0.29034878630347916
0.10667386295192438
0.34778569643322466
0.3780968787785311
0.19650852416295816
0.17984558729226668
0.33856710534889806
0.15998166851239287
0.37937260922955446
0.3298321689528553
0.33221061263243123
0.4429876161636564
0.3657819225582022
0.23325351867348765
0.4469173216451375
0.2515871825193164
0.0821628248036037
0.1914855018498952
0.3120650405059685
0.13467872556562077
0.36969425792352295
-0.2085901937431206
0.2294710995759343
0.36140641462419476
0.42677491719371846
-0.32221742854908086
0.4292318702485436
0.20420278469819236
0.3395153354128161
0.23829851217503295
0.3758740273283351
-0.5059935804426934
0.33978902993260107
0.17096351264488546
0.00047524299966683614
0.17781076850399485
0.23979795443818214
0.3080543168451818
0.056055978020748076
0.3879346679229405
0.31796009440241335
0.2289216699845466
0.394934751702011
0.34307926692587165
0.12324834820614816
0.3965033202665853
0.06673044078900287
-0.2967561445322606
0.09924607444323819
-0.2654110969303508
0.06582426836030825
0.34215402662349226
0.21548957856394868
-0.9256337209640497
0.42261771928375946
-0.26863505260971854
0.2753793273832056
0.16851583702836087
0.30715488710622485
0.25359596046723965
0.3424620709017314
0.2698627667455401
0.20828236577381914
0.0913558120050385
0.2120052280529212
0.18961180398527178
0.1734739531094287
0.26021457869427045
0.23235575546573617
0.3012042657383372
0.26882544673292397
0.2419804879198285
0.28099085900463605
-0.05728908886337958
0.24780786563563045
0.2824545792906341
0.09032276241612291
0.30244937018287565
0.24130608752502797
0.13150736265089996
0.24682479916369948
0.2551916623819718
0.0706153645788622
0.34789184083378477
0.24192296212794506
0.30908475825632775
0.09371849869610432
0.3086688929498504
0.0647379130639375
0.016126494701783844
0.28531632629942755
0.19814746565391284
-0.013845895649337137
0.3011135350176545
0.2394832352853552
-0.20987483445794708
0.24710640877234602
0.12498305462690923
0.2472542795288103
0.33775573656148733
0.4125481352537889
0.3201635597579453
0.19880982061384384
0.23971375843614595
-3.6246922817324503
0.30921557728143345
-0.15260542262956966
0.3258839917350911
0.1330960906450822
0.23711910165634908
0.2182085168165157
0.3802066398396551
0.24919811576084144
0.2914552036316387
0.14086123895919794
0.13552455326395568
-8.051504765909353
0.2532149588713024
0.02299411924726613
0.43462168268165213
0.07497931498639959
0.2718460741731048
0.25459155039837156
0.3088763519248383
0.4117755971839485
0.41973780682838124
0.4254145668957164
0.1626105559205428
0.48035788426440096
0.38211550908790404
0.3495066790220235
0.24481599919708874
0.35646001455766974
0.37136098103306814
0.4508346017329347
0.3776768170670861
0.2673011866647337
0.26025934488380587
0.4328134233710855
0.31906430836008204
0.3015413418914414
0.44371226372958095
0.22661063937309828
0.24266892859300476
0.2558786332888019
0.42000949770216994
0.4233773386642925
0.367653002837927
0.14562348362243704
0.3689247528898112
0.21453577271159896
0.3091266649889399
0.4189941007695053
0.4176715361810245
0.39427447039919783
0.4010109705849902
0.4708444961565334
0.3611959829406353
0.33511618875224386
0.30906979675725055
0.3585994000288615
0.3369851821904813
0.37594541330643866
0.37031683578482955
0.2564361145072037
0.41048326421484316
0.46779472998380145
0.44661133837453837
0.2928161939651722
0.38887230959714514
0.31144946795327133
0.29649023124526175
0.37002477377791754
0.30661211943408706
0.3978298108356406
0.27920709500139274
0.4155970981330338
0.429592739062557
0.42136197760175653
0.33927659143977523
0.3420855370454386
0.33015359873333294
0.44421669929124097
0.3538777007384869
0.272967209955688
0.395997075185732
0.335793100909431
0.3467628784601775
0.3304233292516993
0.38720182628481825
0.329032035611334
0.22708992765304442
0.39050616853476106
0.44849306920238163
0.37130595063800464
0.2947864400238248
0.1955085169777545
0.2014462773413337
0.21354169081164032
0.3215033915883714
0.3972185899878126
0.2951862275736624
0.36241502774280066
0.2984715127125024
0.267456722006741
0.39508833944274696
0.37523894965126225
0.33565417497012073
0.3068290194148867
0.40351921583720285
0.2661523349735436
0.39466846854125426
0.25346969983861345
0.4264051947478296
0.37832832236602965
0.2969435411067876
0.39096360004554365
0.31984778621872634
0.33525143028700005
0.29619970685486013
0.27915220668715723
0.3597890369239667
0.3124163881998559
0.3450433324261122
0.4400782804531304
0.24273542830498435
0.23172310791547412
0.4909643243347576
0.4030562237090292
0.3787748340757715
0.40759062110783006
0.1958207667742517
0.40207351417567017
0.3525427967400837
0.4361916207725644
0.279646568787383
0.3651523505396472
0.38434725222589483
0.36171010983910284
0.364483578733461
0.16325502119136887
0.39551185134763855
0.30312324756079656
0.2913491938774684
0.29194305354450206
0.4290139173274983
0.28929630520857796
0.2624755470328284
0.2705774805240324
0.06690767711587686
0.30378884879009493
0.38417410378905203
0.44808520881267616
0.28477457411611706
0.1955934479230042
0.20778103514660212
0.26417656159187175
0.3898638551867458
0.2827537557418825
0.2287423115402819
0.38269067718574284
0.28760487343156427
0.34703655847023746
0.340407588550615
0.2105792402798175
0.26862383811785523
0.16191831154845132
0.28794886106195705
0.4085162161253011
0.2523066678344461
0.31984196771646
0.03351865779960711
0.3501608365217445
0.2817410308941495
0.21235435485361437
0.18024695741281094
0.3883189107895729
0.237084512085469
0.3041789938581483
0.3119365188841329
0.21212231282430755
0.3296580308037401
0.3865124013690932
0.15525689277930282
0.4014503288673101
0.370350125159265
0.3902371234712916
0.3275828347844306
0.3562085353308969
0.27328573067015893
0.34800924181793336
0.2794826681287095
0.32607754854914983
0.08144923720340352
0.1675828368670811
0.19898613784831137
0.2739129381569202
0.4000033996108584
0.3600412953897678
0.20871285465992984
0.21815875270833296
-0.0591134023091352
0.39883894651262386
0.3476323732611254
0.05919813636847476
0.3898704243977736
0.18539646186766312
0.32777949029925973
0.35437918418468556
0.24469101409345
0.3407105652205944
0.3062672224308647
0.3737230626614929
0.3121431752745276
0.24213373479543882
0.227853392177777
0.1780123274843433
0.16386399289090947
0.2291819495477861
0.28339596881958595
0.24732793560519217
0.27685632713240205
0.20886780644834607
0.3380166420550663
0.25884577527673747
0.174437963710862
0.21225802965271878
0.2918074953730604
0.1890711197448804
0.2976273395492521
-0.03467363997828821
0.16940520084114918
0.3937337371436149
0.37684460649907564
0.2089445253699297
0.3822435824518855
0.23878439103101784
0.40388026702726953
0.22965155281149202
-0.12002294236668631
0.3701860454344128
0.36085288579085334
0.2711577175840745
0.22120019927055118
0.15296956736899708
0.2817544802080109
0.10251060433763809
0.3589191272721144
0.320467346366593
0.24411681519513134
0.2642914379769832
0.0012636036300507358
0.19408433308696416
0.32511062453606604
0.13575394729973167
0.27749818123334824
0.29039325919687525
0.3196911812552947
0.05316896262113968
0.23312088623402788
0.30139505750382867
0.12235980726275508
0.3552595982033964
0.30883861867270623
0.3814390058081504
0.1951656053765513
0.3706918939241928
0.15338661655430513
0.17006568654454385
0.19864640125624095
0.24724088250373388
0.32411611959262165
0.13384669435832902
0.17943423439176043
0.3223684970514
0.08410083017874459
0.4180319877041407
-0.09033326706935219
0.3431997216332291
0.32021078476302545
0.31931885341395994
0.2884617655923618
0.3746749520129459
0.2762731893831223
0.32487902573162253
0.3945180730498973
0.08154657060906378
0.28377329568614973
-0.014001340025568076
-0.17037518467854962
0.31104545324555144
0.23359301643575264
0.19492113814717787
0.30166465690101446
0.24622854742146028
0.28151493199166217
0.2352481735045726
-0.34777100964940755
0.3122469161586432
0.3537785751726291
0.17912021622435198
-0.09658184906418488
0.2380985646536265
0.1365159354064331
0.21165487535555805
0.2995635172160005
0.24869383953603075
0.23430095390416067
0.23811759036678304
0.28978877530529673
0.14867718129924923
-0.13269224196937113
0.07467683176779727
-0.03359156434304755
0.15753559205037126
-0.11309824439064342
-0.9721655369285578
0.40814096718255083
0.3203599719078226
0.22470033986563914
0.10218528085498363
0.19946062549670002
0.07893502624977589
0.11811580946240519
0.20281169772640767
0.37867387533873575
0.12337053496578165
0.3954581169257011
0.24312803506353015
0.2195681020245303
0.03792013720230142
0.3548787203329036
0.1895792022418727
0.3299557272541436
0.35538785569409215
-0.20981022273462557
0.33127432680800234
0.09427051234219602
0.35651695189808597
0.2685949002660029
0.24561298012846378
0.06338162114479462
0.1761184782176634
0.18914850768680752
0.24903205953967827
0.24806541575385127
0.06340496198844298
0.38187944754468384
0.26216552345496863
0.2669515168105937
0.3161522982646939
0.2636100095243227
0.30163448874453774
0.37667821504485277
0.3158749586582528
0.13389489590913417
0.28118570351032124
-0.08595379030772798
0.3651877491670849
0.23072398334055777
0.13646180560845178
0.2829572244199965
0.05821977762314012
0.18573804473646516
0.3490099104663118
0.2424044712121894
0.34769820078397495
0.13263718402376862
-0.5762461248133013
-0.0935187800505134
0.15900285933866948
0.13312776084563616
0.32100161724046916
0.22382436724860133
0.20969857366857564
0.31306897104086573
0.18963206545460093
0.2774663920977467
0.29662153695634025
0.18033122458246142
0.05535028138475989
0.36210641687828754
-0.37524916538488917
0.27552292488502594
0.37256672869576907
-0.0032389864817425895
-0.22980626052347786
0.16369227482019372
-0.08044354662810027
0.2576875444695669
0.10673208954948343
-0.22879791394002358
0.12368147739493834
0.1335927180657711
-0.07972263796992596
0.2440917024036363
0.3652470549853205
0.26385738535109937
0.4410098843178901
0.10737726233054495
0.2907639412228583
0.20649558797320344
-0.6673796986522322
0.39265933055062036
0.18171328264178221
0.2295773164562649
0.2626739673642628
0.14941790752795953
0.2634546228747501
0.2788765166636148
0.22360646377070426
0.2470258860811143
-0.4488281369045609
0.046124010936641646
0.09147716865472888
-0.07216501258221997
0.054342502584607266
-0.06365474615854239
0.050311827631230266
0.228176281425706
0.1846163209372334
0.1284215911508571
0.028667889765881027
0.20669876678716048
-0.15152664330535393
-0.07410427186897428
0.012743017226104991
0.24828839867203295
-0.04717268103468586
-0.0677248839780501
0.09502793944008797
0.23859940773217725
-0.10324094976904219
-2.196749411658461
-0.12148576211330031
-2.075942860327212
0.21233056903077102
0.24365530499101185
0.12006575969738303
0.439688477724534
0.1754959078769988
0.48180507724504995
0.25032932300399074
0.19425985505230337
0.1898188833469548
0.28379452717040987
-0.04235394737247511
0.4313813846025779
0.12023731027030538
-0.8970595505485426
0.12626965130295503
0.36405447201657887
0.0006344182601977222
0.35323239480364454
0.30472032762055495
0.28321217881661137
0.4145257296065342
-1.1139800966313615
0.02525890478894499
0.26123319100197706
-0.09451107589098473
-0.10073395691481013
0.01774870105513149
0.4565868469684694
0.2751292662407181
0.1609157864068071
0.4696731399520045
0.10197694056979772
0.3455121098388497
-0.03463238202011265
0.39156004843802045
0.27210585268148846
0.28800532201196827
0.19923446938754263
0.30095134469857227
0.31664517820395294
0.40156620874995624
-0.08909240716853994
-0.057538539683474665
0.3056965825372705
0.0618248103167191
0.20427002753113171
0.3707716242305721
-0.14967121543507833
0.2993404661945843
0.2212894707327781
0.08553618925210227
-0.08188143322582087
0.1921067851277437
0.337659996933949
0.41755132798199446
0.4263935725662115
0.30054451501564416
0.3701761972187012
0.11934672324863227
0.18510300544281127
0.1793108994901616
0.19739428457871638
0.38222416574677176
0.27502797032912873
0.22779933535043284
0.22725734098789385
0.1859197050183395
0.40592696512125115
-0.7804700967423799
0.2558556647379484
0.09929205563066168
0.3869065500617229
0.1539082257535076
0.16212490699963622
0.4014928642029703
0.222424974708275
-0.033752564871853075
0.23962316568906855
0.2117418201385326
0.33210125261935236
0.10898178307488815
0.1602347693335608
0.32589563617760625
0.2897768061683169
0.46812012915884205
0.36476702389789145
-0.7885895436558246
0.33525707028211604
0.40011281638987595
0.36377721861627066
0.42960965575725346
0.22941366603154423
0.2400522794040904
-0.6576175148429189
0.11200264824427641
0.10856060010385915
-0.16669343080032917
-0.36735208752172044
0.19876601623929996
-0.1914237798304137
-0.7261969826348307
0.1480094858437883
0.49151842401929396
0.13813055067758306
0.37611897355285534
-0.5365399151990398
0.26602972952817733
-1.311447011418183
0.10112000677922867
0.22416089272012651
0.1422200170996593
0.40630548886221673
0.22161399440856605
0.42327948639954904
-0.013629848636823927
0.22416321835293918
-0.002139486175815275
0.13817045441798848
0.3634655054125456
0.16188753145236867
0.3587160826311008
-0.08830798723086408
-0.08152936995004967
0.08108531146165127
0.1026516966826958
0.3547665060828509
0.19846679915578497
0.37885362284841523
0.16956145680673457
-0.07820576862097683
0.24072648114215367
0.2532248666332344
0.16602554930522861
0.24689526596866346
0.08173313106773566
0.15756587649222265
0.24402694298416389
0.07190350574397475
-0.6544593050594021
0.3653035279655969
0.22475163420101496
0.1855124360417808
0.07735596421130148
0.3145578186698671
0.009976331470828437
-0.35515229797938475
0.10046266593046782
-0.04103170635830944
0.08275783881240084
-0.05488869485596193
0.3271174774155877
0.051685007129177674
0.313232977077717
0.0008319008639803838
0.1648159214528478
0.37097783739238843
0.2993230138392483
-0.04126461781131452
0.15931275874298656
-0.4066276309627702
0.2974730116192772
0.2784864510107288
0.07723169298789156
0.2728243132155943
0.40154118045727943
0.323999201232524
0.01921655636355446
0.15635163370659544
0.35218524973307597
0.35143700885567636
0.16657524059115209
0.37025062188272984
0.37157059849764484
0.19696868495073971
-2.1697304321655064
-0.32451965143893324
0.15269883894227326
0.2928754170903727
0.44626639932245876
0.051219737541636945
0.22397706137551687
0.31901824920620925
0.15310894058440966
-0.017263562719106562
-0.09538995143030171
-0.1117131626176554
0.38423527970846005
0.32824460034556613
0.14905345316447272
0.2742910050439693
0.18950728867419797
-0.14013626341222696
0.11197931877120981
0.2363336747609926
0.18184384085034422
0.19946474145167448
0.2051964682359415
0.3285670612905296
-0.12984799427593352
0.22104734073201326
0.2335187216877883
0.17553012682421065
0.06440791494282588
0.0788510547791259
0.21573793570438454
0.31235554576665936
0.26242112282998126
0.29826972808074337
0.12364029863150094
0.2643982689967769
0.14064551834037592
0.2491170468116457
0.3102989349916828
0.2235780917119371
0.16383012989072754
0.19392258178563648
0.24545058021529248
-0.029737974760316477
0.3269245850352699
-0.5342014484573583
0.1828812714936049
0.18940638242307
0.1701071209100377
0.03199787032540735
0.1235027134966647
0.2199220122892055
0.09327551099923409
0.1401342121174604
0.18249914642699339
0.2707528826262679
0.1575358685236924
0.28417171527220286
-0.606680350287458
0.2061003747799075
0.20310948381147892
0.1698856532451425
0.07240575956203177
0.2435399923773916
0.3729426091266083
0.147255597148863
-0.004519212461899014
0.2602091608881497
0.1606986682651187
0.2596526031617957
0.33569449094869974
0.012210912364059467
-0.5156974801443261
0.2829821728685723
-0.032915846503500434
0.26039201413673657
0.09654325292389637
-0.21476857228964652
0.2566610766213663
0.17480740232169917
0.3189307491330806
0.04209310106689251
0.07212729540166551
-0.037636946422046846
0.2882394523676219
0.31799117515311814
0.21551022509303364
0.1414594542832907
0.31260236832999216
-0.6179250435818855
0.2901739342847096
0.2859972911447981
0.3282149783956307
0.030097711451428477
-0.820018877103168
0.14794076163808773
0.24458150665474837
0.18868662557878257
0.2086287045620891
0.2394694019946652
0.25217028744959313
0.1995533766602825
0.16681672982393558
0.23941099990553394
0.08019787175033566
0.16365593648777155
-0.14073940477395908
0.18793282440953724
0.19989710857667548
0.4273625829764699
-0.41470513080872085
-0.3876801774228662
0.049643846247588275
0.13266977251271123
0.24114370279246294
0.1667254443613309
0.26363836994866546
0.2912473939138567
-0.48544418377325427
-0.1877007400544245
0.1431915330348063
-0.23254514075967336
0.34344863812037785
0.20870162720972824
0.08164226288565002
0.07091631218998123
0.2101734524616336
0.15841140836794437
-0.037769762661140294
0.25842148403420445
0.20927097498523417
0.21401327926339703
-0.06986419240918773
0.2670280207792365
0.011335724959376514
0.2493394802207175
-0.2030170890177707
-0.38841719627786475
0.09930095393224142
0.2293808601727535
0.13904056280690286
-0.025272854409904233
0.1644548889704393
0.0334776460168299
-0.0636398579962183
0.09723398354064561
-0.38047298871692503
0.2814781032220688
0.3274226920793528
0.21229377289607515
0.03736524774802341
0.2873412282890887
0.21308349035842616
0.14222170358230413
-0.25330106759162185
0.27089991040016054
0.3495891063859632
-0.9508411247810793
0.06354378682508577
0.14400920905960268
0.21906490339044998
0.22722431919566566
0.12857405174744546
0.3550099069398329
0.043538774468718344
0.22982737387955382
-0.4672256701429284
-0.2627458029328843
0.29472113185639515
0.23325700191237342
-0.15198694205869634
0.38876428021490267
0.12734506829668385
0.4609787075235128
0.3278149145245736
0.26011687818985296
0.32495825715700893
0.320145823664745
0.1890673814860715
0.42026337874747494
0.043084636046151925
0.35751688833227535
0.3244578713982821
0.2080830567980504
0.14957144844792541
-0.30814446166707943
0.46019443494042866
0.4164445233349341
0.36989639565332544
0.2846213002059461
0.30294672348133866
0.11983507055476855
0.3773404805960613
0.15499051029267058
0.0990930739515386
0.36527088130319796
0.14799945844851348
0.05572065275724719
0.3538331577857895
0.33809903714748507
0.19837486362224005
0.21846416626839704
-0.11552349819773111
0.4367519087496947
0.09348118226340152
-0.011265706246799345
0.14358241544243305
0.318774751002374
0.37444524554787995
0.32770826686708354
0.3904231899676658
-0.061503639581327874
0.21148453715834686
-0.10356397644813864
-0.14759195865419372
0.39647720759085847
0.37756771740902845
0.25714490289056713
0.2050473399126691
0.18717221615095375
0.1386591911897651
0.21790097420963017
0.33389895682554216
-0.13911804256467286
-0.9186620379148442
0.0971048487305774
0.4251777576996011
0.1781166245599729
0.24443142294531522
0.2609826974381463
0.33441423821247235
-0.2395799762390607
0.2867388256849148
0.2661417539476878
0.12538473568315034
0.24783592344861333
0.26269470216316815
0.2474604273852432
-0.13141279918110804
0.28649516756841953
0.1983780332940389
0.27629366073456174
0.1812745575056181
0.18414097042060984
0.41342014562083823
0.27579146222066925
0.156251047428978
-0.24377445792967456
0.06900586375876272
0.111429216251619
0.25257105027111143
0.06122241178068982
0.22559698710171022
-0.024219625224305652
0.22915663843287531
0.29188502857324355
0.1634182447583844
0.18176150274369512
0.1896126607938447
0.13133699275763006
0.18211917218848583
-0.12161192795466658
0.2362006422424594
0.0680761966992377
0.22785039925700817
0.26865805517628555
0.2431967113238701
0.18819081215534988
-0.06176526333186849
0.392593371048939
-0.03960481566898122
0.02286748131305877
0.3600587491124245
0.21955852435279638
-0.08375493837193948
0.35403452467012964
0.3353664570365708
0.216902092714725
0.0891526985365676
-0.25253154997278704
0.11139187969129388
0.04689417874067614
0.3155510207944472
0.32973500252910226
0.2540787531157268
0.05853956615081973
0.12167545173762517
0.22112905103577124
