0.9876794612859746
0.38168884740217085
1.0550408915312226
0.6194950276139503
0.5663999591410257
0.6789841529746239
-0.2140042851183386
0.7652732968500267
-0.06935864060881551
0.20768879923750377
0.18031692915038214
0.21986985312003648
-0.055126056875096564
0.3448908929755756
0.3237343340261061
0.035481881514804886
0.22298723948218863
0.9138266491732737
0.5610319636608304
-1.0059418310006443
0.2256452098591737
-0.44233486429471175
0.05250490248215051
-0.06996396233300087
-0.00608893258267147
0.18778923631382913
-0.41147505822334324
0.07038013353889357
-0.0273146630563132
0.1795140095616811
-0.11258891405455554
0.020437990940806956
-0.024936727187820196
-0.20978964617354534
-0.19142510708378946
0.192871936399876
0.6518837125725001
0.4878691004813403
0.2332385191033214
0.9442454685140951
0.3833329510888776
0.02503896453628296
0.346134477447856
0.36526041838247464
0.8234141601053351
-0.20716929983190738
0.12350908858417363
0.3504346823635616
