0.01968846656005897
0.01735397687192073
0.017442416826809852
0.016964854386068623
0.016578510643913916
0.016209801965950864
0.01606618212532489
0.014915742378704622
0.014262461698798178
0.013289271679520466
0.012107174245685656
0.010545975780546944
0.008320721487589696
0.006689509589023155
0.006101637576968728
0.007450782118627155
0.009274891591305186
0.010803318486483556
0.013756639847021745
0.01806984117402676
0.021750428267206842
0.025900820200211727
0.030165887626940956
0.03480814634468647
0.039490150036127415
0.043475251975317875
0.047765341137722954
0.05173720896435952
0.056153110992138835
0.06124253464488119
0.06573655485404173
0.07019098455728266
0.07397611477823399
0.07759884672449013
0.08149421640477182
0.08560479920099724
0.0894124513289084
0.09345879599839671
0.09774155512619463
0.10214570066474642
0.10654016854679697
0.11118842747796569
0.11595537048945614
0.12057328691187998
0.12508532759258356
0.12986560521008297
0.13509122816947225
0.14078100648375036
0.1458180895564469
0.15077479464739882
0.1566102139272987
0.1629181485330082
0.1679575372054633
0.17256846911719928
0.17644528449380728
0.18054392521343737
0.1845224933140726
0.18793217412933969
0.1906043048577136
0.19228513080115733
0.19458514330041046
0.19682126394147087
0.19951890665087255
0.20216994185736545
0.20487235953289623
0.20712572144865823
0.20943534928980076
0.2121733089330281
0.21508207001119461
0.2178176705962316
0.2201638115442382
0.22241570329946095
0.22428450349010023
0.22616736911449142
0.2274473184088342
0.228283266859455
0.22907928762395216
0.22900237151532468
0.22917603598461983
0.23034256472315062
0.23182573752247562
0.23356371674988177
0.2353887827934145
0.23719825170413006
0.23910430606441738
0.2411982406741526
0.24335183673251626
0.24523246853483094
0.24688541158288557
0.24882344163105463
0.2510358967291186
0.2526700638199233
0.2543008473786117
0.25567890921394093
0.25587083825799734
0.25575900397389956
0.2559293641268489
0.2561532375891194
0.25637835001964404
0.2563551317275632
0.25659044531426906
0.25661059564773625
0.2567102212722035
0.25747821837245305
0.25840788793751596
0.2592598488634551
0.2593843146010241
0.2600644026321748
0.2613691097649289
0.2624796038519051
0.26339229461618735
0.26428612982634253
0.2653633936841949
0.266228154440723
0.26747665835841067
0.2690201651058535
0.27036734281825003
0.27182765701915873
0.27307426461820467
0.2743816882803197
0.27553085317801757
0.2761303017595334
0.2776562088300552
0.27905032421867565
0.2809625430971445
0.2827296422209997
0.28464273579519866
0.2863205268758977
0.28903268313093294
0.291663574678113
0.29397902580895574
0.2962911733517379
0.2983564260689265
0.30068242533801254
0.3030488666518471
0.3052636444141712
0.30734704606410623
0.3099908091927987
0.3123735470112484
0.3150090410707153
0.3181316457354805
0.32062544878566984
0.32339615829024493
0.32696204297956577
0.33110678468996196
0.3345953505136539
0.33775663405404815
0.34086108841072327
0.34428766924498644
0.34821890101623904
0.3515327505768536
0.35462453164921026
0.3575472664571329
0.3597838579894038
0.3610284629767267
0.3620478203644319
0.3625134029085854
0.3626594992232526
0.36253121627617174
0.3632967962235873
0.36430062058786494
0.3653151004291788
0.3664100907052805
0.3698124674503797
0.3722329456113783
0.37394377101472753
0.37613079468456123
0.37730611965284233
0.3785473598652987
0.3785042648420999
0.378365434408066
0.3783446579619418
0.3784775893464906
0.379102703398063
0.37938050401537077
0.38041296826048
0.3808810172128121
0.3826227777094133
0.3841519374907529
0.3855045130355982
0.3878592694743559
0.3901892480557354
0.3916702719578978
0.39239866651617017
0.3933204995805365
0.39475070395299783
0.39698284956532764
0.399355444338047
0.40053967846384164
0.4013003771578833
0.4013925946512688
0.40162355765665864
0.40151031306867824
0.40116520670353273
0.4019000491197487
0.40257657836695454
0.40408798538158314
0.4054061065066655
0.40635319063803466
0.4065159459260432
0.40664681845441425
0.4073133833901164
0.4081034124581166
0.40954714532271075
0.4109077621488598
0.4120755056336376
0.4130999334214112
0.4149656268666053
0.41816501942100714
0.42119895593930984
0.4240867354662214
0.42770933041747733
0.43095309008906874
0.4335516856432218
0.43366186076122026
0.433452439629151
0.43349781385872055
0.4359443671026002
0.43917570721358457
0.44173622079158853
0.44566989864934264
0.45086962274125486
0.45511954945564576
0.45859741260221587
0.4620062981975324
0.4652768880172644
0.4696082592396261
0.47416596549716417
0.4794346738817559
0.4846094953451002
0.48910206103095805
0.49278660416961156
0.4959208028452652
0.49916230202363604
0.5021660411261195
0.5049662282332112
0.5067701974169172
0.5099200647196898
0.5140843878687976
0.5171214280028883
0.5196184701247322
0.520432971007842
0.5215471631210741
0.5226362054312274
0.5232568309349978
0.5245341520716853
0.525425352379925
0.52622046669075
0.5266586118098018
0.5258910702177041
0.5305405386273956
0.5354229222064465
0.539535251296351
0.5426199951302935
0.5471356436913213
0.5507273631958154
0.5535711933658048
0.5555945214383021
0.5571896230815273
0.5596160991543646
0.5617908990189092
0.5636577376034897
0.5658432654220709
0.5671832100466376
0.5676537335079401
0.5681879076407844
0.56877607951505
0.5693115030525405
0.5700117367049007
0.570456108637745
0.5707018219696928
0.570924997020117
0.5717719541493383
0.5718309986010205
0.5720405489120663
0.5723454014165245
0.5723836270640128
0.5719264251585946
0.5650195383310131
0.558640787981901
0.5529653676430358
0.5478699475349278
0.5433747894541286
0.5395062193892061
0.5361821951296747
0.5330054241978583
0.5296666943571186
0.5263786571268759
0.5234254556624863
0.5211314368215595
0.5187502295054887
0.5167830915671188
0.5148628817690165
0.5129823573684599
0.5113417394171283
0.5101266348951508
0.5090485904526747
0.5079100923282197
0.5066259769368497
0.5052630574383918
0.5035385860989118
0.501936991763543
0.5007258578194768
0.4990156430907158
0.4975179100487817
0.4959791303810043
0.49444122124472334
0.4929586314786186
0.4914349158639293
0.49002026202258414
0.48747359555770275
0.4850383215806043
0.4832711947175261
0.4817990531379442
0.4803404911314125
0.4795588972586104
0.47879125173717524
0.47817011088584577
0.4777810322529237
0.4776438565589626
0.47772246803304436
0.4779349177331101
0.47804573260684446
0.4786251287323487
0.47771343546417094
0.4760195312633473
0.47439215378230254
0.4727949544293208
0.4755126175137509
0.4773098764181059
0.4810396105085408
0.4839377149047717
0.4863097006339889
0.4883093107997004
0.49031205833116565
0.49214633296256005
0.49383444294347784
0.4955090958364612
0.4970326019569709
0.49837827371104104
0.4995227751055908
0.5009624863385824
0.5022881210224668
0.5033529467903999
0.5042891048938938
0.5051992150928812
0.5063593035291953
0.5074463053488486
0.5084761968220507
0.5093370575728109
0.5101761178231916
0.5108908169477575
0.511624764896764
0.5121610475484851
0.5126644150530323
0.5134325570661632
0.5143996156299144
0.5155995954327868
0.5166818208524523
0.5177451342262349
0.5187289428543346
0.5195584725432708
0.5205635487543603
0.5215633002823811
0.5224603701637021
0.5235785686476885
0.524443150708509
0.5253135529219434
0.5262404716473448
0.5264412417576764
0.5267572040869939
0.5268598939548493
0.5271529930704674
0.5273436145150205
0.5276267305973571
0.527749113065929
0.5276934105565054
0.5275070635824546
0.5269485997241486
0.526318150210658
0.5258203280794064
0.5260754665022468
0.5262031444133719
0.5261178881097474
0.525388974998798
0.524949758624595
0.5244064422730518
0.5231420628300159
0.5215877027634133
0.5201359867589055
0.5187832624078053
0.5175255074619534
0.5159349768476977
0.5145644782460472
0.5132476112303526
0.5118708409362652
0.5107604332059057
0.5096486081581962
0.5088254128653166
0.5080069590928784
0.5091740668449748
0.5099903383786488
0.5105921275452598
0.5110754762039301
0.5117910392386336
0.5124098595622169
0.5127995946524098
0.5130925051318314
0.5129028845117883
0.5128765438453545
0.5128034445245714
0.5130307361243367
0.5133502788581403
0.5135786000513959
0.513783806655747
0.5144266845042436
0.5150788365716316
0.5155390069849457
0.5160394942735737
0.517805330298224
0.5185750914790613
0.5195940792472679
0.5206689299073197
0.5217093967375895
0.5227959991483385
0.5238419378035456
0.5244586351074005
0.5252215652005401
0.52579846244081
0.527726628301263
0.5295278531545107
0.5311854079220256
0.5325756406654025
0.5339172081023428
0.5351468302843714
0.5362094662695783
0.5371485881705195
0.5380216568166152
0.538860162337071
0.5395836946335644
0.5401691694141209
0.540827339519168
0.5413975816001872
0.5418826043408682
0.5421721727109019
0.5426461575158205
0.5431057624987159
0.5435496966495461
0.5439764216656156
0.5443622814625638
0.5447850174330033
0.5451688875558965
0.5454608146946112
0.5459264536185977
0.5462574849961155
0.5465794588006148
0.5468617922568647
0.5470574276504127
0.5472167892622883
0.5473670603118534
0.5474998633900463
0.54763725947303
0.5477019434158554
0.5481698502451323
0.5485599549154923
0.5489204548718436
0.5491820856534262
0.5494390975543318
0.5498502440707174
0.5502664485730113
0.5505519051655554
0.5507695847375157
0.5510005383114221
0.5511741390903367
0.5514431714914139
0.5517380325306798
0.5520853334261155
0.5523476386865027
0.552587118877546
0.552739701668214
0.5530547037673278
0.5532595217201071
0.5533565367722764
0.5535112439568043
0.5537577203504281
0.5539408508186126
0.554199583208067
0.5565600020908841
0.5585184257776746
0.5603150626817416
0.5618265198739734
0.563047191895533
0.5637317025444791
0.5642423547810992
0.5647715148276649
0.5653545044079168
0.565877529196697
0.5663701347152533
0.5671165245235047
0.5681486887276618
0.5690243544690053
0.5697516074377551
0.5703851038120332
0.5709860319775748
0.5719928035189368
0.5728743690371085
0.5737016899692273
0.5744717636297509
0.575100597683559
0.5756646664040345
0.5761188789808329
0.5765208415839226
0.5769028095883171
0.577348543837855
0.5775102566141324
0.5766450925554126
0.5760066782083443
0.5753894219077933
0.5747369514295028
0.5741783647802728
0.5737195881727849
0.5732702093072236
0.574994388984452
0.5763646365663366
0.5775978152319058
0.578717700063943
0.579617189914861
0.5804876488163095
0.5814461027134641
0.58242839283347
0.5834381197983385
0.5843097091815925
0.5850505053059867
0.5854651132591938
0.5858077691190502
0.5860968107821556
0.586474507445656
0.5868257274665072
0.5871382904439364
0.587604509685099
0.5880332857438696
0.5887625275663162
0.5897655703302772
0.5913618230622788
0.598545399660086
0.6049711783258238
0.6105895289827518
0.6155107135351261
0.6198142855541494
0.623596682094977
0.62691617549798
0.6298546746883548
0.6324335522182187
0.6346846853970203
0.6367565945474984
0.6386175685579408
0.6402701557877882
0.6417568383875826
0.6431096119443755
0.6443112133122025
0.6453646425240549
0.6463092220612744
0.6471670871789146
0.647929255182055
0.6485986016834349
0.6492451291928921
0.6498402743566858
0.6503641571851844
0.6507967699188482
0.651195872560548
0.6515639966088
0.6518422356182884
0.652756013736605
0.6543833565174042
0.6558295230525024
0.6571040357931898
0.6582265069515696
0.659361383424522
0.6603668649988235
0.6612544868590692
0.6620443457763006
0.6627536356335424
0.6633715575264343
0.6639157176561069
0.6644148036581218
0.6648549034163771
0.665227663684595
0.6655638865742348
0.6658417229975492
0.6660414927458808
0.66621872185181
0.6663696042448859
0.6665237308489126
0.6666649462438835
0.6667940593578312
0.6668908672834909
0.6669767889104505
0.6670626648484241
0.6671441569465981
0.6672175077537449
0.6672877745629563
0.6673425855045105
0.6673896878833351
0.6674121713976953
0.6674255662594363
0.667439009607187
0.6674455109336663
0.6674615865304155
0.667463103342402
0.6674623187319443
0.6674974875913343
0.6675268028068607
0.6675498689096218
0.6675707622384544
0.6675806752130462
0.6676113376403853
0.6676528305520802
0.6676985419011988
0.6677496656468036
0.6678196032122161
0.66789058796878
0.6679555749867365
0.6680182266746767
0.6679839601342601
0.6679674842045289
0.6680074290111855
0.6680482980250956
0.6681075620865773
0.6681695080883233
0.6682049635512523
0.6682554698044478
0.6683943474347294
0.6685358530674274
0.6685985898868791
0.6686833303476571
0.6687843588757936
0.6688654392051296
0.6689577601771736
0.6690528223385235
0.669093528094219
0.6691187503087456
0.6691212973440491
0.6691034023297958
0.6687606270755859
0.6684286695414383
0.6681029675971518
0.6677912287783552
0.667496547836704
0.6682410256319439
0.6688647276637715
0.6694372744041672
0.6699372905488852
0.6703680544910017
0.6707416424683046
0.6710564265596244
0.6713850395100015
0.6716822023560391
0.6719239064372731
0.6720918154112271
0.672224438141555
0.6723349899398504
0.6724099581734763
0.6724212507027743
0.6724206100012783
0.672373902904849
0.672344474789567
0.6722986422180961
0.6722491182032125
0.6722037729610544
0.6721712894370676
0.6721555460627978
0.6721365747583147
0.6721180231719971
0.6721102758443562
0.6721339233985785
0.6721495331045396
0.6721258646460523
0.6721012622597083
0.672098614326933
0.6720850650671573
0.6721253462298762
0.6720791586626299
0.6720411061097409
0.6719978666994498
0.6720004354823866
0.6719941541100571
0.6719733985308602
0.6719784196948095
0.6720404363554165
0.6713208863996015
0.6706523443707675
0.6700945380935958
0.6695798219114699
0.6690728587479418
0.6685558319050756
0.6680973535981607
0.6676690233163215
0.667257817881884
0.6668990909127289
0.6659285037091851
0.665040053930063
0.664238762592495
0.6636177577688067
0.6630810580829826
0.6625307136068053
0.661054656765661
0.6598484162063598
0.6588899063678116
0.6579645398596643
0.657591138723101
0.6571878682966721
0.6567925917721799
0.6563946636682935
0.6560215445990819
0.655671759505557
0.6552815006563718
0.6549212607950896
0.6546239854393999
0.65432636694246
0.6550272475170157
0.655631164655578
0.6565879034137455
0.6574124033029005
0.6581427624496872
0.6587619437020301
0.6592974490514528
0.6597391575565612
0.6601142576582015
0.6604690838854056
0.6607913703360081
0.661073276063825
0.6612885528642937
0.6614502392816668
0.6615453067062689
0.6616187561618887
0.6616871941461017
0.6617167710188494
0.6617226463565965
0.6617483406698732
0.661813043037281
0.661865160784805
0.6619087772624808
0.6619389280103175
0.6620082049380492
0.6620586213415813
0.6622476026888169
0.6624166433075949
0.6625592888614736
0.6627056344757951
0.6628477845819043
0.6629637788105832
0.6630881637441407
0.663217392316339
0.6632009723881873
0.6631648497536281
0.6631185490750315
0.6630429876742644
0.6630057396460779
0.6629680656565077
0.6629346431268409
0.6629132002371687
0.6629112473892254
0.6628825228801273
0.6628587945548652
0.6629917130863745
0.663023092314096
0.6630309619993547
0.6630124146749297
0.6630758615413342
0.6631467897229771
0.6632386178795086
0.6633272764471561
0.6634270927772465
0.6634344506963574
0.663470652595691
0.6634427094848387
0.663432332913628
0.6633721179284103
0.6634518421255339
0.6635154249395793
0.6635298575371061
0.6635689067656235
0.6635809264019876
0.6635314149085084
0.6634740017598912
0.6633074150830331
0.6632086604926433
0.6631906992256678
0.663157658712643
0.6631256102369817
0.6631089848009419
0.6630833559325583
0.6630761722038896
0.663070644322787
0.6630310887302953
0.6629686398494476
0.6628987115604698
0.6628168765602015
0.6627632366961248
0.6627411979683421
0.6627315767730233
0.6627355604339495
0.6614497393807152
0.660170538900478
0.6589092815834184
0.657888515374783
0.6568856727934546
0.6559762491489681
0.6551108500786422
0.6543138303611457
0.6535391924964273
0.6527987249152626
0.6521205677195769
0.6515481143301279
0.6511019229764464
0.6506994748779439
0.6503669840165152
0.6500311932549411
0.6497310225062274
0.6495337652162945
0.649388085244213
0.6495328769253224
0.6496557028822415
0.6497630383209884
0.6498851868084283
0.6499489317609242
0.6500281393094718
0.6498948583844094
0.6497897139372805
0.6496388153432614
0.6494943024627405
0.6493335886871527
0.6492602611657381
0.6492736326259141
0.649556101526954
0.6497751789593793
0.6504869458641438
0.6511086671573986
0.6516369215373375
0.6520902577483659
0.6526060443125383
0.6530164284750284
0.6533876640123714
0.6537692714751463
0.6540702277260093
0.6543064385344993
0.6544746962028786
0.6545961866541588
0.6546857819252653
0.6548278006654665
0.6549204190480866
0.6549496468639439
0.6551762731523554
0.6553728455704618
0.6555905473260044
0.6559524356511048
0.6562775433141572
0.6565326245023079
0.656815669061559
0.6570894997076613
0.657359424741328
0.657593474235745
0.6577910036312691
0.6580025446736588
0.6581927290988192
0.6584123440943231
0.6586420299323532
0.6589065135969142
0.6591399904963933
0.6595598730590319
0.6599183346035932
0.6602901197948197
0.6602087028529654
0.6600475888023196
0.6588110241190677
0.6576816194626363
0.6566069883866281
0.6556840752298023
0.6548582612125128
0.6541508401833508
0.6535024572405012
0.6529201873735617
0.6524174407498625
0.6519347211350395
0.6514939068524438
0.6510907612059373
0.6507369217357508
0.6503800553598643
0.6501172506329176
0.6498803761685665
0.648954225145851
0.6480573266778448
0.6472162522000078
0.64656308952792
0.6459032640378456
0.6454219100852383
0.6450074893387199
0.644635700719888
0.6442796912252524
0.6439305678832611
0.6436021331753788
0.6432753649079312
0.6429202046503706
0.6426277830836947
0.6426742377335903
0.642710458102474
0.6427439299087928
0.6428274477892911
0.6428914392884439
0.6429418434576566
0.6429736313687238
0.642830555180791
0.6426486478499851
0.6424802290399414
0.6423238211321478
0.6421537201971792
0.6419910953749084
0.6418023484379939
0.641541614321064
0.6412872096196186
0.6410069459484063
0.6407375859552551
0.640412623374121
0.6400913480465388
0.6397908606169037
0.6395568331539397
0.6393040769849696
0.6388665777297877
0.6384324547389489
0.6379743134589664
0.637510176684178
0.6370896684205816
0.6366981426245835
0.6364060440804367
0.6361629957508831
0.635922751392924
0.635667034051625
0.6355858680960275
0.6355899193553403
0.6355292800167482
0.6354731360416935
0.6354206997128933
0.6354018017015313
0.6353944372022303
0.6354260438905556
0.6353527178890249
0.6353071849764588
0.6353197198435598
0.6352202075643915
0.6351077260549058
0.6350861509188477
0.6350619852184713
0.6350647853839313
0.6350503428640981
0.6351120763867514
0.635091955394222
0.6350704922891732
0.635026910128129
0.6349412535955035
0.6346800668994672
0.6344584252680157
0.6342815452478394
0.6340642528436979
0.6339124870864646
0.6337718442797372
0.6336267271660029
0.6335006276359229
0.6334908818190278
0.6328949779376207
0.6322566809958352
0.6316970613040044
0.631179323313587
0.6307345428473244
0.6303290592583349
0.629961781748158
0.629628531102605
0.6292924175743724
0.6289583956300847
0.6286628358713426
0.6284082257932128
0.6282117203453922
0.6281001188408146
0.6280180089240615
0.6280158851404357
0.6280486000694265
0.6279979460283035
0.6279165199866854
0.6279352676815916
0.6278998971586417
0.6278507781032976
0.6278183844285908
0.6277968030277418
0.6277773951748146
0.6277840426409204
0.6277814065325644
0.6278183802820103
0.6278332752797174
0.6280778481891889
0.627876944213489
0.6276683524294391
0.6275052654148648
0.6274318164569949
0.6273532102897063
0.6271478926270916
0.6269716762143378
0.6267196595289917
0.6265232354146382
0.6263321513743475
0.6261340404245406
0.6260265852097668
0.6259395816893782
0.625870857953417
0.6258170778351101
0.6257335095127791
0.6255540347053973
0.6254047519018929
0.6252260613337622
0.6250584083668971
0.6247745383434985
0.6248658623344716
0.6253017671824966
0.6257649110220137
0.6262124677693921
0.62668586479746
0.6271574349622718
0.6276150754088797
0.6280088417905109
0.6281537503619421
0.6283259071402488
0.628430361534643
0.6285448171496177
0.6287085696132947
0.6300288152204255
0.631138756157504
0.6319301600708598
0.6324874659896981
0.6328255392789915
0.6330658921193337
0.633148988285911
0.6331614498100523
0.6332732217026338
0.6333225233677725
0.6333251047827924
0.633339520027384
0.6333338312374169
0.6334591726333587
0.6335643173144796
0.6336661114912658
0.633740474289083
0.6334650439923868
0.6332085338779955
0.632986018643574
0.6327548660909152
0.6324917658665831
0.632175906086681
0.6320340708675893
0.6319312008585609
0.6318374427683857
0.6317650628275165
0.631710384261618
0.6318067451530978
0.6318427652290514
0.6319045903860626
0.6319418908387551
0.6319864715135962
0.6320055272866201
0.6320295225106908
0.6320687374477744
0.6320741488081191
0.6320719244150894
0.6320426615763091
0.631981878595827
0.6319684704585077
0.6319656989046517
0.6318838879325959
0.6318087880400763
0.6321331859357953
0.6324497213093132
0.6327667801121933
0.633048418762078
0.633304544561163
0.6335125289652506
0.6337396579328968
0.6340148396698461
0.6342724068596155
0.6345331976906284
0.6348312597171193
0.6351452404506766
0.6354548130777374
0.636074093303589
0.6365869749289003
0.6370714438720044
0.637515910570116
0.6379185600706452
0.6382970446939332
0.638732218412908
0.6391892637814921
0.6395730434475183
0.6400607885475303
0.6405019717345521
0.6407524172937532
0.640980851472181
0.6411840482115578
0.6413851281383428
0.6415745355863555
0.6418914210109647
0.6422371431813619
0.6423477012116393
0.6424516800214971
0.642581468295603
0.6426481604498384
0.6427152413253632
0.6428903192442859
0.6430167330290026
0.6431262189702912
0.6431582489872436
0.6431791441334055
0.6432257080993298
0.6433789881019311
0.6435529199664826
0.64361281130438
0.6436698390252016
0.6437212656866862
0.6437215844853584
0.6437250640914723
0.6437198031632542
0.6435404978659487
0.6433705852073581
0.6432734634157483
0.6430459717326262
0.6429541857885033
0.6426630810377617
0.6424177944831536
0.6421857084075836
0.6419777828648534
0.6417712694601863
0.6413200491053819
0.641211762250182
0.6411950262654628
0.641190275382543
0.6411456391426977
0.6410850905120776
0.6410686217181458
0.6410659123533755
0.6410881520936371
0.6410505394486539
0.6411176189419794
0.641194436059854
0.6412544101869962
0.6413924819990502
0.6416919841779719
0.6419446829809853
0.6421700588300692
0.6423654657423952
0.6424135894048663
0.646463319050157
0.6499674078287958
0.6529583200401137
0.655606789152697
0.6578777795465698
0.6599362766058425
0.6617861287026863
0.6633987623525832
0.6648536103825958
0.6662770276836986
0.6675518197590865
0.6687023513525318
0.6697053972933246
0.6705707679634609
0.6713074214280819
0.6719507536004214
0.6725215987540162
0.6729907543110997
0.673374805180876
0.6736962896152006
0.6739741590220115
0.6742364168447363
0.6744142544722433
0.6735822760106019
0.6728392591485333
0.6721629776441311
0.6715491032440787
0.6709736263422323
0.6705210252904983
0.6701143819728383
0.6695875932690744
0.6691405291436702
0.668661555712258
0.6682696170865062
0.6679075731408743
0.6675598468340366
0.6671917441337297
0.6669405822019023
0.6667482945136932
0.666519669984133
0.6662769718459077
0.6658818777942909
0.6654803586856107
0.6650199977708926
0.6646158420833728
0.6642395071216042
0.6639290010717915
0.6624850303598602
0.6612932882737049
0.6604930392166958
0.6597568162997066
0.6590761098402356
0.6584417104236191
0.6577599171164055
0.6571146077092522
0.6566079726874737
0.656193049858723
0.655771109444873
0.6553841636634821
0.6548069102671041
0.6543088340065703
0.6539031299810547
0.653525117962239
0.6534622081303032
0.6534143858069571
0.6533988581869443
0.6533922840588261
0.6532473680777271
0.6531505459626166
0.6530444922824252
0.6529451992188479
0.6528436593106017
0.6527995186178782
0.652744773124714
0.6526936575471222
0.6526983650257034
0.6526802476305648
0.6527414474932964
0.6534778826200777
0.6540065731100659
0.6544020222006559
0.6547004473880873
0.6549432080824261
0.6551259300261761
0.6553232697165211
0.6554998348783654
0.655619646532634
0.6556549990719037
0.6555925272395987
0.6555618752237454
0.6555010852459208
0.6554686000275183
0.6554264699357832
0.6554460352649109
0.6555045728851404
0.6557324544487718
0.655885083827517
0.6560411726322113
0.6561829944059357
0.6566333044293875
0.6569991036836317
0.657483913945388
0.657939798551349
0.6583916555114226
0.658827701084057
0.659438886096357
0.6604236905189854
0.6614809388264886
0.6623346942373671
0.6631399192306299
0.6637872786713545
0.6643701982939795
0.6648058363224647
0.6652585845751012
0.6624299497704769
0.6598165566270269
0.6574228692532064
0.6555178347571944
0.6537044485172554
0.6511800280890699
0.6465639780974586
0.6419956662493148
0.6375895168406404
0.6331964900822399
0.6291474552875531
0.6255188861312126
0.6222773046044542
0.6192867147866182
0.6164560501101438
0.6142163360240002
0.6121771738914642
0.6103418797615664
0.608707222023451
0.6072266203401979
0.6059018677019844
0.6047812940536613
0.6037299022810347
0.6027883658549167
0.6018702448099957
0.6010131634424031
0.6002573431284122
0.5995235225900885
0.5990869640988542
0.59862244307577
0.5986344580947932
0.5986516200239476
0.5986447157251427
0.5986246467231886
0.5989959204490115
0.5993873411105018
0.5997708112206429
0.6006967612704791
0.6019529137141788
0.603051671225122
0.60416871491366
0.6053042387324823
0.6062978202737771
0.6070418272304784
0.6077794858842992
0.6085049685574299
0.609319023470774
0.6101981752227231
0.6111982651435127
0.6120258811881116
0.6127903428668205
0.6134018352488566
0.6139926555079263
0.6144053762355831
0.6147330695319079
0.615055898795267
0.6153332947559279
0.615477072876128
0.6154970667063707
0.6154123220834814
0.6153501874186705
0.6151974875923437
0.6151409791361965
0.6151345557381805
0.6151228948142711
0.6152008317486242
0.6153201220350331
0.6153746660120392
0.6156190867959851
0.6156681999446486
0.6161675444800205
0.6165739726557361
0.6169378624287225
0.6171851890682658
0.6177382479454502
0.6202435983425324
0.6224738372485343
0.6243844447472955
0.6259742705660217
0.6274262722516339
0.6286375995906256
0.6297117527709278
0.6306665951925524
0.6314386239645243
0.6320470363294951
0.6326829970667859
0.6332298782505901
0.633781972999638
0.634268118822056
0.634676877928388
0.634844263931955
0.6349577982700857
0.6352418533124432
0.6352547704311176
0.6353292075494249
0.6354334453508339
0.6356572659449744
0.6365581685460067
0.6373295964063462
0.6379689475390663
0.6384281972027351
0.6387617288662165
0.638906263487821
0.6390173982150936
0.6396552860569801
0.6401794731230279
0.640657967940371
0.6410916580539997
0.6415965711316013
0.6420606349138098
0.6426265290721428
0.6431387360655872
0.6435456743336756
0.6435385542804195
0.6458287996167277
0.647873017543576
0.6497536474966418
0.6518207459249732
0.6534593177020768
0.6548498126661964
0.6561061297365668
0.6571634280442782
0.6581095499452356
0.6592215404451983
0.6603807846756963
0.6617085511692579
0.6627518269660898
0.6635922453191728
0.6644106383200336
0.6651556722087028
0.6657756625044252
0.6662388014839171
0.6666700259995528
0.6674193068474782
0.6681085984853999
0.6687759427535687
0.6695193073643614
0.6709467184331848
0.6721657115087626
0.6733991014063757
0.6745121236484279
0.6745139548101672
0.6745665173424379
0.6746278368494498
0.6749809938210751
0.6752779038131548
0.6756846772421369
0.6759331986563593
0.6753632773511653
0.6748765365647541
0.6744805315180322
0.6741857374112015
0.6739846768162255
0.6738010678411809
0.6736068727300686
0.6734515540618432
0.673212849927783
0.6736359629427897
0.6739113711477757
0.6740339529915144
0.6740314208415514
0.6740245594988278
0.6739910134090872
0.6739190332623705
0.6738112064073429
0.6737022271435947
0.6736204767885724
0.6756298874345981
0.6773808697573499
0.678877510931084
0.6801581583831062
0.6808417419006122
0.6814792057138765
0.6819692681947279
0.6822977459249959
0.6821925305802657
0.6816865048893266
0.6813464998781449
0.6812400162502678
0.6810934643550718
0.6810157539364708
0.6808987358071203
0.6806967603664964
0.6805296900397354
0.6806399374387083
0.6807723023177651
0.6808672040468616
0.680919014818062
0.6808955543411923
0.6810661755216321
0.6810531575528372
0.6810642149061723
0.6810721865293444
0.6811043810245478
0.6811336686773926
0.6812232918645019
0.6814292073409878
0.6813938340101934
0.6813826815524294
0.6815931757465947
0.6818091131178751
0.6819997606525737
0.68279870189649
0.6836661131464159
0.6843949064859073
0.6851860368945527
0.6859245639949674
0.6867024755774708
0.6873719160769768
0.6880373701979388
0.6886315639440096
0.6891209226251616
0.6894871252394805
0.689813160728661
0.6900301388292336
0.6905764103976786
0.6911166020265576
0.6916298634633292
0.6921291220309966
0.6922942759037539
0.6924585486806409
0.6927032997862391
0.6929638049571663
0.693225288252308
0.6927607241377629
0.6923195484427624
0.6919967870996456
0.6915758580627972
0.6911110328268077
0.6944087274550913
0.6972455234750071
0.699829276479456
0.7021324170878162
0.7041670002691579
0.7059284384746024
0.7074858970133366
0.7089203188035251
0.710226921998011
0.7114197061982386
0.7125015105979189
0.7136294371709748
0.7146515520513308
0.7155639355804078
0.7162532156741178
0.716848154921186
0.7172307102256413
0.7175432765627912
0.7177518279925219
0.7179503703325263
0.7181248510724554
0.7182032836154048
0.7180676312210508
0.7178719273964643
0.7175697947821966
0.7172587322666101
0.7170149117467008
0.7167553765483596
0.7165297792442351
0.716389470525151
0.716243592286061
0.7160687024576264
0.7149941137322287
0.7140463092710595
0.7129173048510249
0.7117035285362701
0.7104746888165995
0.7051958019526977
0.700362393949838
0.6958734441522261
0.6918148194026812
0.6881230557429207
0.6846759602014001
0.6813594559234084
0.6782849822288135
0.6756114491441212
0.6732857056069234
0.671132642135018
0.6691151613362959
0.6671281608615608
0.6657509094811204
0.6644328804441215
0.6632770713903874
0.6622456926109278
0.6613913770668497
0.6606187110774077
0.6595922652000006
0.658192946837568
0.6569371765607042
0.6556617367494175
0.6543189332200319
0.6531009719372958
0.6519831151013811
0.650670716797364
0.6494649101368744
0.6483736282763586
0.6463800680618697
0.6446008517262081
0.6430564402075928
0.6416339708260593
0.6403310363993809
0.6390856689664004
0.6378915683628751
0.6368006002375614
0.6345977794090328
0.6326844337083313
0.6306722097320685
0.6286877352393494
0.6268038160808973
0.6307838144139228
0.6337997893617792
0.6360345951466072
0.638044835699995
0.6393899423238737
0.6402989984373453
0.640889167434874
0.6412233899246209
0.6413732288620199
0.6413648448382617
0.6412751741982289
0.6410806713656423
0.640837150405054
0.6405742064051407
0.6402920057426991
0.6400042875395908
0.6397031763573451
0.6394122793597525
0.639104068594686
0.6388047033795038
0.6385204452324652
0.6382618211605768
0.6380195098270912
0.6378138205672026
0.6376226200440195
0.6374544496078968
0.6373241109019151
0.636923310472855
0.6365600007241147
0.6362450785899473
0.6359427325423
0.6356784074303632
0.6354392051330806
0.6352304876512928
0.6350228804671147
0.6348316763406278
0.6346376460056611
0.6344681057723621
0.6343209843184257
0.6342029292820492
0.6340899928581032
0.6339968659854881
0.6339075891123834
0.633852954150022
0.6337860187154845
0.6337000547805454
0.6337063850193212
0.6337050728237743
0.6337009910962882
0.6337012644178649
0.6337043984409755
0.6337354375037676
0.6337570106750243
0.6337768810267764
0.6337951016418645
0.6338094861105787
0.6338044823942943
0.6337955210866856
0.6337646937991376
0.6337361069670524
0.6337133408935622
0.6336998745049189
0.6336932130796767
0.6336887324303694
0.6336905449094128
0.6336938695254335
0.6337201849597813
0.633710315616067
0.6337146098207361
0.6337420457257862
0.6337668410046303
0.6337919265145263
0.6337466982898062
0.633718236732608
0.6336998560758197
0.6337270179167692
0.6337358375495511
0.633747580188747
0.6337774564426443
0.6338068897381636
0.6338435068443709
0.6338543683413823
0.6338580969690258
0.6338662643701263
0.633894592105873
0.6339121306721379
0.6339418266271062
0.6339890566029841
0.6340336018602742
0.6340908938973004
0.6341497564766064
0.634202439791095
0.6342239084043273
0.6342502858358726
0.6342911538589233
0.6343279428348557
0.6343491783875289
0.6343603773406296
0.6343644664303771
0.6343665952788883
0.6344038304733446
0.6344375082186312
0.6344559725145011
0.6344985438121444
0.6345708562805328
0.6346785443591683
0.6347911357857718
0.6349123642652904
0.6350180080001805
0.6351235004730338
0.635225054780286
0.6353108606736019
0.6354166411098817
0.6354992508482359
0.635576668322375
0.6356661798250971
0.6357166213882518
0.6357661225762908
0.6358224701991091
0.6359040245435701
0.6359233773925295
0.6359287867469752
0.6359507815942524
0.6359251492232172
0.635914452820764
0.6359388268915492
0.6359571807328425
0.6359448900487112
0.6359318933582561
0.6359331498352819
0.6359294373117723
0.6358557590851214
0.635858556289182
0.635853075571997
0.6358711829172917
0.6358760017889555
0.6358411313910569
0.6357689303071928
0.6357096614645864
0.6356708802643565
0.6356347433035998
0.63561563383709
0.6354157956311661
0.6352075606666611
0.6350136678533599
0.6348672377971828
0.63471435710169
0.6345932099908329
0.6344752240534307
0.6343531862687929
0.6342648284224718
0.6341943373832545
0.6341571319931109
0.6341462305163315
0.634139312263877
0.6341379070869391
0.6341495052994489
0.6341730208905556
0.6342070872002685
0.6342344313571547
0.6342931158930035
0.634346410508904
0.6343841023938258
0.6344323773303839
0.6344804550235849
0.6345479526343164
0.6346375521335265
0.6346782706006862
0.6347028479724097
0.6347511290373278
0.6348281196044996
0.6349908124475115
0.6346702849181717
0.634371802677722
0.6340955756317986
0.6338462996219106
0.633645319967867
0.6334518435383548
0.6332787972080399
0.6330691778742076
0.6328994877130775
0.6325910738626215
0.6323000144250597
0.6320291370772471
0.6317806077283873
0.6315645187080972
0.6314184648013773
0.6312711077413667
0.6311205522088196
0.6309839357899285
0.6308623735082322
0.6307467089267628
0.6306447643997205
0.6305206457014784
0.6304217794898667
0.630338403006677
0.6300598135617222
0.6298189054914269
0.6295832840377472
0.6293597909558547
0.6290958023872056
0.6287590335622705
0.6284606353006067
0.6282154746267947
0.6279668626429523
0.6277300520238391
0.6275274945040306
0.6273485259077336
0.6271729203870002
0.6270061775213845
0.6269209503176001
0.6268513054946807
0.6267849124548874
0.626748216329968
0.6267348447018725
0.6266865235185102
0.6265695800658315
0.6263094809378861
0.6259941738990465
0.6257458122992324
0.6254893430773268
0.625360235160808
0.6252210419208631
0.625001771408351
0.6243568333502039
0.623835307538156
0.623370508436896
0.6229447928864422
0.6225757286243884
0.6222670622365588
0.6219667316125684
0.6216971487470734
0.6215195094831214
0.6213638689902202
0.6212390911575606
0.6211982649576785
0.6211675740288046
