0.43300601019754714
0.46681847579139213
0.40944056727568756
0.437415632634902
0.43816453872267697
0.41951260360298437
0.4177882175693236
0.3660257068049839
0.414325258455384
0.4015874816696897
0.372645374770739
0.4033991449578556
0.3847433218538568
0.39679416400443235
0.34514482978696426
0.37011855936584626
0.38639096514941496
0.379615236277558
0.40795520076277436
0.32938782522570764
0.33689713493422635
0.32342342461577006
0.33322460702767853
0.33935861689481117
0.3178006629468818
0.35847542972252333
0.3407430136827545
0.30853819368243407
0.2795726206411801
0.26982350915419656
0.26852543034324383
0.29965408035985436
0.2985564085906788
0.3065572419802541
0.32090997953807443
0.2838895029102096
0.2987207771906758
0.2820853860022622
0.32067709566154823
0.2814627388446772
0.2094629569769096
0.2853893914482218
0.29297197003320863
0.22918179101300779
0.30303590068784286
0.247536090885636
0.30786332374176034
0.28467274020593936
0.3011681915285796
0.27894786962307316
0.27030235416431136
0.2310193766571395
0.2649096298091739
0.31232745627915276
0.2644326754244125
0.1946313642262083
0.22454258671006933
0.2696143045734794
0.19506427241172514
0.10441124509467287
0.22834603112717633
0.16702561132216992
0.21617006598251742
0.22417145394830906
0.29301069746912434
0.2220460956271827
0.21913943568068117
0.2134413594703511
0.16462657608570846
0.2074820161496468
0.21101417507466202
0.2446589215111396
0.162790776644881
0.128280872383642
0.23240940099056406
0.21051117331246144
0.16568690947970605
0.19063581583017997
0.256084080434553
0.19088076259984688
0.11314751964554837
0.1316044498359636
0.2461952854338259
0.20203788259522215
0.11586717653891682
0.2983470528395614
0.17286389718427692
0.18334215173462148
0.1567687225738461
0.2801094979942438
0.28244660763704166
0.2435461048241569
0.12814056253653372
0.1548907528416935
0.28954139894936953
0.1565203054168745
0.19365872575087217
0.24896357764660643
0.20279919521893064
0.14786775370932115
0.24080970999626078
0.11848206525422977
0.28619231420957014
0.20587920756232397
0.15975371877587818
0.12802406632342678
0.06353749114496127
0.27471971442607024
0.1994583340698834
0.091816544575748
0.19586675094074374
0.269303075824629
0.322937446519474
0.17214155561953853
0.27355832491587445
0.21795958967304524
0.08435463257362802
0.2510364386735101
0.15143158220441283
0.22338227373289948
0.28306459981042753
-0.10373012720828712
0.2070311557846261
0.047309464929772116
0.18150338060449056
0.1838746128645739
0.19645857414253226
0.20410384752868854
0.07794313414934717
0.17304795432605136
-0.11367536114412302
-0.05413183016678691
0.2996257461269317
0.25524517681601544
0.18963476070707208
-0.06307808363529177
0.2056758669873337
0.25190622336405083
-0.0398468998516297
0.395828401184693
-0.1453861517280275
0.35499885013225957
0.07893309329826242
0.21570593778032593
0.15742576339105807
0.27388825858429644
0.22967323100166598
0.4294189860126615
0.21821441153997823
0.013095040644483302
0.4472027126004459
0.36527390483294175
0.31173682251544776
-0.15259895140993163
0.02020037292284438
0.3423027646495798
0.21020374969475147
-0.17910701999591883
0.21026384006171117
0.079282012730708
0.4029009069731313
-0.6703697427111852
0.314944908113841
0.1732699552654639
0.27783616357863455
0.1435921398449594
0.010811906227123469
0.174909801117752
0.3876068717678445
0.2761610500882651
0.10927698054811424
0.4179359968819425
0.07635474360839595
0.0695798247318884
0.35189245589079954
0.012211284494646535
0.25582897763902823
0.4280752746632867
0.3447808375524729
-0.27446985924096756
-0.0046490050809905314
0.05795626886637889
0.17231524006310428
0.24431846917992678
0.12884851800386776
0.12528409902320348
0.23695635101387053
-0.31981010196599924
-0.5980665316060703
-0.5329931973676945
0.3640874412785372
0.3804875799864905
0.17236160680016815
0.39809296719725995
0.3012575983467328
-0.3010542692132644
-0.19035049343568056
0.012190675275062901
0.10413520770204626
0.3912801485613657
0.4226537517668941
0.24771909179152668
0.45517564598209004
0.46105473150881193
0.15060005154004774
0.2903777117407371
-0.10534560355316325
0.4783610356462974
0.028035618097475346
0.2992272866226313
0.32936355430394615
0.24711104550997565
0.39819900943212144
-0.5126684973893072
-0.19007085540738233
0.4333699260373839
0.4183631849835592
-0.5970463394797629
0.28549477190948835
-0.6440403695162533
0.28251718161165984
-0.38811402721622734
-0.4403453248667729
0.2302218790793783
-0.32765762109861907
0.08264717956673961
0.3838220897957665
-0.013486542198180462
0.09316160930356815
0.20393139960126544
0.006469305736870934
-0.09918003775018946
0.2599154346394698
0.35684972788495056
0.23709369206549896
0.13217561733286287
0.4693973310024081
0.22002982680589594
0.3442519791170255
0.20135193765948894
0.41544448723538485
0.2257244733964826
0.32298446949299675
-0.011093563258299577
-0.4380531893195472
0.05662352425979933
0.3076403052512965
0.06697278699155695
0.037482302715435345
-0.23938367513172842
-0.31652222812604425
0.09815802289418601
0.4499403794077019
0.30959446679632974
0.2555886692266812
0.1401323154230411
-0.03604689151845719
-0.41054631335415304
0.10079067742035275
0.2787680127729779
0.4571617325265593
-0.5972745633757279
0.10399575913233977
0.45717489130830585
-0.9034696458260392
0.32393179214178675
0.15744146438144185
0.3108400625061033
0.45884212630132154
0.32154023489131267
0.32510943971370465
0.13249616232169104
0.30483605253966717
0.4138933438070792
-0.09907800867539063
0.350813528297618
0.07225307557178007
0.32576674022213387
0.23928508946557608
0.030484153375389178
0.06523689106809732
0.3917360871082388
-0.019954194759220445
0.2213167156346118
0.3402553685007551
0.19684728889060482
-0.015344820065830489
0.3470142171447157
0.112515075209073
0.22430624843207075
0.37776715933908
0.37317061477777286
0.20383871681557592
0.35052292588681205
-0.3503855382233151
0.43002795745292494
0.3779640964827808
0.4223117796084816
-0.4838558564077482
-0.4162256608780731
0.41767910685596044
-0.9784596349733394
0.2747277993234382
-0.27187690231246586
0.3102854029228359
0.4615316138104224
0.3183570755428875
0.339160556541374
-0.20172581584017268
0.1955934442368144
-0.22052435674036708
0.003500724557199464
0.38271737358188934
0.0586007733804742
0.09646300531411733
0.2896055344187499
0.0470556425196228
0.21754995918112935
0.22198742572511698
0.19227537195859135
-0.2295150961935679
0.4649596643124386
0.21380502716446215
0.28077901364758356
0.23399796848207766
-0.015167015611347479
0.3648390370337634
0.25351865861633593
0.14346203490780823
-0.18667845027861607
0.30607611168558
0.2893509293086558
0.17880017996928388
-0.1558344544018304
0.269232028439536
0.28647055863181714
0.4076224213933718
0.32022264656121496
-0.2620250539536334
0.2230095925571317
0.22753200495846093
0.026927849115990887
0.3150860404541002
0.40151318377008327
0.07501588029170903
0.007250415995258663
0.11464945276488087
-0.49427000455002623
0.29503892886249605
0.11613814620575669
-0.7169775576621322
0.013784894931490488
0.31147375253628806
0.33846936682223183
0.3360968077825639
0.31646839120067166
0.3384238937294814
0.3712950259382165
-0.6549278599152046
0.16774707955163354
-0.04748124101810425
0.391655495960468
0.25301456852281523
0.370130401465518
-0.3554614443125743
0.4282084462603929
0.4336065896132508
0.4657317175746
0.4357893013666331
0.2890795515073823
0.3394360634789373
0.2283328427254156
0.3010117492447363
0.03688486213843395
0.16093916918948958
0.42322878466080105
0.10801789900755587
0.4608759837629649
0.17677582059678487
0.2751578157886859
0.401534856198976
0.3982489787666451
0.17721256164603832
0.33201609302762725
0.24473521537107046
0.40540544832951575
-2.2508857171325145
0.30785884601602687
0.24313947851665685
0.4158726840984795
0.49208629072603205
0.18248894498677365
0.3145345324928679
0.28759688363373853
0.3074279922140537
0.2770499589539949
0.42783977588161975
0.3654498303159863
0.39208367626275864
0.44259092573233483
0.3616935202041546
0.4449086216595631
0.41135192899968165
0.3817109431613172
0.40031943141879833
-0.18065208368195118
0.17723439485544484
0.13965608136554297
0.4499905032884303
0.42290645558795675
0.3218603554166004
0.40310225196847493
0.38592057829594595
0.41056694074847006
0.29894888998837055
0.24435480315973518
0.35515688565919845
0.3583241906690847
0.3845118517525157
0.21754724158158223
0.44083746918320466
0.2775882259099138
0.21717871567217228
0.434829438622363
0.41815550741634094
0.4480530562206253
0.26991026403079144
0.26867602735014307
0.2856388534765836
-0.34230613803882437
0.36172308613544946
-0.051528316109900274
0.45420346962339003
0.42119562535830957
0.28040693170597397
0.25360201878996425
0.08499189798430201
0.2258080198240126
0.09453736920573469
0.40353503945985303
0.20277328342033724
-0.14829946528828186
0.1118318002715406
0.3966587251467961
0.16094553710522247
0.11499445078497039
0.336737721537696
0.37081851767197305
0.23676480247677328
0.3901389854682476
0.2852157143791184
0.41309231873641017
0.3224460678043107
0.2455188648112493
0.3979241843843172
0.2693838617458044
-0.15299284710842687
0.2396587283469112
0.22160225253298205
0.15629322639193838
0.11358021889724201
-0.49545615501332285
-0.038226812246672015
0.27237212894712304
0.2776317256097847
0.30375861734310605
0.33590487264198643
-0.45056230622258797
-0.02896425268064029
0.30268786753410815
-0.27173511411139095
0.1729820305258753
0.2906289633103143
0.29332087757332237
0.24335302825463323
0.17964342408607087
0.4448374527160081
0.23275225656472348
0.09338752421356805
0.2664813222468255
0.18621262684013673
0.23007999060964912
0.29173234499101197
0.08401199670717502
0.43559493424072776
0.01391477249866463
0.1726660949646983
0.3719123010415901
0.021188163372419133
0.38290956800037845
0.22981164030856566
-0.13515976525363005
-0.01615931183076791
0.26099521254715446
0.4812079061997003
0.21451678503259658
0.20969039665973915
0.34459381574982645
-0.05502885711452077
0.1796709022300217
0.1917996593517624
0.06999837999319902
0.3527717877089501
-0.5068186995072603
0.4752648904975858
0.18859982998229113
-0.13974686351604904
-0.16548811350828074
0.2908053862179151
0.3897152277961443
-0.02377265916125737
0.21882993257283795
-0.18467412427324859
0.24088637921278822
0.27650531119606647
0.3535525948601106
0.3661419999188031
0.013324784782401511
0.39124453491360567
0.11685778942161956
0.30268293570049987
0.10658057840509388
0.3658964620746586
-0.3161549259369638
-0.05250055366527295
-0.2667405951321834
-0.7065737054612289
-0.2113597160640237
0.4223856613222273
0.28661061591274645
0.41855973759187265
0.0874282647151074
0.10767206000386786
0.26866354692429506
0.4480798414962833
0.3833453659959247
0.2515039838899814
0.4301356176145377
0.2862827986155265
-2.0329452021043326
0.180408345035852
-0.19492329669396968
0.31992311301161747
0.40151936469520777
0.24072047231129162
0.2027992452757198
0.4550380775062126
0.457207674518708
0.31542373715419103
0.16079969820662043
0.2859301767177026
0.21565242631530962
0.37921265206312577
0.43186732100276287
0.24475118512170518
0.1348506321195852
0.29690936378785426
-1.6750165254419875
0.2659378277331037
0.21343662273866876
0.33482271992901325
-3.39545238594879
0.1890845989917918
-0.8283535929863615
0.31794889599824605
0.13919000565490441
-0.10370544871145126
0.3773991448096405
0.35097363744752197
0.13891849590042482
0.4478783754917786
0.37160965594368295
0.1153719233925618
0.38914535002774003
0.20916251631301008
0.22772530398549423
0.36010665582608925
0.31117236135613296
0.4058962599525301
0.3423273036054536
0.4798859301117639
0.4980485178194204
-0.2751747691804115
0.18508961768057286
0.39839664903240035
0.11480467136472589
0.004337699351450508
0.28208543522605506
0.4349584558586841
0.3025413077130408
0.19216319759322836
0.2857071690191394
0.3527413140789998
0.1237256101666937
0.27389586770216917
0.4517764433705143
0.29574724795990726
0.4421691241357924
-0.005774375587247693
0.4153003203351384
-0.00290117906691012
0.3090328055009486
0.12244723698480603
0.1419197349941141
0.44302834691182397
0.23994158361036605
0.22274611626552643
0.08611647569335484
0.18533123000265433
0.3301347821962628
0.3341052853096881
0.34576229506908973
0.18797797083008133
0.4647777293098455
0.18341069218725015
0.30847877462658313
0.3312232866299927
-0.023155534218376017
-0.1984350475091945
0.4323004994282364
0.16117263199111437
-0.30344668609023695
0.4301079502410738
0.18781518529953062
0.2555231453896498
0.40278464408756565
0.03445377528702204
0.20465802687436163
-0.011595240205763191
0.4786137734099482
0.23062915722919336
0.11524673038417255
0.3878316182659373
0.3719249073063413
0.3154579193839096
0.31834825990592197
0.1913723179411428
-14.503250444168902
-0.29136597493343286
0.3608779522899529
-0.3636604525884277
0.460825505270436
0.37337227820572855
0.3738427329169343
0.31085081591864294
0.39087260108493993
0.35013001180978365
0.1878684223756672
0.48515994456610606
-0.7498364457333488
0.1751462550865598
0.1967686212297618
0.34634727430754475
0.41933683974907265
0.081956395819963
0.3166812651189795
0.04263433942878381
0.41425613028197117
0.32716307115579557
0.3803842605052255
0.3736362749876017
0.20168632483086918
0.23890138474579042
0.4157901900131346
0.2308020454990058
0.3762952455514572
0.3526324852576864
0.3251820007655418
0.40830944168319316
0.25166680361060734
0.47044351952455205
0.42563988235210487
0.3453517266012688
0.35199495271043985
0.40761374771821945
0.3379198066472552
0.2507061202924153
0.33820005187403207
0.4362357399444544
0.4595386235036515
0.2893216975898932
0.1754179145299421
0.2895248076965442
0.41893911194943323
0.3553872073954657
0.06915530082827714
0.38239368499848975
0.33483329544967333
0.2620788346053032
0.332838496066755
0.2880542315967508
0.25003410027154005
0.3369342640592949
0.3743763628975535
0.2226902417486778
0.15702931622587102
0.4444892163775963
0.3473206249119385
0.2722059529943727
0.367972058695968
0.2077122006781142
0.20545844724312307
0.38426593978719875
0.3927443784816285
0.29836093187378415
0.3493771169301918
0.3986249097569954
0.19162462100260952
0.340999864181447
0.37728073882831936
0.18086689468428097
0.3093004948816078
0.4199928760730486
0.26859173572519224
0.4422806812680834
0.3623025743290998
0.34479929464173265
0.3344125146214868
0.34815489860391624
0.4674097512484222
0.34353966053855844
0.4286944017813047
0.28400360209404474
0.15304420901759286
0.3689413695914088
0.16046417062057372
0.38039109269115917
0.41532312899685553
-0.2630357016949816
0.22037699151614631
0.37923511077816535
0.369430686365072
0.3997762734749433
0.12964744805098516
0.4262218643474564
0.3444075543186444
0.177557334651944
0.2648751700876158
0.09021838733818827
0.3705742193569443
0.3175766369641315
0.23532982879128295
0.3250154226198011
0.4164405925178162
-0.4729493451109118
-0.011398833750278947
0.3978603862852412
0.4160211460814928
0.4175836084704523
0.2895230502441358
0.4104047410093229
0.3947710406324852
0.17849254199258896
0.1793263731527272
0.3576102655949963
0.3396636082064768
-0.02309161552059613
0.3627708938899574
0.4158124347500662
0.31944864841186216
0.2669603542192703
0.39018349399289676
0.1872479829267985
-0.11327733073110857
0.21465584815891597
0.05812674623953523
0.26862160566977344
0.3005565105818315
0.3026614403555562
0.17797838417385675
0.45697991840976415
0.09968226445458472
0.2304271543298511
-0.014955854622824338
0.38643863169191583
0.38842546868506905
0.34218462764320595
0.3880068021824738
0.3981690334083797
0.15580392982293328
0.3928706815610812
0.32007258037938857
0.3418551470196114
-0.05070637813241097
0.13064083172418745
0.3483343975541972
0.34195549390020985
0.18806942336249288
0.14478543985407266
0.11519063618495229
0.34873614996679797
0.45340935029164964
0.41368366681713764
0.3170847711221725
0.3412739356511253
0.26527521086741224
0.32990679357900965
0.3926062830356278
-0.1777023849957804
0.295202364784216
0.4148798095445271
0.26231732432784494
0.3341788313273639
0.2777829838601619
0.3902769270111131
0.41861444704502837
0.37147191619672015
0.273747170237423
0.18166524386535882
0.278474562313165
0.04683830452049975
0.06976519833394157
0.08541456516329232
0.3611538519340029
0.33130920824339133
0.4142274955190502
0.4287496612900179
0.4476450185544881
0.4567751203726635
0.1916362385492793
0.25601212842578214
0.3725318694598171
0.24670320270996093
0.40440907185386166
0.33078020028326904
0.2299131256486664
0.2899641541535798
0.25025622516823276
0.34767506210047866
0.314334526954007
0.14434708151680242
0.35048592660856204
0.28608124883696323
0.3682600260303992
0.26752264584110536
0.3117103404315076
0.19583882305618588
0.10403888830132435
0.2878031100723137
0.022995083433564878
-0.24182643590719843
0.2723572896364003
-0.11335467333411431
0.3589085896373806
0.37910270150113234
-0.21641644419837835
0.15255065364153725
0.03775629590973284
0.3222435361501529
0.4243654381124212
0.24503935699765705
0.3019849255407604
0.27220356389520667
0.3639993615168261
0.37738166287229646
0.26662413316390776
0.39050333239023216
0.20188479248799013
0.375714837841106
0.06398596651809851
0.3029422128808473
0.28924623677089795
0.28099121696087725
0.3393949231861295
0.1719223229715549
0.04472849335096318
0.13263308042419264
0.29046288692003397
0.2253572382512189
0.39589123688691263
0.11116803803393527
-0.16624745260944518
0.4121105754326038
0.42113261816472475
0.35636221866984674
-0.15283617808014371
0.2757508562726329
0.2692147964928477
0.3918718395410592
0.3586918687147782
0.346748912651866
0.3211220356656923
0.23560043383754342
0.4783933313612042
0.4499059499048432
0.33617695399167036
0.4306166860635941
-0.02985408771979703
0.34563941173141693
-0.10635642271451462
0.3792813096384905
0.11247524921908836
0.3679278436293482
0.2647178784702764
-0.6461193505204825
0.31685731228798963
0.055457800156251846
0.19228076526895993
0.09554741682417067
0.3970986867705716
0.1760008845954772
0.12104408943878164
0.335435086528033
-0.6352281752490989
0.36676396792075805
0.24417528484099077
0.2539832841605899
-0.000883956010538034
0.3835822952310813
0.25072723554779897
-0.0129475938977468
0.2871704884404733
0.26488275305910747
0.10147120312233959
0.18364145896826517
0.13029143368070228
0.33563336870417
0.12577480371851957
0.42401009484658037
0.18078757319776878
0.15017893462465542
0.3993983903779923
0.44495349696503583
0.3888111634916315
0.4787821564660797
0.21469905445604642
0.21401752271670932
0.44410906768207564
0.37302812322702583
0.4033902753029027
0.31036476211883635
0.2625157593860309
0.16512042841069696
0.10486378631795024
0.1345181897716669
0.4568321290181174
-0.04781276952755731
-0.21952705710732456
0.3221040224443662
-0.5898406537980483
-0.12089496311486558
0.3814609524347734
0.41183869543559526
0.1722853919398319
-0.07294674752494701
0.19812229373437856
0.2121116595331995
0.4177564271342112
0.18643105883785577
0.30709599433619017
0.47261117633246624
-1.0494105752133875
-0.6618454512106995
-0.31404668869442753
-0.15209510074745347
0.45379033073347164
0.45825795369710143
0.37320412227058597
0.2637318055373119
0.22450776523364885
0.31777318696054224
0.37857049819304944
0.2567013128735025
0.10933517942703946
0.23278945795417483
0.11482739826072363
0.035219191372221625
0.34318138867910486
-0.09521418307871299
0.25912472103590267
0.39557212476606785
0.39309561071173404
-0.682306647953236
0.3552494177442467
0.3945768127656683
0.4400912111963957
-0.11901080465674352
0.26988421534625523
0.30173658638171463
0.12376363249989636
0.4216895697082047
0.22372798628179807
0.31668948826408855
0.39089567952451687
-0.5377643137845491
0.3794246730750431
0.14760180782020377
0.20701695521603636
0.08114803573059964
0.37432606441626615
0.10776700341261969
0.29684695064195477
0.3246703559493135
-0.0074314624660564155
0.12827354071502034
0.3536175117901579
0.09631970544565088
0.1922751534192858
0.2932662127139505
0.4306866428926151
-0.6615640405841325
0.23508948024189996
0.25040365362792666
0.41223919197342834
0.17296671366010508
0.20604757413585711
0.04710500005804208
0.2970365136250164
0.20066513149872023
0.37060925674716994
0.27622281582587266
0.036549644418030436
0.3379165826331246
0.4030867380440743
0.19668756357658934
0.3457013476888543
0.3363018281996216
0.2755826097564482
0.23609966394870358
0.43176573483677205
0.3666519204684866
0.3469829575861988
-0.011236791751045305
0.40991738928489174
0.1641922988118577
0.3166468637380301
0.34478815755145753
-0.0917022213823998
0.30000919193410125
-0.4284344318057195
0.2919090020114239
0.3119129728690537
-0.5120167890796836
0.3135520640842553
0.4506885793966251
0.1038070503995816
0.33671662348369297
0.1224240689301837
-0.033161858205086325
0.41194108998140333
0.1209565175688343
0.375769584341358
0.07670992771569157
0.4448105081190352
-0.016289492178113485
0.014546261473906752
0.2913240484264698
0.06845116200813889
0.4113695822311708
0.45367506465670265
0.3259117013425792
0.30679082258592216
-0.33274912434608817
-0.17409347205766068
-0.985481522901964
0.28739727752749417
0.007247265039967865
0.17682921159471565
0.12058600531971808
0.11514906770417788
0.10107886539366812
0.08919253206227756
-1.0052964966016174
0.30906777533567825
0.06163385508760966
0.39004999356822767
0.22883540478485465
0.3388476270343911
0.3952954775844497
0.17471802382663654
-1.0305298098526225
0.05393328009636694
0.05382906397601939
0.14146415781468108
0.33977853580237394
0.33139500355647716
-0.7703549764386968
0.17531797611794964
-0.18411478003303516
0.01571318690813317
0.13211852303748184
-0.2845773787667262
0.32525903064818584
0.3279615941146794
-0.6551104966897539
0.1609974936049735
0.17467066286120136
0.005794068934451058
0.19134596850047675
0.09515185510030905
0.007459214419310356
0.32858858343245845
0.48248025774345665
0.315497433915087
-0.07827638608948051
0.029794247159711074
0.36447143258346887
0.3586701639818256
0.32744461166149375
0.2832907508674473
-1.3726757096582756
0.18213937399343572
0.11647461196249531
-0.5995225826358161
0.32136011699559164
0.3467799151456541
0.3166261480716389
0.2882111072910383
0.15951144357816854
0.2497956804993825
0.12170324217911022
0.2736784226022968
0.11671374762150827
0.3577848073693243
0.3984598630023848
0.2741479939510155
0.1668095133432701
0.313641251043162
0.006949293051833283
0.2196668284062716
-0.6085237056165345
-0.3922305474609843
-0.018633122989319184
0.09420066717656461
0.42607131714048674
0.1580486139961672
0.3529444438435604
0.2807086098585672
0.24385540491281932
0.23437828044890474
0.1808678142924408
0.23828767367316978
0.2332309875247906
0.2069258648276014
0.2697530437404474
0.35440475531902604
0.14049067747104083
0.03917426130490681
-2.8926709102621215
-0.49673085410925133
0.30716908045848723
0.28181569619397817
0.009998273381089051
0.44084837049539805
0.07913920501066501
0.26291920203723584
0.21928636161764198
0.3440808929297104
0.12530020563619232
-0.40676938029081355
0.12647682991829212
0.4341562725985311
0.2500922322990909
0.39919591328034376
0.3259528598593344
0.38309722969659155
0.026227339945152917
-8.833988624989964e-05
0.4100571475218903
0.46999351119365995
0.012098139965764254
0.4531913904007314
0.43222940331581083
0.4543707298644691
0.028824780918804416
-0.16773753316108164
-0.01932858462605347
0.3982954151832872
0.08115409877296176
0.32079518423881703
0.2526572862227477
0.2911654655610243
0.10127457544779084
0.29731698935621886
0.2908291371195831
-0.02195537460730046
0.40106542979620463
0.2659166517303121
0.4310991818291113
0.116370890034238
0.3678823200010023
0.2507538655451874
0.20853801623656132
0.3551043176187682
0.0818077790328266
-0.002707405142614472
0.28667078618525765
0.13015069912626287
0.316388745614542
0.27504779654723666
0.2989002789708195
0.31204615903114724
0.37359648110332466
0.04526908947920849
0.1810983776491999
0.30471773947535175
0.24658680005545275
0.11181769831488303
0.10384628597042345
0.09185136012395734
0.40617236854975
0.351952970154274
0.29517619326662403
0.030531085642908795
0.2516074870291012
0.435051419665772
0.2266156851834204
0.15475846304314145
0.33717712548523865
-0.4714099247530731
0.3347221298377163
-0.468646339616953
0.3451306745545716
0.021460466719702753
0.13113746310242202
-0.038949268326336495
0.2099255162831712
0.17733877914331186
0.3346491942649603
0.25591396225379537
0.12363664934913698
0.32473520645486287
0.11474970702192233
0.21248665414143103
0.3088954836108302
0.20733109201096261
0.4643496343756778
-0.32714975432812854
0.4895316774484264
0.18845767444317651
0.21769902211308167
0.17758247851682485
0.23202235048784559
0.3433435160462718
0.2805762083913602
0.4296509105338535
0.38919289702994786
0.261022379198836
0.2884868619320558
0.15266435554967683
0.380750678535583
0.028299337519837764
0.30136441888677756
0.3077390475531842
0.365795471381389
-0.07143618419684239
-0.15615857005078126
0.19554966085493358
0.35622912170404897
0.23890715555683717
-0.6813692750167955
0.08431884563097869
0.10073486402045967
-0.9640993537444831
0.3383688612851815
0.42898760139369563
0.19218876575732408
0.12052773433625891
0.23278592824607103
0.06785741950336055
-0.1448326151658741
0.2240521438079201
-0.22093600577667283
-0.14528650089654016
0.2530625751686502
0.09034578700350099
-0.8157925589657595
0.3568364392341984
0.3558091056126566
-0.017219922594805093
0.3153488600006247
-0.38166097207387606
0.3457016374703453
0.31011912472356484
0.3902794212070474
-0.20435574863829908
0.19706357571326127
0.35717394974201877
0.36846362909110997
0.4573534997873974
-0.09029007581942905
0.11061891286608322
0.4095995223418806
0.2650115315521808
-0.038568969430180844
0.35079042473138
-0.1254933886640478
0.4057866414626865
0.4647726865915266
0.31269243639821076
0.3451874719103737
-0.10392570674616353
0.3495305798240373
0.3822100842577669
0.4418739766057773
0.33832019412597725
-0.02506395372944581
0.2507747509885392
0.38928442205161595
-0.04219884260272644
0.29531946054174746
0.1488428881535827
0.30474667416631535
0.3643331777420634
0.2601471335445433
0.36057603905776714
0.42615937430759776
0.24187997621099022
0.017291307957202573
0.15235779164099145
0.33655553335946325
0.09682639819639982
0.3253270455033289
0.09776169449777378
0.3827320480001443
0.389254408778361
0.36956522011956694
0.3981580253885469
0.34388487047742267
-0.6939740090819286
0.3830801232172174
-1.7735651505019772
0.26329992132778995
0.3070401137317678
0.4438605112910273
-1.7083724086310417
-0.6778314185276535
0.4432546033911137
0.43559754714505455
0.22531790095916976
0.07850772286960839
0.34951815525652535
0.2973745818832302
0.1362543703934282
0.1625575461213401
0.44249772791556197
0.367697557350527
0.26918093939463394
0.32087323183641586
0.1368335196789634
0.42933405228050314
-0.29107123240556776
0.2010783863408741
0.41402406500739586
0.20511924875005938
0.3480276523580511
0.17467485660076432
0.0474007261217147
-0.05333051791312182
-0.027583326860361468
0.276988952172309
-0.22825179103475624
0.3395699339717743
0.1487940887763597
0.2567738889243272
0.3054501882327809
0.12846453721556594
0.4182561283233067
0.26001795836242025
0.2459026828785738
0.48242145937408326
0.13083784798161902
-0.10339285556086875
0.33866764955178447
-0.039380328933116604
-0.3978155410953069
0.15794079150587886
0.10766258867528733
0.430806937416816
0.06893890585614054
0.04540041847662485
0.45122380572719395
0.32492763564830957
0.3663730342342998
0.11034913230323051
0.4153460124188082
0.36679172526725246
0.43628982305799313
0.06358305940615566
0.45717724866317716
0.40633545956604733
0.37255569323684573
-0.03834960285695721
0.3758882459642104
0.33864130955309
0.17088741010817288
0.1483194086618036
0.4326122709827437
0.06960363747965237
0.09970932973817404
0.21632314948170317
0.4671983008172574
0.40312729876068254
0.2723803712834947
0.346045881044573
0.34945304393553256
-0.00937006118231909
-0.9380404402076665
0.03877747627235095
0.37169442667009267
-0.30469145811413734
0.20873595543133988
-0.22774593922368558
0.12468527456617934
-0.1244534403410551
0.3619172358425635
0.30371812043680846
-0.006821019647547222
0.1284216177524577
0.25174517712040034
0.022580716041953275
0.22693199396584868
0.3398848453676141
-0.08628274950078185
-0.21580165624021108
0.3831620296713397
0.4298151627488267
0.2754156793761323
0.3091360062700391
0.14113049786350979
0.26676710976896334
0.2359536699112117
0.20334785913451864
0.005043542630331577
0.3841984187252085
0.33907068139638663
0.3883224141047842
-0.39561946327981445
0.06460913879578117
0.3161671081844822
-0.4919741799231825
0.08200760841284288
-0.6519402359799182
0.2783791709045377
-0.11771116150827199
0.11154146657943564
0.04542421247770961
0.15566679604538353
0.24311452656461224
-0.13208062217636274
0.12302650932760212
0.2970299630281573
0.48655640730278893
0.2969158557702297
0.39207279580398785
0.2198373109182747
0.09057886687037037
0.4600011823346385
0.25005138561936596
0.21308136135554878
0.3993310805899213
0.27254359307944775
0.4165842638940791
0.2658060135487445
-0.04399768996214404
0.33855969002731096
0.1631252803425386
0.4651281711627504
0.1925012336048934
0.13043887519510816
0.09693706207826852
0.28211846652399386
0.16042653303768123
0.4084804842913453
0.10984449197759238
0.23651723478931708
0.21697551597474324
0.13867865454227118
0.4017979912002234
0.4540829235911296
0.003052776587548489
-0.42285352327984205
-0.05059125484591753
0.29634263616191614
0.1981285707460793
-0.6776950085806472
-0.04233050651415082
0.15095809622232076
0.4661760295243217
0.35346268464941194
0.11070247124973692
-0.23201485138556088
-0.21354171265527966
0.1771642940718557
0.3459617428953802
-0.5247051012834405
-1.590135504009646
0.3708255135103071
0.42259966159851764
0.2843214396537051
0.18644274911484204
0.22309756143329085
0.27100731567741276
0.2228857458967412
0.35483740600416136
-0.6801552809678255
0.3094896158183014
0.26914682617580576
0.09473974403691005
0.3092589481276036
0.37563127001836416
0.35802246359049955
0.30671601629679907
0.2237410411948827
0.4625373656935439
-1.1975283383013509
0.28911506970630946
0.2945116275270556
0.40129675356954997
-0.19625547782306751
0.3593635330765975
0.013217916001150576
0.3152715697774088
0.3309951366655012
-0.5405185952141744
0.30827750082044114
0.150703721138904
0.4128691343868294
0.43128282920259026
0.34184791578799856
0.41880728149343505
-0.4967054356347521
0.31992006129215955
0.2738455737284759
-0.4837941393264996
0.3461287379014252
0.375450100306572
0.39088815461037185
0.3041639113681943
0.23652060716786877
-0.45701697259261653
-0.3128012339865446
0.12644016576468503
0.32479687830938825
0.430693603288836
-0.6063926770568515
0.4509498137424341
0.3838307580655385
0.35537364521995907
0.3003789242489297
0.36893343360112046
0.39894222466065493
0.17428630540793577
0.4589156446236326
0.44839702484490557
0.2399649889002286
0.31713987497852225
0.09381274821524521
0.31093662936635347
0.4102337726659011
0.33686426747960335
0.33453985701602906
0.4290736996384559
0.3560350478344327
0.3692163862881893
0.4423054884342436
0.3927767450708668
0.1753847812043064
0.22132365794497183
0.39785807616409585
-0.03470679270708832
-0.33370080248109835
0.20995542622590418
0.408878662061316
0.08622573812863626
0.33421492288839777
0.43885283729865227
0.003334384546497482
-0.12161275652368575
-0.0049795783891498635
0.34266940604369317
0.3056480077483029
-1.0464878511781552
-0.285583948441554
0.18506358283456553
-2.7375367523349827
0.011811954542690684
0.3617460374283142
0.37465805970229804
0.3828840955252023
0.33124109755615927
-0.8067174086796152
0.07702018819588169
0.0945752728611215
0.22209750787973487
0.28523426406712704
0.2817975992853658
0.33514765878646846
0.33005564697781614
0.16363145325599188
0.24813709121093702
0.26414460234385073
0.3591230785671287
0.2911661787252865
0.2833077406018555
0.027047757934903938
0.40602255636051
0.3589742274450527
0.35193731772206593
0.34691339307179725
0.3493574595129837
0.056253498782466105
0.18553886742312464
0.19798019901720848
-0.2680203517823403
0.2689803794624389
0.297656759372682
0.256512273680666
0.3448164871319422
0.2787036412650348
0.3377262079817173
0.37869042484237525
0.3702987239786139
0.28129018939203965
0.3471015198987615
0.41321689201634976
0.3100305357809957
0.011176660464460808
0.4146106212524944
0.3663581615613431
0.3824154475030266
-0.04671325581595143
0.38261714952182274
-0.061974284486842945
0.35781181551020336
-1.4332784306231028
0.2404851990601925
0.3300592391782392
0.30553930120569694
0.2496709770343868
0.4080663127144556
0.39422443149046105
0.20314619963050046
0.2860825169810943
0.23536332337908172
0.2006386201835917
0.45802324892120283
0.2867609340379268
0.4643678343447953
-0.0826798042330803
0.20163636890421616
0.41864637256256915
0.19783742365766638
0.2643631355097788
0.34349439283154237
0.1651893759376737
0.3059703355216036
0.027713678690002463
0.18983716698020092
0.3523748658376312
0.035190891541220015
0.24017435731284525
0.25356534636317607
-0.731707827101957
0.37124237906687396
-0.3339742922495056
0.3465885770004127
0.4493122987751
-0.005655378996439642
0.36668110993018277
0.4203677901759568
0.37636733365234337
0.002415379778247795
-0.760096540966519
0.24872174295326205
0.0866858729523402
0.3937679634978244
0.38233612040544435
-0.26841769330051946
0.21244939252760964
0.3757043454840574
0.3727276088559869
0.24818778517470264
0.3831820306655419
0.35524665094172214
0.0422427619063353
0.20955181150240554
0.2521906062750826
0.3812618548331492
0.33303949145221257
0.2796042263759387
0.2970691433100542
0.36712473139469126
0.2994644580539991
0.4641229478873633
0.12868496652017142
0.26670172626903516
0.19402854604908093
0.26294630266936636
-0.2585948360575179
0.3094783465621421
0.38626550116007985
0.28767681604102424
0.34353588641609223
0.407122478266742
0.11748345803811183
0.4575876866299022
0.42847758528276314
0.268718253645408
0.2595140964987538
0.4067473692419024
0.39451051042552027
0.20508652354304058
0.29748246560628244
0.1880061205242496
-0.1718525118852946
0.28620038607414144
0.35726196925285264
