0.01413102275307512
0.01886325224278127
0.02249975345346397
0.02247019592969094
0.022049435893231596
0.02084908154007031
0.01955600095089798
0.018006964787781757
0.01692167491506542
0.015583986018020513
0.014645104400862599
0.014334422381784465
0.015521357729992025
0.017187790642106137
0.01936730509769441
0.022248125048063123
0.025308210208633913
0.028634690946625272
0.032894670325016154
0.038039314383235025
0.04316523529076951
0.04860465337298134
0.05410245565964339
0.05990465306880103
0.06584284260842227
0.0724100221826669
0.07873305942767796
0.0851778907186276
0.0920737458231514
0.0998472305484273
0.10767478703541312
0.11549183050547963
0.12339845306718769
0.13115830317161595
0.13915222640865624
0.14683125734903227
0.15416157810147102
0.16125696183078733
0.16795091267774534
0.1745245421919631
0.1809440218424093
0.18686855522501006
0.19249380655521728
0.198060136891696
0.2036908639882701
0.2089508290814747
0.2141406946048259
0.21924868887994428
0.2240912805892681
0.22872024232251412
0.23314626476872277
0.2374706814032991
0.24180966952385688
0.24638452008521627
0.25115662978244396
0.2561407604713744
0.26119531329292983
0.2665397032848803
0.27206522367624963
0.27742860720956186
0.28281791048543864
0.2881552217832468
0.29324990217162034
0.2982795887110307
0.30336644126222023
0.3086960459668856
0.3138922659365667
0.3191696375503363
0.32440827785086257
0.329677589035657
0.33514413708526875
0.34080307658695586
0.3463124683693538
0.35125921672589466
0.35618702080658454
0.36115875407403936
0.36626522972252756
0.3712375277223587
0.37620592892213583
0.38144453817313856
0.3865877942379838
0.39144952046193676
0.3966605102717878
0.401547424904101
0.40625595230696254
0.4108843765888763
0.4150207315342401
0.4193761790735976
0.4239303453574488
0.42851313044682704
0.4333994259652114
0.43829398894314214
0.4433220041264492
0.4486401507889986
0.4543883413139968
0.4600765627551613
0.46552077681899257
0.47080586903924454
0.4755178282079456
0.4802501028987813
0.48525694982681
0.48997406706319346
0.49489497572022706
0.4998074132144752
0.5046151194604724
0.5087780666561171
0.5133272951764788
0.5182975609916886
0.5236504369111431
0.5288242819101554
0.5339121424636437
0.5391133048163291
0.5447873113723999
0.5511127329886204
0.5582138393533517
0.5661168436697882
0.5732388845976976
0.5807956467804898
0.589365319806694
0.5982621633130688
0.6071899411212127
0.6162134277733801
0.6257082402081806
0.6361055809587671
0.6472021798851051
0.6578959533324369
0.6680601510932165
0.6779320761956654
0.6890501049053516
0.7002320672660958
0.7102570669725036
0.7194235217669844
0.7301642339940314
0.7401497751458543
0.7504165738934145
0.7614443865225754
0.7702490582322777
0.7779106322383789
0.7852722141699998
0.7922508726745991
0.8005583157538807
0.8089185860904476
0.8150069615631977
0.8222622251374037
0.828098443946569
0.8325127929208384
0.8346059444280246
0.8390882996445906
0.8432827481607508
0.8466739346523848
0.8501176060707021
0.8523844129067786
0.8552151196340126
0.8607086247528096
0.8649528784341777
0.8710147376867822
0.8768207719963179
0.8840239864252237
0.8893143306241238
0.8930423009880037
0.8958140011524797
0.8958786206210173
0.8989087052210291
0.9065237972621193
