0.012720006577599077
0.0108744046125967
0.015057201739343959
0.020254431967432946
0.026764730773179334
0.033346813339646966
0.03939167519336509
0.04245246279059219
0.04338918560583812
0.04258268515212325
0.041051814534682714
0.040869299344510064
0.042711043697351715
0.047206434299848825
0.054820116822506454
0.06524225709627546
0.07838907894452694
0.09348521233087077
0.11000388177405838
0.12739373602670087
0.14549072569194613
0.16369065811582523
0.1820034824472969
0.1999603976708096
0.21739237370046685
0.23423177073434795
0.2502017533628134
0.2651359263946098
0.279307395782118
0.29272659358559744
0.30542197088176554
0.31750892588594837
0.3290174567419635
0.3397899118076178
0.3498361940653347
0.36017290815633574
0.3707746115038315
0.38151676555698516
0.39313166644786646
0.40556660592309757
0.4192184638483676
0.43398733080501367
0.45001084031864647
0.4672885555960806
0.4852968971653077
0.5042833737134439
0.5238269891043821
0.5435928744755296
0.563529291165741
0.5831236294528088
0.6025852978684285
0.6217283792817349
0.6400076237344051
0.6572845688592157
0.6734345934828386
0.6876278597031193
0.7003994684317463
0.7116420845349889
0.7212574371571583
0.7296742697647584
0.7367736043476545
0.7427925531478577
0.748235555954733
0.7561073994136513
0.7646092490274233
0.7760804927379444
0.7896696352330069
0.8044786998522606
0.8188139493085898
0.8299038463458226
0.838386045212864
0.846538324599882
0.8546847917951766
0.8627771811758755
0.8696861079763133
0.8751665453870131
0.8805122673543357
0.8864747027831321
0.8933114876100646
0.899806782333464
0.9045617275743497
