0.3198671701019037
-0.0502675814011553
-0.08397682940654952
0.1608559737978689
-0.277771462103874
0.3625813879367904
0.2878369871537338
0.2040475388748753
-0.18767675848824567
0.04339290014667291
0.29165630330117426
-0.024970419085676314
0.24705775411720426
0.2550262966615827
0.28621749403583446
-0.1329969122733931
-0.28340667702743644
-0.29071086240752514
0.0080843699579429
0.12294189009320558
0.3637565143239278
-0.13763525328458476
-0.05023033497648484
0.12775886377829923
0.1454228962772199
0.5542775317036052
0.35358802209630774
0.38795296381277167
0.03422849481190842
-0.0009214945742107659
-0.2762649442953338
-0.1581398299516396
-0.1346426398569803
0.33247656491217265
0.0007219310528311308
0.015577567772386358
0.49694071089688285
0.5047097524272444
0.473083057426089
0.16093228852413333
-0.22461322732707203
-0.09986333378965356
-0.07896558796572045
-0.16688018787967085
0.015542006774668497
0.21338985967185745
0.262849299451569
-0.3998503575165126
-0.1396696946067743
-0.02764340052326118
0.20557794036666333
0.25280302625487827
0.27639524865329274
0.10297591566934328
0.3717444884123183
-0.27560147294679926
-0.1592034705697778
-0.24822429499623452
0.11859600364610763
-0.2265686302953293
0.20074324225597434
0.3161945544383598
0.2494033121186881
0.19311994685380135
-0.44956548021584297
0.07200407964155303
0.13846828466709155
0.06206494483974854
0.048154515343675736
0.1338017546444235
0.14497297329540565
-0.06383583298532491
0.5241868005820635
0.23744993860205016
0.18839704004133967
0.36638641759883983
0.036735761110357736
-0.32148294739464167
-0.20538594328664614
-0.4526402886764322
-0.04774719462447494
-0.10623785244469176
-0.1716856804720519
-0.04711305040370072
-0.0815389564110233
0.22795002053959373
0.1471277501368066
-0.1320846079087206
0.10938491718219337
-0.05232742171948517
-0.2565500497490781
0.214824649913809
-0.359276552901682
-0.17899967247932042
-0.1298467829533882
-0.03448336552459353
0.15278220431396866
0.26256955681237326
0.01803961397005383
0.1260033127429455
0.006551884177562937
0.0874425500587797
0.3549119798945813
-0.4753028713597126
-0.058913872357705226
-0.09960416340679712
-0.30561603597245224
-0.3476974657418939
0.23526869363381256
0.23410854528349795
0.24358785184681653
0.5392990421490872
-0.022035641088956722
0.006193509582701717
0.02192630349239056
0.14574251558179055
0.029324726437904167
0.1098332900883134
0.1001454369212903
-0.1973876162369482
