0.02044162572399525
0.011738748424934558
0.010585630982681579
0.008882137056135723
0.009393274274846413
0.014607046183668995
0.018445883600566138
0.02562362490709254
0.029240278719817676
0.03221507851467515
0.03325406421662466
0.035277412599469524
0.038056486844152276
0.04144541747269682
0.044827987012200726
0.05000314766651566
0.05571287489919871
0.06299324149420917
0.070579676428968
0.07836967647293057
0.08640161126626002
0.0947568959681215
0.10475818185174658
0.11549966096302458
0.12591754546201875
0.13663638813875129
0.14826050965450868
0.15898038235708423
0.1696619371858284
0.18115884530028545
0.1929108934475197
0.20517236084442372
0.21770232544989865
0.23049209585840122
0.24541778678551132
0.2609873300918757
0.27692334425112825
0.29254652072123793
0.3092509489900239
0.32633364562004313
0.3434026217381543
0.3605993724407989
0.37777221958991525
0.3948559918137853
0.4110726413935727
0.4262261272765202
0.44240646495835817
0.45889034862704525
0.47566383340130447
0.49183828661926743
0.5079412346640971
0.5239808823827155
0.541611748505857
0.5589486662237505
0.5765787073998744
0.5949182362680154
0.6136823867616288
0.6330880025005824
0.6509228241519294
0.6683406955986251
0.6859146892130183
0.702486779461446
0.7186451268315603
0.7324071003274076
0.7424257439408037
0.7527316748496758
0.7616045312007735
0.7729857108794732
0.7814642030269777
0.7872596438623082
0.7940311881572293
0.7999767674098197
0.8052196573837902
0.8117556667949604
0.8180327294918814
0.8237663025990057
0.8278412528462477
0.8300436535363257
0.8336703870732067
0.8361552467425113
0.8371421368071031
0.8374105804273183
0.8374265922508302
0.8389049561294603
0.8404672198683785
0.842065838575872
0.8432259995785931
0.8447244564510049
0.84566738667873
0.8461555860894935
0.8468960082067066
0.8483049537438243
0.8498395635514454
0.8518115982380186
0.8548044912863965
0.8575724278388995
0.8594951331773543
0.860971065194982
0.8616298528777503
0.8623371039780777
0.8628871236977611
0.8634122094099442
0.8640882526885862
0.8652637660568321
0.8677356068616092
0.8695137881232732
0.871479527129551
0.873600038995366
0.8755411126899568
0.8772253305722368
0.8785449457979402
0.8797427183708701
0.8816904359416231
0.8829394121321807
0.8844323511504196
0.8857471466384121
0.8880941446893165
0.8901456293810217
0.8918987082294415
0.8935185760593038
0.8953386630676953
0.8969421985669307
0.8983781867633215
0.8991965560777114
0.8999351696605103
0.9007814727717821
