0.4522347513989661
0.43655665309496416
0.415419409190401
0.3996291983514086
0.3865527746211064
0.3652501032073735
0.3476130854719709
0.33735854882224137
0.3089261155488242
0.29105705084807804
0.27278280233375285
0.28706826020350573
0.2565416029522209
0.2715596597782012
0.24669629798514137
0.24994479372995504
0.2584925705204202
0.24757885259234103
0.23670645787553857
0.22629489396838975
0.23321090599292138
0.23477167651884923
0.24179617805749315
0.21919658609011217
0.2168667704148879
0.2308311842099538
0.20526243923185017
0.210253623791766
0.2073269641556752
0.21970763972089247
0.2108877660682546
0.21668280993228173
0.19442293014048673
0.21744560783414052
0.22034673989409936
0.2117059493810834
0.1951751348505113
0.2033634792501397
0.2081659243501332
0.2143806170486593
0.20656906748896958
0.1995276580259524
0.1891951128106107
0.1960172413859812
0.1940593573663646
0.19519785099036707
0.2108872591903138
0.18941597102915114
0.1826557577749544
0.18762587691839222
0.19022830100238525
0.16641782002336253
0.1762409355432305
0.19107237670808952
0.17566794835391703
0.17826245360192428
0.19390676317777966
0.16097737988044758
0.16047118615787742
0.17627441272483474
0.17356090448791434
0.16267542604561386
0.12557583554620821
0.08908215580666984
0.12539011106591352
0.16054687707008458
0.08637394214779431
0.09398932701762497
0.1768891207567691
0.10295255447392243
0.012870770900114903
0.11738459780316074
-0.015149222196847223
0.19203374639149667
0.022032280335404275
-0.045249459336598186
0.08962831162756857
0.2281669733694669
0.13105322942882908
0.08758590556295792
0.15986642989810051
0.06369567479369354
0.1460406011714358
-0.024187180592805668
0.06152821339291259
0.012637654714237168
-0.15536839420128157
0.07611506825041947
0.0987271837051158
0.07168847000492146
-0.022048194090706574
0.28313104873237893
0.09791263603276196
0.0074384564533557795
0.011514285526627588
0.11047671118874958
0.15820173141810823
-0.02242284812174855
-0.2000701370969188
-0.3990957943590493
-0.44769213547294784
-0.04431490830947471
0.12645404505329938
0.25442163977680554
0.303453402403711
0.18552394359929347
0.025507357312380186
0.2870265562106782
0.27340446156617815
0.2629343010115279
0.15237030204575408
0.2014376731489373
0.22763926146105995
0.20995693651997444
0.04337597578055741
0.07693736805481521
0.03204316960258363
0.048390135629856
-0.07948677578646324
-0.02977543888217038
0.11122389132030114
0.05959595435992132
0.0010405238426672847
0.1262625586737629
0.1241946551970467
0.14733534612650462
0.14482051194178586
0.23361369856682718
0.03657945420720354
0.044507501872855904
0.06497756639070446
0.21264952578866125
0.05088649995440925
0.10146369851156656
0.008820017990684992
0.14257653831393874
0.001184339722094252
0.029191150702888802
0.09281999631612753
-0.14222277284457696
0.06876472327756994
0.18699467350861965
0.0946739870715661
0.17505640133754696
0.13262144847392277
-0.11424580040977106
-0.013244601836686742
0.08302432325602382
0.034334061042649244
0.14541144096644354
0.011104276598209839
0.14903433040423997
-0.033242105912000275
0.15973828771368226
0.1157899448532303
-0.20251132667653082
-0.16252044476791805
0.018007137361125136
0.2520473980380015
0.10269845339357253
0.0035963628096602474
0.1600938805060197
0.21246009475705468
0.18077785697566007
-0.14635087697311244
0.17584601195823968
0.12323111419643207
0.1716450681500789
0.036208029396196606
-0.05699656745768544
