0.46184799001164606
0.4454244693883607
0.4241932922757229
0.3997141070046838
0.3776382542312746
0.3605719523621416
0.34097291967824533
0.32344687254504767
0.30626756172145814
0.2975596206284083
0.2845408232028592
0.2751125617104604
0.26649833178831517
0.25868967083623945
0.2635788063146285
0.2531637005262425
0.24930974660112748
0.2464198134329727
0.24169019551381532
0.23462311246512113
0.23111234429779987
0.2297212231354076
0.22400393848180655
0.2169695309711076
0.21075870540741998
0.210068246784273
0.20692420156385305
0.20797197770293713
0.2072209107872357
0.20210457457255293
0.19970005016100595
0.19988931940442306
0.20847932804491592
0.1997450016791799
0.1962361195469166
0.19109263144997535
0.20136535628526553
0.1936346238487528
0.1942092134299107
0.18187668651512212
0.1882647003543937
0.18551281108815676
0.1842634817204572
0.18484394100098422
0.17541618347917032
0.17220458439135355
0.1704169167294739
0.17330751717123205
0.15960674116177653
0.16713033168945862
0.14920598703655485
0.14627299827056212
0.13600509022386859
0.14009378132864791
0.12512228522893615
0.14536317825386996
0.13074493761691536
0.10324162415118682
0.07394033793248056
0.06675831635145524
0.10669304601542007
0.024682439870898243
0.11515413719468548
0.01784161491243308
0.04884075309489355
0.06418226742732625
0.04500958012433187
0.044065321528446666
0.024210639250172583
0.01830088969700361
0.08010232671242962
0.08718357612299144
0.0629937436523561
-0.0011609466463289309
0.006738550194849036
0.07300490113637559
0.06591814009173996
0.05405240958698332
0.0029971637082799596
-0.0089594848970167
0.05314335277521043
0.040229900105128724
0.08113565478856999
0.04152055546081368
