0.46155501052769504
0.44509507774780604
0.42582332349095614
0.40220506859933985
0.38219821702558376
0.36615926726772874
0.34912671112408566
0.3288987355170638
0.31279634731313233
0.30297637824371704
0.29165376730570014
0.2783910331286791
0.2708107676598096
0.2592237653250724
0.2618322377994283
0.2529357641532613
0.24524573546496925
0.24393303784001957
0.239682507912219
0.2327014468864696
0.23009009730046664
0.22900523528136824
0.22680994721129094
0.21862158659105696
0.2191299192083218
0.2160371205708208
0.21431739867299254
0.2159009744715547
0.21431275068776817
0.2073040834354688
0.20720524355863018
0.2068202676768055
0.20774192578054956
0.2046705477387868
0.20348180500343727
0.20470798374392396
0.20424654682164317
0.20305693318105433
0.20376253502636976
0.19417966673238035
0.19921739894914892
0.19748609418407498
0.1975456895699953
0.19246481093703738
0.19135795639444686
0.1908431983344578
0.18422283686939184
0.1869720588082533
0.1845233688814797
0.1845876958318181
0.17121857042976635
0.1763166339620777
0.17102718504877523
0.15745092809281352
0.16213368213697188
0.16166036678972934
0.1647485733335734
0.13617765320818925
0.1280954816691271
0.1190043434956814
0.11098877757298314
0.08456574884128454
0.10816553122392203
0.01950047223872925
0.043350814134532845
0.0608638054875551
0.0619191068873875
0.056717577955513354
0.029708636579243664
0.027967393381507888
0.08738807705315843
0.0780690989477496
0.05292989398436515
0.004822060609624312
0.034200048355768675
0.05728973522125763
0.052468623060688224
0.054383411022471184
0.011051245571635226
