0.03220538946299687
0.028090717764652554
0.028401299901611127
0.026991649330693923
0.02531412365859391
0.023827409501106674
0.02237086645054404
0.02071298412518589
0.0201053410962766
0.020619560431972956
0.022013953608666027
0.023190844784334388
0.02392689413815978
0.02621225236032484
0.03211980279602511
0.04114649525846234
0.05248730438478796
0.06543767741688652
0.07929416025524078
0.09367155803495861
0.10819678364529305
0.12245286492140571
0.136702182967949
0.15082561915238782
0.1648389330196175
0.17839787450341063
0.19078792558398341
0.20235396464786215
0.21318063396638484
0.22355652825297068
0.23366178597618187
0.24387459464421113
0.25438583117903774
0.2650811949935592
0.27610953316976306
0.28773550887342986
0.3000767127902042
0.3127106766206482
0.3257478956637108
0.33913779487166923
0.35296189431132496
0.367182818863424
0.38191187981225905
0.39723576781602754
0.4130074333333913
0.4293623069380138
0.44605506346456697
0.4628246688600265
0.4797903262496656
0.4966848504353263
0.5133487645172958
0.529954386557583
0.5461835701441375
0.5622863369590091
0.5779169014485125
0.5926332929463272
0.6067977609878561
0.6201192869887127
0.6328146341701657
0.6452096204526279
0.6572499528860144
0.6688364712422908
0.6801441665245348
0.6908880433982737
0.7007401342464132
0.7104294869949445
0.7200978320551543
0.7296579738074138
0.7384706060419512
0.7478575767492374
0.7591812853454944
0.7704670891136297
0.7827248514911017
0.793128434758563
0.8022028564910845
0.8118614844919797
0.8221011489600927
0.832631373151726
0.842970159996682
0.8533715176852241
0.86560964001117
0.8775585097177901
0.8883709479344123
0.8972590356344903
0.9060070526399605
