0.005270741484081589
0.012587447955040014
0.01402940734945657
0.01204998248311654
0.01286016350740816
0.013719300493762512
0.018370524414211196
0.022435349930932706
0.026480497928976256
0.029623635594003068
0.030979556141380062
0.031071331690015063
0.029863131557406424
0.027249228973126514
0.02680107543915014
0.030089720373930078
0.03919885208129601
0.05245768053101411
0.06778785850649763
0.08451464153905042
0.10185309995914069
0.11901068793942253
0.1375477866588461
0.15519428964958554
0.17291437005351912
0.18775848800034295
0.20232787005464611
0.2149944773008755
0.22586495467307324
0.23516301353537844
0.24325120298698993
0.250433328676016
0.25761971020588725
0.26404779087117575
0.2708334828250249
0.2792263020401928
0.2879254281696859
0.297413163479126
0.30718369092114073
0.31664030162258217
0.32691045698278437
0.3380463364490921
0.3499693362242185
0.36243947161511814
0.3757188740403449
0.389540301280463
0.4037434891710751
0.4181967205780478
0.4328396011450148
0.4473533253859208
0.4608846942032001
0.4741123381584555
0.4878406962246257
0.5018938448510324
0.5151321929484641
0.5288241416117655
0.5427502786250966
0.5572425761264427
0.5730881445054853
0.5894386413864632
0.6049850520269807
0.6200191400707956
0.6348660770139752
0.648654787904387
0.6615174439625072
0.6736265252227214
0.6858757617924197
0.6969937119290429
0.7078590428749736
0.7194811054323619
0.7293912216797876
0.7371612893927318
0.744308711710954
0.7528089534601097
0.7591603290534443
0.7652642737179962
0.7727184234586244
0.7798989647719402
0.7869459204144219
0.7935276100438072
0.7989899993885249
0.8044714811968159
0.8075697462845869
0.8104604925247588
0.8125221682598273
0.8166278381288924
0.8204142943293796
0.8278868828516538
0.8331134866365061
0.8378359020683691
0.8417013704852409
0.845688409640417
0.8486432195890913
0.8517211151901531
0.854592783864828
0.858537909334506
0.8621071505773302
0.8653994109996808
0.8690508586121968
0.8744359346681061
0.8790911918853334
0.8838473352371089
0.887899213058135
0.8912619399619908
0.8950219163551388
0.898305723844118
0.9017631557175831
