0.46438446724354765
0.4478645883956093
0.4280898789878702
0.4033085592137916
0.3817487386245588
0.3647566113600958
0.3480802381080321
0.3244328773877715
0.30929345670024255
0.29590181605612104
0.2835574837788848
0.26766311054711756
0.25670132321144545
0.2457762302321288
0.24796185678055188
0.24171245064597247
0.23386139881778328
0.23698875085715798
0.23532171712730476
0.2289133137390454
0.22593631970656747
0.22693185090114476
0.2259824001583327
0.21826043036427806
0.2181443227826752
0.21363772748369048
0.21274763848537492
0.21343317970741094
0.2144506530915007
0.2081898148530688
0.2090939373864545
0.20906666302253613
0.20882461569010147
0.2065323268018614
0.20429241526992808
0.2039717839811428
0.20318393302815835
0.19974239000761895
0.19986354292781794
0.19148801864167425
0.19603727803058724
0.19428252887910724
0.19082877777654944
0.19137241977944347
0.18492546400656357
0.18280027709022806
0.18069978355450472
0.1813602887334485
0.18100994017399963
0.1812573856461145
0.16545722131865237
0.17095053594529153
0.16571660681696238
0.15392505375636684
0.15664001942149103
0.15863499439439965
0.1552334772243797
0.1270557972595282
0.12000193936386977
0.10524692289234605
0.09848788259715158
0.07646405163861941
0.09961492720915471
0.029196964882271192
0.060449740480164826
0.08484643623204613
0.06034320163923135
0.04840241608679913
0.009169009587340349
0.02342172881436272
0.07538126235218895
0.08239502224886985
0.05743427081159452
0.018190835636912206
0.03243789898244476
0.060574319145029754
0.04656540190872721
0.054540049534583745
0.005638407082537933
-0.03494418839455926
0.04505809242772729
