0.2527140449418427
-0.13766366749646705
0.04662936661603565
0.030169396056984987
-0.040162415023994674
0.4023150857894936
0.5572677276112615
0.08857781728329386
-0.2180450919281341
0.08918220940424008
0.37405112383649997
-0.10390347852441661
0.22307829991687725
0.3877359511551626
0.3335737492359208
-0.040350921242683795
-0.10718475884453232
0.003169825751247819
0.04084081150091198
0.084332371037313
0.43793151954501536
0.07474804326001756
0.19825938548941216
0.22600764209198115
0.26603669830635124
0.45265457185594493
0.276126978679723
0.40993183744577205
-0.03125443224153139
-0.054222217369273094
-0.2605087275854425
-0.19741399218524072
0.022464574683973438
0.4248756042007776
0.157243375940886
0.17379351963767078
0.4122248379533404
0.21797388328369263
0.4515722853137507
0.20041668760593817
-0.23398836122336
0.04450123163085776
-0.01402017584951309
-0.05627175073155058
0.13739969217972314
0.28441742258547426
0.1066639326053401
-0.38676794758955324
-0.06964665092211043
0.02608402865844821
0.1677743373266665
0.22266198894715242
0.29554145453682745
-0.014164551561704375
0.35285616104774187
-0.3906776263811522
-0.05231049459790113
-0.16950428087965277
0.0026824486370564905
-0.44236657558686204
0.07504153711417408
0.35485291498490895
0.39729022453826107
0.3542482111898151
-0.27841864215278334
-0.027779823566072726
-0.0017826446399102176
0.06217393939581497
0.1163778056323333
0.2551991308268587
0.0007116235198412956
-0.15296315864341797
0.228864614828953
0.29322714840236175
0.3021044372457687
0.2465436617551349
-0.37051760400470424
-0.3470383451224085
-0.395584047075726
-0.4067252003129961
-0.027687393334025454
-0.08997010164284007
-0.14640380689372917
0.24280517934657903
-0.0873958362087628
0.2596513155192
0.06613613836959138
-0.09797183480616316
0.06330366986346975
-0.1622504040610321
-0.23040052614030154
0.2707271893988847
-0.36419813892593295
-0.26348592921875374
0.020684726478867006
0.048910218539804796
-0.015006249229757124
0.19178958126931464
-0.010188636380133969
0.11768203369487074
-0.19768377429028794
-0.1525567828643982
-0.048143823583440735
-0.3772932001781893
0.054688504923385645
-0.5186846254524335
-0.2411409695756452
-0.3965098734302253
0.21318516994918735
0.24683217413206732
0.19122360240427333
0.495449719730323
-0.1747960712923179
-0.12444745064424667
-0.19477915516458325
-0.2509368564885396
-0.13776822381499768
-0.18415617269625562
-0.015276336061672047
-0.3048904164432268
