0.10868998670029136
-0.22803909629468536
-0.12367291826593689
0.047296327771138645
0.00807491519100413
-0.26508004490432624
-0.116154469487666
-0.20255054614691195
-0.0702107195713157
-0.1092682182200636
-0.25218602113677335
-0.06282015659978234
0.025040860603760495
0.27573048924309596
0.2654160806937655
0.07970503355140235
0.36429103477427005
0.06519441405526723
-0.19281935899965807
-0.1444895841456108
-0.3589889274749796
-0.32215731927219843
0.06356205839299933
-0.14624835964891483
0.335923639723499
0.4780902279977698
0.35941387201234626
0.39992921415478544
-0.003405111650710061
0.10055242595947578
0.20301669485013896
0.32175892331384864
-0.03673325612964068
-0.21831067165175952
-0.1657581313390093
0.026113820619476175
0.4719814184438489
0.5227507855543041
0.5749008246164196
0.21892834427845703
0.3133659228727409
0.37485595085054935
0.2986411933345918
0.14318898658907933
-0.03894277055956083
-0.2371671295242143
0.05936964020875137
0.21335159000815807
-0.12040570423376148
-0.13515798582769017
0.11921955668464149
-0.11354540956460372
-0.0855270317069956
-0.008130205885885724
-0.19877007180561737
0.6242395259153882
-0.021296875652501608
0.03920663846107687
0.07600304356137955
0.08520625084486654
0.13426121081959738
0.28582882010257443
0.23512374884259404
0.3177502784262716
0.18511397197534438
0.02825271568759377
-0.05150790245973555
0.09797543483131768
-0.11675662500519861
-0.006275656758932557
0.07733558443513008
0.25105831125738487
0.30541848359816376
0.18908733126076463
0.2010770205663443
0.427791145304806
0.4700626893946477
0.09702549928686631
0.09550294826976838
0.303854073834195
0.40671910810439404
0.22590319555948932
0.514665589383868
-0.16358437990930097
0.08398690469466125
0.4618434724870598
0.09464663613042432
-0.1939423142170722
0.1404701028132277
0.029357641908123806
0.14754659637465728
-0.23213237374416698
0.3952584688256204
-0.06126065344670703
0.18730351060471206
0.09832994902817414
0.07584935572630953
0.17885903795042551
-0.07477523905870026
0.24427336970528815
0.014521928266966746
-0.09395637876455853
0.06340293841805864
-0.12425310305451352
0.11363035597730511
0.15426499302807953
0.07362182742863248
0.017389824487168203
0.226239415439235
0.3320610756684025
0.2788198520717571
0.4192395997781687
0.030526932174075164
-0.13710710126306438
-0.23976380844939651
0.07984798323676272
-0.03434429069501294
-0.06282304432806038
0.12212672217500045
0.02108960456036567
