0.46286668503675715
0.44504611304357955
0.4224350498577584
0.39817372136447626
0.3733552221734072
0.3554917506094446
0.33963047279298797
0.3216035002916553
0.3048427914703752
0.29625778345810116
0.2851737501773407
0.2720941969323547
0.26422805046218417
0.2555506659490857
0.25886183046554034
0.24694969818032375
0.2417340652664523
0.23765412483698306
0.23846975817167076
0.23079041254765148
0.229570584487848
0.22930185296810462
0.2265719928852608
0.2168547496858929
0.21988736642976892
0.2140149881697977
0.21226640252828965
0.2154504011925043
0.21433929426722714
0.20703670458033013
0.20748906470091305
0.20819885453850634
0.21034580721628277
0.2062512912344312
0.2051330157062981
0.20356827326203464
0.20343423155648022
0.20287813149092548
0.2020401150831988
0.1948091266349296
0.19773402846536509
0.20055498492782126
0.1960701653189117
0.1936251758853656
0.1908246479643521
0.1889783815731656
0.18925732031823272
0.1891262597156222
0.18738127626977852
0.18782045121799562
0.17745053709645991
0.181472059451525
0.17737297565660565
0.1679016196122275
0.17541417954678357
0.17420659029126517
0.17564011066262114
0.1597091472229999
0.15948295813051933
0.15319000850304987
0.14613891283428293
0.13978058423349188
0.15011131208628747
0.11329922575204188
0.11187728449802586
0.10300569739898796
0.10264987030686967
0.07291462366505785
0.07688142027375616
0.058401827653053906
0.10554534004790678
0.09846861639102505
0.11518584137480986
0.01783304206936659
0.025779746292245775
0.07145717058071432
0.08826181040719944
0.0778807877695169
0.01273208670577003
0.014110175495737787
0.08343234677441708
0.0821047162141248
0.08573264453050727
0.04605975138885832
0.0022145324599985305
