0.016065896064289993
0.011761487385734749
0.01600006926966775
0.021215945313639475
0.023814776839527995
0.023960486002811955
0.02088661839833731
0.016345710182877914
0.01100399996278862
0.0033934642099574764
0.008779689535751242
0.01921471271280143
0.0307097413965446
0.042682836445952145
0.054983042815959414
0.06755108152907742
0.08014473922473286
0.09279292360492176
0.10603197281376606
0.11932361956158044
0.13308817814278504
0.1476608465974727
0.1620711117510995
0.1757766688722028
0.1902555126072593
0.2043096664093988
0.2188391392097901
0.23170951785944136
0.24635253713703167
0.2614194811828603
0.2759201630407707
0.28958683282834224
0.3020244063104871
0.3136311490712519
0.32417300354376516
0.3346294824154111
0.3430317341292305
0.3507120603500023
0.35799273567019674
0.3664062536151055
0.37517738201506395
0.3848784369061487
0.3950033033862102
0.40567413797146334
0.41733840335870026
0.4297201690561829
0.44212870573707813
0.4559878948178545
0.4704286443091038
0.4858727844031131
0.501239601683688
0.5172525060326097
0.5335166152549162
0.5513131781265711
0.5712562121536289
0.5913961538968433
0.6112653003313806
0.6312157741143164
0.6536369322968539
0.673731457777612
0.6935530767572826
0.7123953854366377
0.7276587116905856
0.7388415845513664
0.7483535746866583
0.7563201528633235
0.7650796301393783
0.7745558947232156
0.7831217764001579
0.7900334300520706
0.7932813696149128
0.7937160863861662
0.7944839562695266
0.7965006621389864
0.7992032995122689
0.8019837592029847
0.804839307244832
0.8058534152073176
0.8071745794433685
0.8087800876510709
0.8101311672322622
0.8100066453708484
0.8098404260310852
0.8085309924724698
0.8074525943655552
0.8057680712106017
0.8044180985030871
0.804317856019367
0.8044793674269842
0.8056628211761875
0.8070759823307774
0.8089936699830639
0.811964990547666
0.8153140153793716
0.8191691138500635
0.8228940019259702
0.8254814541923131
0.8277160384275132
0.8309738366814842
0.8338572927848596
0.8385040826968526
0.842957139776689
0.8467502393298407
0.8504295027499863
0.853056900443874
0.8559747664529355
0.8589664345675471
0.8621061995290571
0.8649582397129462
0.8702056672036563
0.8746032970453455
0.8782582402853137
0.8826941968065167
0.886049694751515
0.8890079916130582
0.892444494024549
0.897594432702133
0.9018861999231528
