0.02420182887977755
0.025511950349828425
0.02493462007095702
0.021278560894902973
0.019532088885388446
0.023233443326410873
0.02827468527399314
0.03179366546806519
0.03450312282723158
0.03784659953261658
0.041712138599143245
0.04658166172535483
0.051453827369725466
0.05677329870138498
0.06251525207485073
0.06793873545239026
0.07391146829187019
0.08031321384515035
0.08856641385153459
0.09777889103723086
0.10866080477438644
0.1205803697868745
0.133283370924375
0.14684173429925404
0.16113667820880065
0.17586962035944495
0.19071468045351767
0.20532002050349885
0.21950134433451027
0.2333313875146491
0.24728609144060615
0.26129785905310243
0.27537745897657256
0.2895590803229464
0.304174449389297
0.31949442468343103
0.3353434505362353
0.35132237807888805
0.36799649698832226
0.38522853223022446
0.40307100728128903
0.4214196659065631
0.4403737948006377
0.459692040658475
0.4795239942696233
0.49996687538866375
0.5207157197785311
0.5415707118466798
0.5620649255901451
0.5823201944616944
0.6017730816719167
0.6204788776380293
0.638586873823152
0.6550777309486124
0.670201950001154
0.6835083945189031
0.6950909787904713
0.7058725900124178
0.7159739521943599
0.7245775443371405
0.731977014430473
0.7386518204961803
0.7454315481406745
0.7545448961261119
0.7643623407047778
0.7771471361928097
0.7919971654053384
0.8066040055996023
0.8187003028436354
0.828855366264542
0.8390100311297027
0.8487128375462656
0.8578844275948352
0.8657705748417414
0.8734939279427233
0.8803865818654517
0.8869138481361316
0.8931512883973879
0.8994364545726441
0.9051290567040297
