0.02420182887977755
0.028685642007263
0.03066168859096594
0.03162479623911465
0.02959340305754714
0.023867202201739705
0.018140159310674777
0.011725912012839073
0.004597947204942883
0.004747642583220217
0.01339993660266403
0.021361771718921792
0.02762405451692422
0.034592391332242574
0.03936484060842097
0.04353093461013027
0.048606314988456495
0.054362920055871546
0.06046819388038893
0.0670563185000408
0.07449530773330541
0.08329813768989185
0.09192281672667954
0.10096102103852907
0.11044407069961806
0.11945750610280945
0.12856897493452077
0.13807588750038965
0.14738043081150695
0.15677773960990352
0.16667488576817188
0.1765258766002721
0.18626377916584405
0.19624844372801328
0.20682293723694456
0.21767374336162393
0.22748188358470112
0.23758413290543481
0.24776501618745073
0.25864274792424496
0.2694216780738322
0.27947808203956487
0.29017425310811484
0.30147389376598427
0.31304816037120403
0.3255955423288718
0.33793172849231756
0.35019661692170717
0.36353226698087465
0.3771601802350928
0.3904903130125801
0.4045626377053453
0.4191205618507285
0.4331867965883158
0.44710060118920797
0.4609794693114608
0.474545305103424
0.4878129915711276
0.5019991872904396
0.5158542182101712
0.5293633841322691
0.5437038475288087
0.5579552120038457
0.571198762803484
0.5847573114635839
0.5986650208300303
0.6128753316923418
0.6260634341839546
0.6372991515842835
0.6476007606151402
0.6569045406834677
0.6648332126511994
0.6731820314559264
0.6823042944072384
0.6901893880826231
0.6980817995503271
0.7062693428323775
0.7135313654428926
0.7187652347196345
0.7217245853397088
0.7264964178261362
0.7327139609764788
0.739982375981858
0.7474523668904233
0.7536373374631723
0.7586187545372691
0.7628017313956849
0.7672437846834814
0.7713231580552881
0.776186170109407
0.7811907246725948
0.7872098998036662
0.7934609235009317
0.8001557893166721
0.8056896570934062
0.8106995571241934
0.8148157118769331
0.8180984717497294
0.8203745779185136
0.822512169567372
0.8252299023656242
0.8285905249594728
0.8317621778654745
0.8334700353261538
0.8352770408808529
0.8382110631823515
0.8415258792480587
0.8442797357580556
0.8467299854897377
0.8484120380934173
0.84991402177938
0.8501909199832867
0.850332812437041
0.8505141779912537
0.851885199605022
0.8520212982329826
0.851991252547993
0.8507577690820318
0.8493992542766868
0.8480022599254781
0.8471281302459276
0.8464037345750152
0.8453346564330046
0.8449031916922317
0.8450232929174214
0.8450354970898509
0.8458064120402384
0.8466748276383161
0.8473909091257481
0.8487005029786117
0.8500248383761825
0.8506500389069184
0.8527261146658733
0.8547471356329701
0.8559318883913988
0.8570870412594016
0.8579956123807392
0.8589810082284186
0.8600229684794717
0.8611640379659293
0.8626940305732974
0.8641501200782677
0.8667444135133543
0.8695033534896117
0.8719085643633088
0.8743183893521286
0.8759948778229071
0.8774452530746994
0.8783428985618842
0.8784013739553601
0.8779591943681909
0.8783234815404894
0.879527782420676
0.8813951329479691
0.883557804487075
0.8854773342801419
0.8874602502402061
0.8884958798765321
0.8891180570393858
0.8896512179846511
0.8900989584425733
0.8905649276459204
0.8912271740473711
0.8927914816379794
0.8945088760848725
0.8959109552250557
0.8971036378293972
0.900056317526392
