0.22568710984938586
-0.2296857774682283
-0.0062966558205353115
0.07809249791110069
-0.4178680145965651
0.2411431458123023
0.1333106340655801
-0.35492822416480435
-0.12424475966315515
-0.0981099855239333
-0.17400285548148053
-0.20285214033213447
0.2086981907118611
0.15611298932648296
0.1951401486134081
0.13780763464071175
0.09053748658251189
0.23434154412903427
-0.02807167147926826
-0.15150871766067603
-0.4917307464136327
-0.18842992773990264
-0.29001448523942924
-0.3806154972436431
0.13039379250051764
0.4655182260672389
0.2720964096959586
0.35767231735478533
-0.2668424830420343
0.11587155804880478
0.21446858838834845
0.3041787678596067
-0.16105649097857871
-0.34419465348358874
-0.040000622127928855
0.03897497933543556
0.48388934524727767
0.5360131149885105
0.4759195183518094
0.2308241674199213
0.612003644096913
-0.12469813463943842
0.2082517489892946
-0.16651454507073016
0.35645163200098856
-0.2018808238676526
0.06875498484713252
-0.045483947023231
-0.08880205238476149
-0.08233915887195266
0.06750372648486987
0.13877815341402583
-0.078716026735398
0.12823499081033132
-0.3282443774855603
0.16712174975613825
-0.18502466367275566
0.2391235327221521
0.19250256063274668
-0.10601005951537397
0.020292858109557645
0.22507091315824973
0.2907780531716892
0.22477808554872877
0.14694715755484689
0.04403416417823883
0.11490770226108064
-0.19307434630209652
-0.3091958262412625
0.05528593124105625
-0.12392021736996564
-0.20040117286413942
0.6558373968007563
0.2706399752547924
0.39657754164566167
0.4290804657996415
0.26769923474945684
0.06029860951668746
0.1781187269764111
0.27153717798824445
0.0420489076851174
0.003170974939801064
0.468877450492115
-0.22909694423280155
-0.026260549808141354
0.23271631703982515
0.1156829622666018
-0.020305342367128984
0.09458809367636183
0.34501017889711577
-0.16556750698232725
-0.0908201012999054
0.15554376073905046
0.091065422379827
0.22699099740703274
0.12196540168351196
0.018466250582663726
0.10241200069893945
-0.061125033301599546
0.22481487483640822
0.3266790393583995
-0.3019779680470946
0.3057016443105955
0.1307003621941612
0.13915100288789098
-0.08130201771664777
0.20610032044212995
0.05905762163109486
0.2193359178362915
0.2583308066813932
0.19850597471599513
0.5305063922887003
-0.11205496160634934
-0.0896261741472658
-0.0624490106935599
0.24847448790119223
0.19148395549595654
-0.19054060231436645
0.388399948690965
-0.022830538985000096
