0.010912589523178785
0.021387857982402128
0.028959230562082477
0.033790446551848
0.03612396000495969
0.03624147010018431
0.03371587816220605
0.02804051503513866
0.020504671532406153
0.01383521800908486
0.010021389925728905
0.01004276540716452
0.016579347808134186
0.0273083676792016
0.04055897175010036
0.055876283926941855
0.07281256148189279
0.09069486670184601
0.10920350488310693
0.12796962096909834
0.14683064888521363
0.16543627851713244
0.18371824644322846
0.20155050311181452
0.21882965978332808
0.23559539335177654
0.2514917737032266
0.2660492881312157
0.27921353424067336
0.29064758290077575
0.3012009490392361
0.31104715967838614
0.32051916175005346
0.32925493345861645
0.338399290850429
0.348776178206236
0.36035130096861845
0.3727730840091346
0.3865123455014771
0.40162511846476445
0.4178737772148068
0.43462891776165397
0.451622541201208
0.46887411146650615
0.4861732624276436
0.5036964005321616
0.5210958613945305
0.5381347201926108
0.5544485229157249
0.5706141057037131
0.5864712978407216
0.6010458962155355
0.6146877715820114
0.6273144280457871
0.6393193891508168
0.6499734243192431
0.6606256557594348
0.6709131864640209
0.6794353798171124
0.6866250503343013
0.6930086902652269
0.7034550278196249
0.7130725324224104
0.7266204861515669
0.7391712241300968
0.7509182408679147
0.7614805033540284
0.770811983498326
0.779704771406895
0.7886576511739669
0.7977286859755416
0.806388352523552
0.8148187505082235
0.8228490937297589
0.8311539109672551
0.8403976197081555
0.849347590161257
0.8577493511860357
0.8655216759955048
0.87215997678827
0.8795940511415075
0.8871197841801753
0.8942668097514043
0.900971934294201
