0.03220538946299687
0.032917105450164505
0.03276698933293189
0.03374071116327519
0.0332806571701867
0.031511581192882575
0.029304662360776175
0.026799074511808362
0.022850153031067705
0.019023139155296083
0.014214466700803324
0.009829512579878942
0.0055761432034916025
0.0019814413499174874
0.0034007719112930626
0.008861589130311109
0.015039045278531941
0.023363810820495115
0.03226875403985775
0.041687153205778704
0.05183397583892147
0.06243054250962217
0.07388313896479637
0.08560524486291081
0.09742583966823468
0.10922176923170322
0.12139088166131685
0.1337721198366806
0.14692746438124568
0.15983562372715998
0.1723708059081141
0.18451609445207923
0.19587461253825522
0.20732527291589137
0.21823569189372308
0.2301092932328292
0.2424203806187855
0.25466191642777464
0.2668262739687028
0.2786443640699066
0.2900086929222302
0.3021422556208125
0.3139409255810706
0.3258264383902487
0.337983055646951
0.35086790493557973
0.36379365603452635
0.3772282136949859
0.3905176834965784
0.4043308730967946
0.418465431440433
0.43299628595869544
0.4482337412492687
0.46444293931956343
0.480122922897498
0.4954114761785324
0.5102848428834044
0.5244169917891333
0.540018465496675
0.5566438694068887
0.5734303304452247
0.5881263005428122
0.6020657363853135
0.6146911694164049
0.6276169837606389
0.6411421495236395
0.6534742420324485
0.6650134625599265
0.6786155478310106
0.6907872746927156
0.7030383804982364
0.712443340870127
0.7165474124433029
0.7198185918547407
0.7218158171639231
0.7220635315870514
0.7212139319296215
0.725178083491831
0.7315564384103739
0.7343688361292012
0.7377869443785599
0.7423308915360679
0.7483247454359309
0.7529486979722717
0.7575576877938799
0.761198791842123
0.7644221988289358
0.7700740135894093
0.7748097665836604
0.7798086871423255
0.7846104156131816
0.7915916272246647
0.7970736713673128
0.8017106316826137
0.8054178933099977
0.8064817893067576
0.808708764595193
0.810793977412605
0.8122997398647234
0.8136981888407763
0.8147091497902321
0.8157879477225051
0.8187202032184426
0.8209375205666574
0.8240813682600842
0.8283689296900226
0.8318883491096031
0.835877908150062
0.8410460733444657
0.8456582359096305
0.8496565967175496
0.8526883412622001
0.8553412954731918
0.8578818178908251
0.8606866406725749
0.8618373364881354
0.8636916444764622
0.8669710594534518
0.8700289397250105
0.8729443367106914
0.8750859654442776
0.876350771842902
0.876379779272319
0.876255362702223
0.8761200519923883
0.8772538154184104
0.8778614141998876
0.8781770590191366
0.8779344392889885
0.8780155775602395
0.8799196229692651
0.8819446106039892
0.8837642052535394
0.8855352940506513
0.8867994722582925
0.8884037022650304
0.8900350496025453
0.8909930133622982
0.8918507493402331
0.892583228627203
0.8936480277203048
0.8951267281074122
0.8965247532886313
0.8980976485208935
0.899944856235364
0.9016425308468013
