0.005270741484081589
0.00742067378263861
0.007999572992039084
0.00967035615446749
0.009593143181300574
0.007228404618090812
0.004357772968117335
0.004884780734135884
0.006735740363427257
0.007190033323887339
0.007301250527038271
0.008578007413509014
0.012387915272519054
0.018174738048429694
0.025725796527047713
0.034202163010477224
0.043155236101837344
0.052530992833359026
0.06274902874472373
0.07355353645909808
0.08502440650799646
0.09706393893204487
0.10922291549513452
0.12208825684558079
0.13570435028410177
0.14974245498472002
0.16405771359304736
0.1783636572215506
0.1924960862289893
0.20648250638259805
0.22044707909555847
0.23429740630428136
0.2481388668684253
0.261757128952207
0.2754470050397401
0.2895265436222516
0.30380834962408254
0.3178182837220888
0.3322714729627457
0.34749293254321884
0.3632494835116533
0.37936472343452987
0.3960620350596168
0.4131620712484833
0.43107869103571544
0.44957935060921655
0.46871454096781495
0.48815500546151275
0.5075504043080427
0.5272567552359959
0.5466137028923199
0.5659944965349171
0.5849852365411999
0.6031958992294064
0.6211858478385381
0.6382906069402566
0.6540959153070651
0.669239620825348
0.6839789760495675
0.6972232893227149
0.7087883429626529
0.7191597091992221
0.7282645862201828
0.7363483216134256
0.7414334089402674
0.7449349264826216
0.7512798125444318
0.7591733922462073
0.768252349202333
0.781422567272192
0.7950588734797112
0.8075459888588451
0.8192219264765133
0.8292852110259834
0.8383349604039495
0.8462242139072755
0.8540593775001148
0.86197314531799
0.8695168404665601
0.8763655129557161
0.8821458654768852
0.8867485001947861
0.8906954866838118
0.8944006229123447
0.8990249749778622
0.9044194310038205
