0.009563098200793528
0.022918534130792784
0.02753707793389193
0.022707391907739044
0.0148617275739506
0.009537871319504999
0.006141609038424889
0.0077685839069567015
0.014001367883867046
0.021308232025681478
0.03019009686414364
0.03812823666170667
0.04583683499477497
0.05334412790350067
0.061174063399027145
0.06967516527343426
0.07715851625136431
0.08541868763760388
0.09426309722257935
0.1035185576201869
0.11405007453752762
0.12485840284650793
0.1360644234674284
0.14730102644923151
0.15936379781229704
0.17111571829697636
0.18191069968005857
0.1921894598066767
0.2013693572793392
0.2105268171626538
0.2198219589282938
0.22904484183120224
0.23852808185425986
0.24825843714602458
0.258128961495954
0.2681606059524291
0.2796659264265018
0.29253299789596954
0.3059502739807031
0.31945213812580653
0.3326736754828565
0.34567301775609927
0.3587242204859842
0.37218108849087495
0.3860619405031767
0.39976508312514814
0.41424675413302686
0.4284341890612081
0.44304635325696445
0.4583182720039481
0.47399327845624384
0.4899424167501612
0.5071208229523266
0.5243765100051497
0.5419444410483272
0.5605558014570228
0.5792242480013005
0.5975887940414627
0.6162879288643748
0.6347950020410572
0.652343358239232
0.6678381275369416
0.6817408289385795
0.6941566133489193
0.7070717653747324
0.7171387222809014
0.7263179355637464
0.7321198308075936
0.7373590294126542
0.7403496921255687
0.7429145932357161
0.7456733883748996
0.7482992555035539
0.7518926326854293
0.7550353845501457
0.756133303403046
0.7560073790730704
0.7591797086680571
0.7625633829201729
0.766201837633633
0.7701979666837581
0.7737990362233772
0.7766767695962133
0.7789815678104665
0.7828631039063794
0.7880061863910618
0.7927552897351374
0.7974677210497411
0.8015492882679702
0.8050542360593878
0.8084762021231652
0.8117411875124252
0.8143779949199351
0.8168364668526057
0.8192109319382379
0.8223985252030462
0.8246369830947693
0.8263546675875314
0.8281595297945121
0.8291772514040386
0.8298307465878774
0.8276944394104635
0.8245143064569324
0.821211287048057
0.8191779113819269
0.8177971996341215
0.8172946322687598
0.8177466897828232
0.8179138361157137
0.8182770984503921
0.8185853841135722
0.8178537402466788
0.8173306781689004
0.8168514346593801
0.8166355252652839
0.8172157882662233
0.8177759028169139
0.8176216086928503
0.8172819718241061
0.8171350337238251
0.8178220155199513
0.8188773443514824
0.8197681473412421
0.8208869519451432
0.8219077337590246
0.8229374960335606
0.8237900441255656
0.8246584716424779
0.8254430977688721
0.8265463131107568
0.8275021122824686
0.8286705392216782
0.8295523794271756
0.8303390164556387
0.8313988343716447
0.8324916842712462
0.8338428346303837
0.8358171522695083
0.8377164772118428
0.8401339974935407
0.842813048125029
0.8454229215309308
0.8475635259677791
0.8495646740618481
0.8512567433724173
0.8530119006606467
0.8547191632596696
0.8564224284533586
0.8574701724661333
0.8590412752092697
0.86042913848224
0.8622155517686526
0.8642509467190997
0.8665092444043745
0.8691789407584777
0.8717379863242268
0.8742771244978621
0.8763576129794645
0.8777815481720248
0.8793738122610659
0.8818676716986038
0.8842400006066913
0.8872408093433398
0.8897559475410278
0.891718918708378
0.8944526057384914
0.896522229506958
0.8980328911799165
0.8992969943529966
0.9007891012856575
