0.025848389796853447
0.02946195655050133
0.035114992422185104
0.03702631794448282
0.03767355802102609
0.03633919279276665
0.03358549949307619
0.03026278529624632
0.02811243730975821
0.025281713226399456
0.02323369399356478
0.018920544095783427
0.018164585068569737
0.02115474880068652
0.0266023816353984
0.03259115756741473
0.040667730628585134
0.04983563164291735
0.05966613882149258
0.0697759765230355
0.08278874030493072
0.09666278354761147
0.11167042414694876
0.12610462733895073
0.140085406183141
0.1553948002306449
0.17161309973770103
0.18732257666494914
0.20298884493500075
0.21778701386516622
0.23206990300895686
0.24585343491495987
0.2587872945026313
0.27200836676971446
0.28593374492218576
0.299165785747544
0.3114124578302961
0.32381988594209893
0.3349154394922487
0.3460766488485378
0.3583749896664876
0.3708406730598688
0.3833909846928576
0.39548273138892565
0.4087802191048114
0.422199189990672
0.4344919206043939
0.4466997151057739
0.45947640365806847
0.4714759946403259
0.4851350605956129
0.4997613252762082
0.5144550042273027
0.528680773046767
0.545097990557456
0.5619870429315478
0.578536567991624
0.5960394070494678
0.6130917438378051
0.6309142596781349
0.6490099390018824
0.6665094898597007
0.6838585410700662
0.6991117722863204
0.7137588227780748
0.7283369055456375
0.7449420710520405
0.7589232486894595
0.7725585138017347
0.7859402955469719
0.7964134358301026
0.8068705660103216
0.8134879748880994
0.8196982442469763
0.8209718101263246
0.8229746397294969
0.8268269857125689
0.8327524656607169
0.8362902500964198
0.8380576745709345
0.8401994503190894
0.8418594661881145
0.8434775484515078
0.84465973894049
0.8446211979478353
0.8431631881948854
0.8408977753223297
0.8387664513034623
0.8374437482540122
0.8365889476914877
0.8372923707141586
0.8388188062370412
0.8426662986945481
0.8459001761173162
0.8491668770246549
0.8529759278557204
0.8573033137023911
0.8607604078978806
0.8638811581427729
0.8667416959215104
0.8678956898407808
0.8682669100666212
0.869207522570542
0.8704215141875054
0.8711187730161318
0.8710388952781237
0.8737297243152511
0.8751874398854097
0.87657554003162
0.8777366963620462
0.8789014930768982
0.8802062857909896
0.8813996442548355
0.882157172369606
0.8830742258063732
0.883979216628909
0.8846895966827665
0.8858251104405509
0.88638453786378
0.8879973735882495
0.8898997558369445
0.8915284772608699
0.89306301776874
0.8947818188356879
0.8967509165808016
0.898722712568636
0.9004697396960194
