0.43703009048639396
-0.17436796865924972
-0.09955102501589938
0.03822445310896687
-0.05007399227029321
0.3676644696745792
0.34529356649207793
-0.032330917685645985
-0.22575475946915038
0.16124398865900055
0.24657186284030752
-0.35172557332784116
0.16566107936304517
0.28950530540442065
0.1921507881269256
-0.005964572062496251
0.2615614998390072
-0.12746525109619178
0.07146729070357191
0.047610590724604065
0.41413015667527514
0.03500304575742719
0.05800914010404149
0.1701682652750152
0.2961938768755659
0.4228050753293329
0.34931741354180684
0.3832830045081984
0.11329203905940571
-0.27328159266693025
-0.22921974544857798
0.22761331179858094
-0.016044678933485775
0.13573879277182238
0.05904799575775128
0.1869527881119022
0.45852584973067134
0.41884350124900627
0.39704148099591474
0.3156288153324131
-0.15850323906551791
0.2179740687683572
-0.026123247540966947
-0.10566858530244028
0.20852972224016214
0.39165892254677875
-0.1119039327934123
-0.10434878134642443
-0.06803000511681885
0.07219602358718015
0.1023418297606161
0.19832761366499432
0.2575132391906521
0.05956961429041631
0.17209443989113163
0.1209157008399543
-0.02851949956378727
-0.13454182085340274
0.046077553160823154
-0.05006103482119391
-0.04006265011142219
0.3145395666763261
0.3718385390089181
0.30534832447811383
-0.11136775987232976
-0.031893966605550314
0.06745520400584618
0.11625371790732206
0.17771702056611596
0.03388745750673886
0.03799486380753811
0.03769705725242865
0.3903905357340027
0.3151915243348571
0.355133959061642
0.2764314339680047
-0.26818879555646175
-0.29930828555885214
-0.4717720484317374
-0.42482698371209926
0.2314478867873317
-0.15386099663805364
0.020707007658371634
-0.10513735634350997
0.04458049263898487
0.19886993649423368
0.19810614846402952
0.02225836010647588
0.0894417448699756
-0.17673848929962516
-0.37686028321875636
0.2302667658542953
-0.5432429989523534
-0.35754024087748765
0.07347638756537053
0.007624939115282734
0.06760297373211047
0.10747086711778228
0.07512117204566554
0.038451472942604197
-0.27997134610057806
-0.3275315221922245
0.04697899947789994
-0.23253741693844845
-0.11258398044074833
-0.36637268694488045
-0.05613784376163519
-0.41631067399825333
0.28448713969229933
0.22762164276678198
0.2272112512512549
0.6545661640400509
-0.11175107431307205
-0.13646317313132073
-0.19385323343540056
-0.2039013217471664
-0.08651691779667152
-0.19551898824497904
-0.012275292458027724
-0.24445490005870749
