0.025848389796853447
0.02272065743330313
0.022341609897414096
0.01823917321974225
0.014448058746998204
0.013113312558341349
0.013979880314501324
0.01707000308716968
0.020938506940318152
0.023695159273202714
0.024214868671592754
0.02204651079046789
0.01912320027529113
0.016461443903069244
0.01555603444994128
0.018638283883368828
0.025819613830162222
0.03559144978962213
0.04706460036278354
0.059912127259474555
0.07363094726692779
0.08851697034568895
0.10393739885279246
0.12004046545668695
0.13645214454995366
0.1531585360077153
0.16971298274195637
0.1855533141139916
0.20086404738236857
0.21548571538155528
0.2293956445494163
0.24316120185492587
0.2567168788133305
0.27032924426179916
0.28381540364172464
0.29759647330149824
0.3118042038404204
0.3259988627049617
0.3407680326833004
0.35561020250224845
0.37056687735922317
0.3858374620438882
0.4014696050331228
0.4170408611062373
0.43266288313855455
0.44835715301003
0.4638874462159643
0.4792377196894697
0.49438240456396654
0.5099083722096235
0.5256722471015653
0.5416553304873515
0.557342380623824
0.5729186019694685
0.5879277790163033
0.602407659005525
0.6155276924195257
0.6273632442927394
0.637747064182172
0.6463807617166151
0.6532034817486934
0.6590682843770987
0.6627155883484107
0.670285142438598
0.6749631733020081
0.6863208129903502
0.7011063623749247
0.7141308995668957
0.7285746766794144
0.7445473772867884
0.7586755186064019
0.772661089080554
0.785426636608363
0.7970243567051828
0.8078372107669569
0.8182794928994365
0.8292853163019097
0.8407146681089681
0.8523094624627664
0.862775901460018
0.8733011569885215
0.8835754444878064
0.8925991180301358
0.9010617463930604
