0.38182262041939435
-0.05555395727000703
-0.11905688838917822
0.042392675582072166
0.06784405899862007
-0.4478855708573064
-0.4650762315188157
0.01004876248260323
0.1065071275611572
-0.3760592979111328
-0.30258560260466727
0.0021497071588688355
0.3206375301179919
0.3033961875287551
0.22998606803407814
0.06521350359636667
0.2758266766004401
-0.3807752626242449
-0.25239284627151803
-0.019435201104498347
-0.20742415659288488
-0.1597160295928574
0.0628130509113089
-0.11131610963707315
0.2873645255082195
0.5590690649615794
0.22874279657025975
0.3275463582543418
-0.055217558514075685
-0.014856157658163907
-0.2939576610867849
-0.11251175936774235
0.14923372439997493
-0.26584661575850405
-0.3497306555791285
-0.07877046495586527
0.4047497514828613
0.2544448705005205
0.3891046084690907
0.31873422757557673
0.17216093039282432
-0.11316552921976633
0.08454567252885503
0.13173141007805683
-0.2536587549822034
-0.35726744078607814
-0.3720541538571359
0.34806479622123065
-0.025747248675866464
-0.018095488429931608
0.31945627084535466
0.06857823606867104
-0.24828469427550254
-0.21708987699974355
-0.07687525161210142
0.3087176951831224
0.08311247508604559
-0.35380268665311676
0.24803760251698992
0.1674151557431883
0.00017365767016370211
0.25606927724159695
0.25017897005027306
0.3140780806225135
0.29285756747386166
-0.20247473123103224
-0.05997030579727341
0.013395945771762771
-0.08342358665826201
-0.3882846060826799
-0.05235343049479256
0.24744257635711867
0.3135640345301405
0.3069212481346431
0.30843877879517684
0.24107012723817942
0.323409896542584
0.33728230233783796
0.21454633523508787
0.4489677215768353
-0.011988150108833622
0.10422639527552643
0.104927131021067
0.24315541330806162
-0.04463020948064593
0.1735109176476319
0.125311843605063
-0.02423131947416646
-0.039569737136556773
0.27374238090614106
0.31748757817028844
-0.163753873073011
0.22317328132363934
0.24284099950356686
0.16616720416077319
0.14782699153405654
-0.053976161353395044
0.18952564552728135
0.05046061934636519
-0.008974121599364292
-0.06342032794417966
0.33005904338303
0.07108470393594911
0.3312038898510447
-0.12815624086688915
0.3202708573814883
0.3344814568333369
0.29488198534505344
0.1584489335718269
0.2237147429835808
0.1626601625372838
0.633132149517119
0.06006542974155045
0.007422146794360016
0.05845456135855979
0.0012123126264615381
0.21945311543252013
0.0002856278856164219
0.24956033021515903
0.16522637037925877
