0.015202379826166896
0.03021229896917441
0.030557541825233837
0.029751033776053072
0.027033573814601412
0.02348245695253586
0.02284677522628296
0.023365929981085238
0.0238021805860567
0.023080647516744515
0.023629573922054663
0.025095785006398936
0.027511352120847002
0.030345923661592014
0.032884933924169815
0.03847225941778761
0.04532360495688571
0.0532086398602026
0.061901295254185675
0.07109155048157643
0.08110189133956075
0.09117073206045198
0.10137749228409534
0.11209591665031203
0.1223125003858814
0.13344446759367323
0.1445104094707137
0.15571873867269992
0.16727088808645524
0.1796842475849378
0.19227435908685436
0.20501211803673206
0.21782263715625444
0.2309856465239905
0.24370597320467857
0.25679662340085196
0.2699820870533027
0.2836895898444985
0.29743425060547884
0.3117523925716389
0.32685560353410814
0.34311992681156944
0.3590875760990245
0.37545311621570165
0.3922097268387222
0.4097376076123225
0.4267397306702513
0.44370901358719994
0.460800218373345
0.4774012296976319
0.4930077244979284
0.5091133116738179
0.5256712422023914
0.5422281727627555
0.5592500781621528
0.5753568983573668
0.5928369985148993
0.6093147968274051
0.6265284946612888
0.6444726782445376
0.6599984691923774
0.6744690083534116
0.6865831191102155
0.6997304708710613
0.7128443382429568
0.7255611913913815
0.736644716403705
0.7460468576484541
0.7576817264709698
0.7673998898271354
0.7754094696078323
0.7809576424544885
0.7851155331328407
0.7895327603376668
0.794377164600436
0.7964752197159162
0.8009803487907168
0.8065675413901326
0.8106782629823932
0.81264071248187
0.8132373729423348
0.8140345815756852
0.8144242276712386
0.8150135046319607
0.8154759337233309
0.8166580014740576
0.8184038876119829
0.8204136989450506
0.8220774106290993
0.8230573391781659
0.8237247766405793
0.8245020383881139
0.8280642912064753
0.82978443395305
0.8330053225528262
0.834264664279481
0.8361678157205779
0.8374258644242528
0.8395269229137392
0.8423070940056906
0.8452626947138598
0.8482796745865265
0.8521746567953707
0.8558038941872848
0.8598516357233652
0.8634860918980491
0.8659892447576486
0.8677110002801386
0.8685523917089396
0.869020376435997
0.8690231126448337
0.8680594859434673
0.8669495551287312
0.8658870937408888
0.8674411192465092
0.8691183017813647
0.8709708108226619
0.8729913686242998
0.8750335703646162
0.8767471097272838
0.877916342685741
0.8790330142192051
0.8796760820574003
0.8803186786025672
0.8808926825484678
0.8819278337630984
0.8838524117437354
0.8856161194546003
0.8868774617230504
0.8871227142072852
0.8871102836482522
0.8867731857954196
0.8863480125069844
0.886031345963706
0.8857384418886609
0.8858884518574104
0.8867333667727886
0.8874850552032882
0.8880809867429148
0.8899264260979471
0.8909845470158335
0.8913069308163095
0.8915833507533137
0.8923899795336115
0.8929258058632363
0.893288540381621
0.8953195270524323
0.8968304896248669
0.8990133438420643
0.9011396728191249
