0.45198039237205
0.4312953711755356
0.4176114876439484
0.3973520126927293
0.38149199249484805
0.3614798106090542
0.35948497727428125
0.3312883569538807
0.31663188566755585
0.3091144251459267
0.31549869490333404
0.2881395160624631
0.28350282972612795
0.262268619510746
0.26475242854488945
0.24537583047672185
0.25388269091908366
0.26567902129709026
0.22920256888767182
0.23335352313127328
0.2240716317090779
0.23926219754925243
0.2195121311916592
0.24159773459127437
0.22847159075429851
0.21946164277987518
0.21364068499193622
0.20381572545206872
0.19606586267475512
0.19560180232768815
0.1961432454772729
0.20138890747257748
0.18801789149805292
0.21046433394494368
0.2036155637427265
0.22826230121400332
0.20950654535946467
0.18304024779137368
0.19189386307021045
0.2126787161187999
0.21896870401574237
0.20850739666965507
0.19996970156231791
0.2060140031601866
0.21184481378838332
0.201598225516471
0.19763802773170386
0.1894203522606227
0.19553607919950183
0.19006529493409646
0.20655761902283876
0.17399522045367088
0.1938033473251211
0.14805516160879817
0.19490509157960878
0.17819942650764609
0.1684539603982937
0.13382881835054217
0.14748297001540106
0.18170469434965192
0.1504011717026274
0.13514310287688086
0.14479045634322907
0.13121327424877977
0.11696146055217432
0.0544842077976771
0.0825454682365176
0.0985172124488754
0.08918752021918441
0.1846572387623336
-0.03255826082612567
-0.24173266712991004
0.1945100618136577
0.2187006000443698
0.12690890437581503
0.3061811246615036
0.19036697839747413
0.1365020864718185
0.14110845628930674
0.1307474304149132
0.03842880557649525
0.09991666543147126
0.08277541940758704
0.15653052652976057
0.1008553241340871
0.039195954220892004
0.14971957635701622
0.16864657158063412
0.0569501952584297
0.16457303004064627
0.04729967654924877
0.13636012057306934
0.05347248931419846
-0.11085736034768756
-0.0351412664371602
0.02522492207545457
0.11570425334231077
0.06370779980809843
0.11826125331747356
0.16395255564015
0.1396308128885358
0.10199972207523167
0.08458797146759067
0.1959730931653817
0.10508867637196395
-0.06329946450447188
0.0460594738062749
0.07969020143428085
-0.0282755179951244
-0.043467949841929254
0.04214563795202303
0.25573683302918415
0.12146717538287966
-0.05440637440217044
0.13708178388379227
0.1362691737924272
0.09790346186871324
0.08620800320610783
-0.0279012243192448
-0.10675855968372305
0.0007069464516528123
0.18849896515275189
0.06084433570378189
0.2007628048331871
