0.010912589523178785
0.02112179444895206
0.029390206645050678
0.032837006524523656
0.03330528354733713
0.034644700583771414
0.0361699223984662
0.03528948804131282
0.032984509259274354
0.02970451774667742
0.0241548200314174
0.01847069279679685
0.01270810457319187
0.0067128982015865375
0.005450611967832577
0.014698276924570161
0.026654523373792392
0.04152296607577448
0.05683155036815449
0.07204446573354603
0.08732879255522633
0.1037828652986397
0.12163042135590195
0.13950461165608383
0.1602002049031458
0.18117273270802503
0.20195540482478186
0.2233963534439144
0.245517535676855
0.2683769705873848
0.29027217455247994
0.3115158627252931
0.3301965052172349
0.34653783966852747
0.3616909369846792
0.37536012127325247
0.3877000442867855
0.40137191299608793
0.41435342342203285
0.4271751953906421
0.43943484772074504
0.45271007680990216
0.4647924231239182
0.47550877336786607
0.488261784876714
0.5017784496118304
0.5140198307910752
0.5254442563215771
0.5355491459631924
0.5456722857324182
0.5562445696695245
0.5682650734435465
0.5804786747508206
0.5933381043763466
0.6066886021439892
0.6202397538481041
0.6326234222333447
0.6449413371781199
0.655289779809274
0.6649652592117208
0.6738730110269309
0.6811448476430177
0.6891952944468587
0.6946971673480731
0.702099639033908
0.7068330423890697
0.7108679241978043
0.718813496479995
0.7251743094230423
0.7341862049424998
0.7431404171119284
0.7512041881054448
0.7589158927199737
0.7649074785266805
0.7711360325384997
0.7767022051905679
0.7827205275339773
0.7891366905848153
0.7962892552131114
0.8043053095914223
0.8118918565978619
0.8181046037679388
0.8255420088114486
0.8312874494809455
0.8366817022108738
0.8406957575406314
0.843760934925152
0.8460836133512998
0.8482118718085768
0.8497050256608186
0.8497269745505944
0.8528587580873901
0.8549987216524252
0.8590428877607917
0.8649106644307992
0.8717573657164446
0.8777836145900942
0.8833326274766987
0.8880883034322938
0.8925160575124469
0.8954860417599052
0.8973468212455059
0.8982717921934845
0.8995393119090841
0.9005998885000484
