0.46560297704475495
0.4443768923411092
0.4191821595118246
0.42465156556020545
0.37744828498553096
0.3723377932514741
0.3540843718143655
0.3456152935774487
0.3343319665474439
0.3356047489754359
0.303362977507463
0.30891924176511
0.2773748315110402
0.28152909602115606
0.2752929427572158
0.27517095799484914
0.2658201295019558
0.25028674579838894
0.2607012569118514
0.24855372975348944
0.24636177659429143
0.23706529141959326
0.22179663039441705
0.21118620456909354
0.2365641021041942
0.21527906514253653
0.2252295534621202
0.21185713490363378
0.1945585135527217
0.2200196777402803
0.19684404694513474
0.20704945104889433
0.20801965123754879
0.21358366453445643
0.21078514135336918
0.19112241213217346
0.19117949965003417
0.20128880712821806
0.1880813803539474
0.2087908660705104
0.17875710196375005
0.1979135752894991
0.19849784341125692
0.1688865390115531
0.17570525706706153
0.19043139576747803
0.18393142376359445
0.21086926006271783
0.19787666093915046
0.17907378229845555
0.13849962387113235
0.17998454752041992
0.20582535275732922
0.17902946421091043
0.15236372880917198
0.1385170710063215
0.17690022597052868
0.13744480946718807
0.08570130447492857
0.0872742133673769
0.15113588152676133
0.19228586647254076
0.03038533187369974
0.09376109450997139
0.03769377499875992
0.09856175320197941
0.2487316405598337
-0.027877185903736557
0.11895493922938827
0.1714585542572818
0.016571190153615856
0.12957680554560763
0.03125328162389063
0.1380350832281968
0.024877276234323342
-0.032081881418402514
0.10122492049593979
-0.00874547970150219
0.15035679588135875
0.1741354639397702
0.024891039441237106
0.038484161747779966
0.09224550491226252
0.07747105412970223
0.08244661748132809
-0.01584693381480473
0.04683000399015563
0.07758935269773831
-0.3718091207459191
0.09338004995491445
-0.13811793666630146
0.13622506098162318
0.25327319995768083
-0.01284656673970952
0.13786077931901208
0.04298660977044172
0.23501214102084295
0.10072883894018503
0.06324842947360043
0.03078184739147727
0.2527174495324058
0.08208281241248488
-0.03831737327061169
0.16419655216200363
0.013678964132987359
