0.3643089270748881
-0.2367303288470358
-0.0013331411575427483
0.26642747040299786
-0.1631878518063267
-0.14443456077274258
0.25495999276423575
-0.08219395762737432
-0.015258358517813882
0.04418692414212863
0.0878781939301981
-0.2736403005817847
0.1956412090290055
0.1131730316051219
0.13398841791757646
0.08509037659821023
-0.03373166243017982
0.4457814731360475
0.34533067207572876
-0.04393736261744116
0.14097749684225278
0.25108242387495056
0.1736468424331765
0.29883399439681313
0.17574470025352593
0.5000749664164574
0.1584266156518936
0.3781464586621533
0.1218066309771904
0.411057965510813
0.350554721520753
0.4322098744672991
0.13689969436249913
0.14882962995707033
0.2228461532170738
0.37056731656344527
0.288173849466097
0.23147036611376684
0.4699803317073378
0.22254520742463405
0.3161567604458528
-0.2640633059290235
-0.1909297066469665
-0.3961922096999731
0.10359672734854511
0.3295811086385654
0.1870925160510128
-0.12760294699612962
-0.21880776710957156
-0.10217277164769611
0.05548216348600755
0.2131010643224704
0.370007522035184
0.013758860580325764
-0.10707121455854644
-0.21043999476842
0.1684578605669491
0.0813009011422771
0.08455914095033204
-0.2324154773241354
0.21653194203869489
0.18097342090214896
0.38261703988958917
0.23861844694074869
0.19315535446706175
0.43027732124197987
0.1436294273315419
0.0166250032507206
0.013513610560018072
0.37056470359898813
-0.029717041242700835
-0.20507879872324922
0.3380083234899204
0.26962211628999805
0.40343824152595215
0.3385985649486188
0.10489738036880872
0.2119720044091122
-0.14171094006191634
-0.1807240566628425
0.26222571450048016
0.07874141312706062
-0.14835679305820623
0.129120474878774
-0.027286760496548938
0.298731922408023
0.26333576760628774
-0.10127560512226504
-0.16070537918877506
-0.23326689405462064
-0.410523585441073
0.38151412208484753
0.08642670903656037
-0.2787292392286219
-0.057499665133780284
0.2652418664027025
-0.04392802346377865
0.05117121088244129
-0.0553029811099796
0.16483076434474975
0.030379162312123537
-0.4280364985423974
-0.20929495390025746
-0.06731377324259227
0.24807882845526816
-0.1037474333587336
-0.15993989534376304
-0.33837476192334337
0.28844755315256376
0.24765605702903687
0.2206768857317889
0.4601168127166045
-0.16419207195954472
-0.1701706301882166
-0.24520351852888037
-0.21438407400059248
-0.1985923221244739
-0.3077517881515897
-0.2883955303264943
-0.2052820037485336
