0.4763288770823212
0.44963675092108923
0.43090507184622223
0.4256972679444987
0.4007200601075142
0.38366273180129845
0.35135604240982377
0.33386353196815255
0.3410417490884214
0.32801818361652646
0.31627692206219277
0.30033954698998244
0.2901947910639425
0.2959271403663839
0.27638512044117036
0.27127223585958055
0.25638015409746084
0.2675602892064317
0.2355992158859006
0.2395936782292039
0.2579233942392524
0.2420469289893244
0.23478129890408106
0.24252468911656766
0.23429675209605905
0.2172883613054526
0.2243385848348482
0.21110372302350816
0.23865913665214805
0.20703769126381605
0.21690193549293812
0.2025621108116989
0.20117775836193824
0.2140103075027186
0.2007695023364493
0.20020354757125108
0.20420353754113402
0.21113055122895547
0.20202810771708662
0.18861317554428236
0.19290105614770225
0.20972827248422987
0.2028183129682281
0.17725039948191074
0.19932882187373524
0.22390589684886025
0.18985717851574474
0.19580672776464986
0.20785038943814987
0.18775199853016944
0.17994679163959942
0.17700394054822344
0.19331751980658757
0.1680175871316994
0.17827173812034441
0.20288473781649446
0.1897606813928706
0.16596070749030623
0.15447078326074787
0.16595308775362133
0.1801083826740975
0.17850997612957958
0.17788219512416348
0.14051300682855872
0.15873495444981706
0.08582691628204714
0.18689507449196424
0.09190403281304527
0.1242682030584697
0.13339025265091725
0.1277374837702322
0.11254916382841951
0.19213936353197564
-0.02718576226580527
0.24237753001561618
0.027265306835356218
0.06229010359791598
-0.15453351078213118
0.035297959458367834
0.10596191510771402
0.05157687743106082
0.13823116597218088
0.1654090173768626
0.26635186917021936
0.04642466048408217
0.0502559346951037
0.09559137600732565
0.025723846905295222
0.04599609144559369
0.04273431686316037
0.13388987478083664
-0.09026926977832506
0.14489544198875853
0.04221599036832646
-0.06149989774480458
0.03618497807456411
0.10702103527803097
0.03617876829942979
-0.021972778270108795
0.11506604312655222
0.07937702799093282
0.1362670108126171
0.08042385178546568
0.1271667203718292
0.0996154952512639
-0.1557075028995507
0.128952981274492
-0.05227245825785054
0.08863806403039098
0.08700643283357623
0.19243609782748367
0.20674861286079532
0.1904338639065129
-0.09080640875383927
0.064764070500688
0.14156982134957186
0.09845795082922043
0.15382095227799325
-0.035427028542334926
0.10729229121207762
0.12713431341835774
0.1279689719758496
0.0930488636447056
-0.050762009757122306
0.04806951016136923
-0.02620345104964028
0.042009782570359644
