0.4582145295059422
0.441793190663652
0.4212145593297188
0.39603090102481464
0.37413559468895796
0.358089636126674
0.33964390974091324
0.3197228935641804
0.3070521623102759
0.29854540578552324
0.2890504325096622
0.2793769549300451
0.27145489382695276
0.2607962995591819
0.2633750317298798
0.2545565080333473
0.24899964255559864
0.24722506346544904
0.24268838368856943
0.23569645560387886
0.23394745528987354
0.23343086849519595
0.23061360316204793
0.22210434129046275
0.22105142668584232
0.2167361639218216
0.21526761552759843
0.21459991128599787
0.211749761558786
0.2046400060406619
0.20539395435479108
0.2054506913979739
0.2056678497022802
0.2032071781602593
0.20221442369629034
0.20079212299056343
0.2026871711188455
0.20025067886692838
0.20097924569774345
0.192869358931276
0.1963427912022157
0.19544488018554773
0.19514725299551827
0.19218940156185055
0.18816492041461186
0.19015144168112885
0.18225140769131626
0.18300010585831944
0.18178771458297827
0.18425777825457162
0.1701380244781956
0.17359759668173091
0.17054564140822354
0.16271792390631518
0.1660194297112899
0.1719641281505908
0.1670766509343855
0.14996267334411229
0.14109047367538985
0.1286503798805272
0.1263156192715797
0.11056912746061537
0.12502904499331968
0.07197912185524585
0.06763022648235789
0.07366848787496683
0.04995754275796627
0.08069920895605337
0.029162734976638904
0.05154834089240867
0.09876600163533589
0.09314073243697579
0.04960860710832338
0.03019167997338862
0.04747865019853942
0.06812741160011615
0.06934815565906027
0.04456684685697326
0.019539918654930932
0.0014160602409709622
0.05804729770297268
0.05717899902663537
0.09816319665638401
0.03396169374800523
-0.01912984451121036
0.029292629798834235
0.07427555957569743
