0.004412274868850414
-0.0033087015189408766
0.0243077118700778
-0.002520921296030769
0.0010960984157818278
0.015824811170615634
-0.009092324048562419
-0.0059163665793028845
0.0018760322583703548
-0.0032986995777935925
-0.011927646124218061
-0.002048765105875873
-0.0035882894700124315
0.006034716026094954
-0.016647885294716943
-0.007001790376899514
0.011513910094871703
0.01857331007231312
-0.015111795576883658
0.006448475108927784
-0.009806078852186218
-0.008568531547160899
-0.008718791832556536
-0.004225079291623943
0.00996439826913362
0.0071242127087656785
0.000591442432190399
-0.003633108784819174
3.288842934110076e-05
-0.0010593044205742324
0.007930533194619697
-0.006315716297922155
-6.194908485759347e-05
-0.0010106761180924467
-0.0005230815085185874
0.0024921765856490757
0.001976600910424985
0.013348485742415818
-0.0008687560627763552
0.015615322934488906
-0.0030585302116663085
-0.004777314172782126
0.001007381887528521
0.003554384723493521
0.0026961240644670097
0.012919633833879632
0.011393429788252843
0.0049444039812108825
-0.003363362591365529
-0.0010061434630710827
0.014133980179217838
0.002212541228509997
-0.013107731333797458
-0.00689565232048181
-0.005775132332314081
0.011522047703756748
-0.001071639848241478
0.022601067737202704
0.0065661947026042725
0.0012480682533019469
-0.004357039190284899
0.009721793096791725
-0.0024071114226406937
-0.008241234534171207
0.00568132717730888
0.00012758316706164158
0.01189060725824544
-0.0007359331874884148
-0.02859687966622556
0.007893664041799794
-0.018777408839472626
0.015387561454090369
0.018213647385840685
-0.004270313859048185
-0.011647019101153951
-0.013970740246682614
0.008726546212518307
-0.002021181776204691
-0.005983599334221348
-0.0024341970124625366
0.020885146875977152
0.0034691932708774678
0.0074572695003245525
0.007769075911230112
0.010184211331879479
0.010613514386873794
-0.007104664469959762
-0.002151878024236405
-0.0076076030859568815
-0.007111632283050703
0.011415077374346699
-0.005017555471945
-0.0007915136118314284
-0.006928263420058225
-0.005934027710431155
0.007882379435396792
-0.004454299914986052
-0.004821201867072191
0.0049355766095143
0.005004873274970344
0.007924226173066342
0.001707644524655671
-0.017537408604770464
0.006302964765895014
0.004983292147002581
0.01018137609564609
-0.008464686168782806
0.025208076341549916
-0.012323861148032736
0.007269532606897998
0.00045955224102290374
-0.004871326455111948
0.008161323611566395
-0.0028143012121166766
-0.023356218209439037
-0.01167278449710173
0.004576580715863195
0.022379656117362697
-0.014812592014760095
-0.00016945317727692528
