0.02044162572399525
0.02512734844251215
0.021663440538647157
0.01803048159404897
0.0175776908167763
0.018619318823473733
0.01971906452616644
0.019251860373888357
0.016643947341276215
0.011745835058681578
0.0058911774844856045
0.005688664215420062
0.013486886843232697
0.023057295250259322
0.03289445639285299
0.0425781444470087
0.05357690680027
0.06540952773626002
0.07806911562445187
0.09179946314597308
0.10654748856199087
0.1218897183291661
0.13793174723995189
0.15423079863631253
0.1705242816873207
0.1866142375802933
0.20202466327484128
0.21675845579755124
0.23096210253390928
0.24499121451561098
0.2588785806589495
0.2728729508667204
0.2868183219616173
0.3005317796309809
0.314300548965123
0.32854307857819914
0.3434442329295011
0.35876355017696127
0.3750279143707791
0.39190201666018304
0.4095589546448429
0.4279152367025539
0.44694206180202195
0.4664547149119287
0.48613301780653567
0.5063737897479628
0.5267868285828191
0.5468334737037537
0.5666610491294563
0.5858500885934702
0.604810396206932
0.623191250051059
0.6407667663122791
0.6571340368663997
0.6723630745240573
0.6861709956489837
0.6995514329883401
0.711991713766645
0.7222519504289854
0.730876049176868
0.7375430285845117
0.7441227102920325
0.7500108194584751
0.759959293660797
0.7690743020771726
0.7812628551022084
0.7935038034313785
0.8049003355278159
0.8162326743779517
0.8266987558427058
0.8365042527888835
0.8460937876486014
0.8552365388933683
0.8633889743105211
0.870311853292171
0.8765831107152872
0.8827177917686988
0.8896718237369888
0.896997997085944
0.9029617668461238
