0.4632330560358511
0.4478190373125845
0.427117267136926
0.40409072327042117
0.38272802745204415
0.36785395041247887
0.34890029726183536
0.3259794048728572
0.31041636255941163
0.2983372770293277
0.28131444641339703
0.26873304124803865
0.25450088640306157
0.24639941815490185
0.2495445753210246
0.23905168624013923
0.2338406448451698
0.23238568430261547
0.231604373507044
0.22903214846848768
0.22628127892167543
0.23016429588427978
0.22336666688407203
0.21901191753575233
0.21987720607869626
0.2144898924533713
0.21420423343163708
0.21345602153216636
0.21262229384630105
0.2040966282509017
0.20655769969277948
0.2045026923009528
0.20940802808724523
0.20238939909132775
0.2027039385981212
0.2017047653432042
0.20443991563805436
0.19942739717931224
0.20154496786156523
0.19045970690978564
0.1953899225140237
0.1934820923081224
0.19294742424579964
0.18941062944162596
0.18481544538808864
0.18186093150068156
0.17689180106976404
0.180604019775837
0.1798839881704823
0.17400197271270046
0.16467998203929107
0.16345981562796974
0.15887861017356414
0.14807945808256107
0.14737982669481403
0.15739611948315185
0.146827297629332
0.11833954450060924
0.10843960319151313
0.09516338318927037
0.08832806916710956
0.0565865497588488
0.09099098493648106
0.027986360393263965
0.06539582925145232
0.03892281279257076
0.03619469607810699
0.051670155802943096
0.007336433748458215
0.009553125199415868
0.08274578848453928
0.0791368746250205
0.05457597628068467
0.015493336576213435
0.04556507396561754
0.0496628691966437
0.04906268323030388
0.040972848591773026
-0.0064288145140568576
-0.0020874113573774444
