0.49086081235071233
-0.2568163118605843
-0.307304167260054
0.10772149804423786
-0.13590696006833689
-0.3399353753564988
-0.5796634955232299
0.020817257279610837
0.15683010448022364
-0.4059176790325213
-0.24637385506028192
0.052681407055422416
0.33220195679812464
0.279345473834457
0.10828984957307554
-0.13624471096844565
0.08942204768360508
-0.0007252218488445965
-0.16447348903707504
0.08653883758189077
-0.29654889963452447
-0.09399147174283931
0.005826747226400995
-0.2942559852234796
0.25303222731519215
0.5146594673091313
0.17892183212865284
0.3292200296611654
-0.07354245522458881
0.07255983967824897
0.1631524502711063
-0.07816056460463476
-0.0584345653353875
-0.23604982556890788
-0.20596000086298122
-0.3133112186397006
0.5003916107567121
0.13255164156142324
0.43439852934991563
0.32383995145187144
0.21749594140460704
-0.1325661375441352
0.24400559681677078
0.1464956475887649
-0.1165520587735635
-0.45281838840274113
0.1428606263186529
0.19055644736914365
-0.09030485284052078
0.07103932532309955
0.33709642024208347
0.10796333511742487
-0.18310452159483864
-0.30763224613762336
0.019311400139139675
0.3288403297953926
0.09066081305108463
-0.16792047326209933
0.35932877115106415
0.3273126930149172
0.024004660320642215
0.27638350163065184
0.2197111142263663
0.2083041050616921
0.30099006347159246
-0.06448257741733512
-0.03142301364994079
-0.08491026841988158
-0.18519740201014737
-0.4018162542117178
0.16170285666781425
-0.015220730450607034
0.48506870799082963
0.21605704355821487
0.35459167039953465
0.36262776391396984
0.4148320030132709
0.23138823803632697
0.2251487966710876
0.47271306101337807
-0.0958913382904979
0.25047378224351136
0.017734258753734203
0.11908148238561851
-0.07068583812888447
0.11827976670839063
0.16554872897516273
-0.029458106531725693
-0.07608830789473182
0.1293663522075757
0.2885039578982382
-0.15852657503016354
0.40949582407147544
0.11889796281798673
-0.009292169379371704
0.2995889830744308
-0.026109136495424866
0.22607271268506535
0.010472065284552624
0.1774993079531954
-0.03702716461076387
0.2847485704331007
0.07797933663313435
0.24063380662861908
-0.30407601534647466
0.334000470272703
0.33278725491847655
0.3544116540499511
0.2088516292930616
0.2261042550029501
0.17537869814405888
0.5655925117493477
0.18194348686955147
0.08051056451427713
0.02937678889429469
0.00779503867026155
0.29292002783195503
0.19348238201535742
-0.12797012707217997
0.05384428555794898
