0.45269301448441257
0.4469470993853035
0.4263336218579162
0.4030263094828178
0.3862222907170451
0.37254553468274243
0.34717399049546016
0.33706412684664266
0.3220713950314063
0.2973430508169341
0.2942212857348485
0.28249551725006306
0.2811159475036
0.2788390255221455
0.27016767614364456
0.2394815364929635
0.25065315523274745
0.2586378660878379
0.2443094814996622
0.2384482276831028
0.23859265275960695
0.246657946367342
0.22338424670850443
0.2418620437973243
0.2205531176636616
0.2219772593789297
0.21353382846834779
0.23957751348598472
0.21320981024588653
0.23498381497398124
0.2309337791486784
0.2133976612245455
0.21093206492053013
0.20983979736454927
0.1972041287742018
0.2023523572733325
0.1951164017342309
0.2157148998298979
0.20753700424801513
0.1982744000385666
0.19796926656287284
0.214551031470404
0.20427745000678232
0.19724800558249694
0.20704121329858705
0.20610640067285546
0.18765429280869123
0.21114772033159573
0.19527397873072244
0.1930822883745188
0.1759297485335643
0.1803082898116909
0.16079541803987224
0.196254130623644
0.19232250614168217
0.18847993197627616
0.1701378938538789
0.15419210291622787
0.17182725702862622
0.15811833445427065
0.18558575310397096
0.15745348233256323
0.17198938433295047
0.13241360650880984
0.1332427840815344
0.1375754859558257
0.13692129432862732
0.11054600368086481
0.10612278616892684
0.08742092424025977
0.006370889619451259
0.19080213406808766
0.09525648158075334
0.16076980325949625
0.14473292075655214
0.18091046881909295
0.15391497976786933
0.1371433849818906
0.02916573381583598
0.09461530768438792
0.09546353102314353
0.10808668630626467
0.21047596760827908
0.1876172599508667
0.058646727702011736
0.13502006137108574
0.06207399542480213
0.09341761176029179
-0.04362334642116439
0.16555886330880787
0.02687171610901451
0.13048560845065177
0.053533376314068404
0.12041548123660295
0.13774585565330066
0.09822307586099377
0.0560938741529971
0.1132303058816102
0.09969323816044479
0.14630728624328176
0.11851235399279536
0.00841892846575748
0.15359684309416366
-0.010505335593893106
0.06150879741719678
0.10345975539355923
0.06767666912350728
0.07318428135494842
0.04409449842516888
0.14495144644160834
0.1426182199911592
0.11785387321573493
-0.097344694744397
-0.023259283248507456
-0.027573778274922023
-0.3021169635196387
-0.08429586059523997
0.015218670810256296
0.261710735393119
0.11809494314401259
0.18187833168601403
0.10818286783291098
-0.08589841453956415
0.19619361610915576
-0.07822123641564993
0.04145942524917956
0.14541369457266096
0.16001096407848953
0.04017568104328906
-0.017321410847152663
0.053860728700289184
0.19214118136290614
0.048311148367824464
0.14552676195042513
0.06495159107767251
0.047943339290562936
0.13026533302900256
0.07997314366713837
0.12360875580947955
0.04942165340829657
0.14323469149757512
0.1233554499712981
0.07166388858407557
0.0855113558745027
0.13584542682832712
0.01797051710686276
