0.015202379826166896
0.022644653430362368
0.02256582112732797
0.02487918374396263
0.027205937691246605
0.029102446220257542
0.03014955198744501
0.029381879758300845
0.027004083318563077
0.023766397997744368
0.021391431489049765
0.020679122140679476
0.02360401935959145
0.029245602141423847
0.03619989015063588
0.04387192660949809
0.05232985082355241
0.06101177927167844
0.06992000878823217
0.07931815141786108
0.08899104974004707
0.09913263500234953
0.10979967826744096
0.12116734562390484
0.13313112376860622
0.1456700628716384
0.15862956151757646
0.17186960349743882
0.1856258828375758
0.19980458909944382
0.21469556801837636
0.2300575450238908
0.24584973633547938
0.2615670876861524
0.2771456621784574
0.2925771063719915
0.308115973897833
0.3236200439691238
0.3393022757887279
0.3555570030931205
0.3722704401038286
0.38953163398830554
0.4074216425424433
0.42570552644359283
0.44424607503199526
0.4631877300368325
0.48229417260925284
0.5019689769953414
0.5218806695919596
0.5418705175961945
0.5624893258684738
0.5837836665009751
0.6056369556343798
0.6281119625014289
0.6511711170958848
0.6741862210454963
0.6963651991117465
0.7173955938756725
0.7373918423216521
0.7548085164847746
0.7688969217923074
0.7796177778524908
0.788276455216373
0.7970758059342998
0.804509245120482
0.8115910960113545
0.8179785891031475
0.8274070711156849
0.8392195678453828
0.8487515689121753
0.8563736733755489
0.8633200622142458
0.8700595972848609
0.8766178823713674
0.8828675843019813
0.8887881384838853
0.8941916448365135
0.8999163473136518
0.9059951670639396
