0.4601374232951749
0.44324969453530305
0.4207698412380804
0.3952146922945391
0.37153870274368184
0.3564366124508855
0.3368388746224576
0.31815513333202483
0.3041000534586471
0.2917473262879462
0.2808413309905291
0.26664037377691435
0.26050897136244977
0.24938732019663173
0.2532870554423867
0.2427108565289347
0.23764141277239414
0.2347446987994795
0.2353798326145316
0.22813208191465917
0.22654368051482598
0.22692255218699664
0.22408600209519547
0.21800961374602357
0.2174017534088038
0.21192529581115876
0.2114384635728206
0.21370909024843066
0.21235408996219712
0.206240738870679
0.20770326570187048
0.2081308340248605
0.20622095367858523
0.20606192343378982
0.2061927510566125
0.20376197588643435
0.19988642333298667
0.1999079957121222
0.19933909825394763
0.19128693466409952
0.1968389734307774
0.19565102580175348
0.1919697132674555
0.1915123972675325
0.1834072285332634
0.1820581371109618
0.18111439932000611
0.17845334562401688
0.17830729639167442
0.18214164165285118
0.16587402667056866
0.1675650854431293
0.16360938706643363
0.151677193311051
0.15641428367219318
0.1602831681728346
0.15982995726196747
0.1316329473659953
0.12477559316330444
0.10642291840514023
0.10049517601889951
0.06526145939420475
0.10540650710123683
0.053681378956633496
0.0527774246616769
0.06134563907516233
0.05574360565735664
0.05510160735190206
0.026344526235392407
0.022454714839130807
0.0709546572962505
0.07791868354450726
0.05730184627421486
0.006930206107594761
0.022944095251625385
0.06562358226562937
0.06711001072188583
0.04843751966900395
0.009143107206635637
-0.021640974799131185
