0.009563098200793528
0.02349829480370187
0.024882840680642677
0.02776614819717801
0.03048956975791399
0.03220330522480161
0.03152961598522642
0.028601563088949764
0.0227084638725502
0.013155906863960459
0.006568484459402504
0.015767096312541265
0.027482157948975194
0.03848003405319739
0.04894724175380325
0.059738395040868995
0.0710416222826235
0.08275431805946888
0.09505608614016384
0.10757566045191652
0.1202660520128949
0.13308833313316182
0.1459003538255531
0.15855045524359931
0.170984779947448
0.18305804552857355
0.19483579505648796
0.20628856182989305
0.21776401447175064
0.22937154124928602
0.24115203445020617
0.2531153966935414
0.2653551288626122
0.27781102046487455
0.29047971028001834
0.30359251109124386
0.3171826282123846
0.3307315260989184
0.34453934318303847
0.35842056822846174
0.3725180365019696
0.38673231555448145
0.401181353974525
0.4157648439049206
0.4307338470152242
0.4460386292140416
0.46146429244675785
0.4772098686562639
0.4932621034721372
0.5098509636639658
0.526462734151528
0.5434332924094594
0.5606833693696776
0.5779972730921222
0.5956510257271382
0.613425743120834
0.6304717201429801
0.646763024725513
0.66226754969714
0.6774924263882414
0.6919283487936071
0.7052672576563448
0.7170387584611285
0.7283389622764491
0.7380587252147837
0.7462780230370484
0.7526634760041455
0.7622156448999289
0.7689618760248533
0.7756901010688797
0.7857316620471619
0.7946263757883781
0.8016770531734464
0.8091902936413686
0.8177818000184429
0.8260105928982923
0.8333833356318862
0.8403327280005956
0.8473703126545576
0.8540440682414288
0.8612117899934826
0.867861932750345
0.8737879710610735
0.8788770334797512
0.8849644050642607
0.8928054660115462
0.9006020793272067
