0.4673566217210299
0.4521007757734307
0.4310973248707909
0.4093632070001214
0.39038815870528143
0.3745512607814937
0.35932324017724726
0.33815491098677275
0.31985523280331163
0.3088856603089887
0.2917641193136028
0.2797527239706241
0.2647107784580782
0.2568438670388179
0.2559337323944463
0.2454655337050904
0.2410347266786863
0.23958434412098467
0.23755219058717048
0.232671039073849
0.22980972240770542
0.23317670703681154
0.22692302653550028
0.2219334481739827
0.2225244135063189
0.21644442202346093
0.21838151076362322
0.21734123253492316
0.21649999590754615
0.2077554682869604
0.2102634029337364
0.20616879075918504
0.21055937207045317
0.2037724584157406
0.20588632683444258
0.2055280055993261
0.2077280655257825
0.2045073729927161
0.20322869337074762
0.19881672315206578
0.2013822743057958
0.19687365822463815
0.19805187371200433
0.19296445160360592
0.19357559175959016
0.1876894820103816
0.18641836602949652
0.18898809401870675
0.18490281089140287
0.18612006239383438
0.17336802439575388
0.17655506740994936
0.1722110141671609
0.16126215544101918
0.16906510771529665
0.16493679386293247
0.16316052486108723
0.1495478213453012
0.1396656650212702
0.13574072716199642
0.11962598332654695
0.10016776164155738
0.11783017592382938
0.04686266893173119
0.052314129219538597
0.06791095629348226
0.04222531751417258
0.07759496945121175
0.046530135204434275
0.0023021162028181164
0.08159329641521201
0.09414725668134916
0.0509483958884524
0.019835507078555747
0.05068268740614851
0.06944199632515602
0.0602890462525969
0.05955799705900683
0.02770974779419111
0.009937936144728432
0.05935736007400205
0.03871611963855287
0.08609566348710318
0.02516451780381973
-0.008074790263919662
0.011600793653624097
