0.4674905808674366
0.45192931578571405
0.4304766839269476
0.4087590683286235
0.38963628412153656
0.37305295695371476
0.3562530245087242
0.334014841536791
0.31998471015209273
0.3091203090088471
0.29612192103543644
0.28274193184865787
0.2721141629486168
0.2627149049612465
0.262551092891817
0.25187255423308313
0.24580797239513247
0.2427914952173696
0.2379197348827614
0.23121776156469137
0.2294097290498779
0.22953288078528716
0.22586565616283866
0.22187011115248872
0.2203807113050067
0.21631597779594403
0.2182501246992785
0.21523473176303753
0.2144634443151348
0.20944259495974743
0.21004524198098062
0.20741533182410765
0.20920732930494862
0.2057445489663362
0.20410645306386566
0.20435346711169206
0.20475544390290606
0.20271615991098962
0.20374560957392956
0.19648070598335793
0.19965775103925743
0.19764591717033858
0.1995262490257242
0.19515173602055835
0.19306190059486505
0.18946688965979602
0.18538984304238104
0.19055369748901474
0.18457524315858959
0.18577369007455985
0.17559031917231643
0.17735650158091865
0.17128539754861172
0.16544107573478795
0.16506058362211345
0.16812664873289684
0.1636741840524924
0.14858565778722804
0.1319208508829594
0.12470075865847169
0.11138103759328066
0.09897249202748121
0.12706758558394543
0.05312102674446517
0.08984351034868909
0.12084721431267581
0.05656490650209972
0.06022826097330897
0.048650541516240875
0.03443728411575525
0.08498040548230462
0.08896247547816832
0.06006178765315029
0.02147925167122816
0.04375200640396065
0.068175092596654
0.06719768126867753
0.06127141034098066
-0.0008407905509238978
0.004682804934115603
0.07470288700921501
0.051809777831530346
0.08733536879022041
0.03739850884472451
