0.36842625246592925
-0.14264640039864343
-0.001303587501290345
0.24448897093156216
-0.26539592166226333
0.43890369771859883
0.47422997528658184
-0.06005079865248933
-0.2940894278153223
0.31198886935495534
0.3337114685332658
-0.5052272312677828
0.20963439647906665
0.30441173122033616
0.24507250966291982
-0.011587745534797862
-0.15842287482099057
-0.10061346728077554
0.08045085821075286
0.11384696038167715
0.3084748306817604
-0.014670694753467637
0.14019037103960508
0.019854571720248522
0.17137499273048926
0.3488935023269673
0.30913307846054094
0.36341303920117307
0.11322847738139104
-0.31092001208031095
-0.1763166241551818
-0.08799911071593741
0.0415793902190163
0.08829640519879141
-0.014401269696778584
0.09577814817549549
0.41555254538683273
0.18664292613704336
0.4022837406732572
0.20241933415007315
-0.19953959115139586
0.08997588354583723
-0.09782917218133189
-0.10879996674035876
0.25833759586126465
0.48752347803943835
0.03738409649689266
-0.3560250198965467
-0.019194964302641268
0.1073408009432559
0.2987668923308145
0.20812373372185436
0.2726769370161013
0.14080180740708842
0.017974161740724876
-0.25372335583212047
0.03201222656276978
-0.08136483439692922
-0.4209513133810409
-0.13475762484284373
0.005417062664746866
0.2904646787104235
0.2854386220183183
0.2808424052403846
-0.31180252102821254
0.0671062523975799
0.10432564073064488
0.188232797773761
0.039057849467446115
0.24090240985302502
0.010515771982460564
-0.16013193468192446
0.4821710401522201
0.2865481122945941
0.34039326801552006
0.2550715939984885
-0.27553758116048493
-0.3031890161528166
-0.34847844306474557
-0.5264875059803219
0.2906216392643486
-0.2691922480573816
-0.07744415981138418
-0.0039535166655548576
-0.05562026200145688
0.19648719225900493
0.13036140072129612
-0.1145002333400769
0.05874800021768546
-0.12045690317456267
-0.3389734902426521
0.21618903616495594
-0.4005258955313383
-0.148355427721048
0.03425719445349517
-0.1019602934513434
-0.008684996034432835
0.15742645576136077
0.0739835784316911
0.021719587299005992
-0.03196747284679442
-0.26593842932706746
-0.043638705745255704
-0.24700199998293987
0.010448477857970567
-0.3303938524221981
-0.30498772525500667
-0.43300326885721774
0.2180917577821151
0.21428956884660658
0.2258074903004317
0.6485755193656192
-0.17407553473565532
-0.06257329343280996
-0.05854759391432602
-0.139128881385569
-0.09073830689236718
-0.06296353007446184
0.010463077342446534
-0.2449941160975636
