0.4603900181378281
0.44877237254511526
0.4270759221550454
0.4085456363229042
0.4112273342621448
0.3852747182633629
0.3879846551695652
0.33246024282858533
0.3239926231517096
0.33874749708836527
0.30097467754341767
0.2760764053881293
0.2831977174698885
0.26720024553160526
0.26110228309560274
0.24696388233659
0.2477312759952629
0.23615689166525544
0.25133140150306454
0.23011073239854857
0.2353691739595335
0.23825184936982413
0.2242501681969784
0.22694013915917727
0.2145183723904724
0.23018586267090962
0.22570225844338038
0.19832900214408172
0.24158193550811874
0.20799689376386776
0.2113880572585995
0.21527667954523344
0.21688869133774036
0.20293113991950007
0.19052168616762305
0.21794837209705598
0.21855407334611765
0.20379216780836668
0.196892477848852
0.19583154026856242
0.21115923075773846
0.2041246005230532
0.19991916382420039
0.20343199161839354
0.17878821586624505
0.20699985983416475
0.2121645894359101
0.1882419832738717
0.20468484784128904
0.21370169756905766
0.1951681314052956
0.19138643929686805
0.19567956376904222
0.18722221056408256
0.1969572601889346
0.17652354974242762
0.1790158404899686
0.17004842828658417
0.1635348773201708
0.15594224070081114
0.17658204749458534
0.15826456876789147
0.19060217151910708
0.16086471716925937
0.16431125062273655
0.16873304143812984
0.13353057792109413
0.17287746566050333
0.14426443701115482
0.10453859227610507
0.10688375347440876
0.07883350212252915
0.08554145221297915
0.1635962527603751
0.08787686920651722
0.18576966075201856
0.1331325623562763
0.03977075003597852
0.009228448864754046
0.2198462943467684
0.15369801968288976
0.19926831120453276
0.1267143005710939
0.01852174541873225
0.1316798578757492
0.1477575730556575
-0.013096904144538457
-0.007304153392848622
0.12492829347080475
0.1636934131067243
0.12633851677879032
0.19952672331094684
0.07362176685354399
0.09029735127322719
0.09710707087527226
-0.0068222550146814775
-0.06960366797564765
0.09928510836421373
0.08401722326107991
0.07668717215010623
0.08408552004845316
0.019468959781473283
-0.031532111068601654
0.18287786737502426
0.043969474703296096
0.058937247045678154
0.09168913523011402
0.08946177140010159
0.1998850315779498
0.08656585635915875
-0.028149796248538417
0.0876615877300454
-0.10118337943905142
-0.06638325972917469
-0.04799406338835299
0.20424229040120773
-0.008032578255490197
0.1979009216966227
0.1332493667847538
-0.15960264988662853
-0.2589465871285419
-0.032232504483561186
0.13813949950190585
0.19181080837894754
0.29525319844795006
0.19576051309162457
-0.020750387608855947
0.19755920736750698
0.026919647304367134
0.07028509945097722
0.235995827014145
-0.03140159590881708
0.11239812639561886
0.10355914040151448
0.034471079655904124
0.17741312113487467
0.10805776779182313
0.056089086630509766
0.054987218223842005
0.11440286572990027
0.0690107103304653
-0.04272571766305033
0.14509914576133492
0.07449454696305163
-0.059281291970964656
0.034240296728796416
0.17422462073522882
0.10350986699503295
-0.1377647560675721
-0.16133401294658856
0.04008455539242484
0.08295701168668435
0.10664256015020723
0.2828349276866541
0.0769639010356648
-0.0803838980851792
-0.11094320384957823
0.1353782499755392
-0.29970765517691744
0.14253132487069736
0.10619382483715334
0.09666696780854211
0.08184097730004758
0.06368734314363989
0.2638931725574901
0.19732502698602022
-0.051389101117853775
0.10669530926853255
