0.4627635200774249
0.4459351682201871
0.42711774345057485
0.4037059560666049
0.3819179778007499
0.36563335892976323
0.3461930256989638
0.32347069773665005
0.30750827306011436
0.2937701723745475
0.279864212464575
0.26726546389017514
0.25743326633001395
0.24581714477864036
0.24638070963365638
0.23895688608827886
0.23516046554509473
0.23338194534873474
0.2331497959018231
0.22711840220674118
0.22533694237796026
0.22670620885227794
0.2261505059630325
0.21862500613583724
0.21835808905854043
0.21330925256298489
0.21404143341752646
0.21374525757646146
0.21404497197630518
0.20591443236316387
0.20712227188745586
0.2060703874028882
0.20747351980417855
0.20372864600262092
0.20227790615308328
0.2016432172714856
0.20145358079611025
0.19799594534145432
0.20015516746339168
0.1891119843470926
0.19419213183469392
0.1916613116983193
0.18929997667034776
0.1877639792176941
0.1811702014243246
0.1789530336344562
0.17843380674616288
0.17892827196905686
0.17630240931086227
0.17683537100837748
0.16178845237608264
0.1647728653695652
0.16102762403493348
0.1471534503116334
0.1454550825003394
0.16190604537259423
0.15204816325360937
0.12130008807477943
0.11507453286599156
0.09597392148473782
0.09581156881311664
0.05922232787898957
0.08540322746579287
0.014661460937649473
0.048156555278168256
0.08300341845496706
0.06923042721468542
0.04971938652524832
0.011616109846493361
0.017139949770951013
0.05903924349771039
0.07688775504394624
0.056083057609685405
0.008866983789016014
0.027339777289515477
0.06624164924860632
0.05096052290985115
0.0407774304597488
0.005275638060437515
-0.03277229516346891
