0.46268404539224195
0.4314469527237079
0.4161652215554928
0.3981481985568585
0.380846774503921
0.3723772869333952
0.3267447302882378
0.32768951199376706
0.3113360528481729
0.2885533641382285
0.28430061348087354
0.2751956539106865
0.26522380396247835
0.25174147526061963
0.2543641753150909
0.2532420333939005
0.23642193687013285
0.23937207269402094
0.2459159207994024
0.23915171930736695
0.2198321671949604
0.24219969127785274
0.2353274981160257
0.2077430104145288
0.21694766716869285
0.22180857030429618
0.21557651224090368
0.19914894755756668
0.20108557637559388
0.20852751953625936
0.20771511182742836
0.2061796041419624
0.20643563689295502
0.2059994338955463
0.19922189394182527
0.2186552148068791
0.2162484195389397
0.2121029247176519
0.19583563025994571
0.19686686477926163
0.19670880961234916
0.18301712386182023
0.18858175291649143
0.16410965165766228
0.19334939954376051
0.19389523470739906
0.16973562346235305
0.1838660117105833
0.1925020934762282
0.2080369446389292
0.185495747341424
0.1790030428375875
0.17082609126957216
0.15895162181980066
0.17329853798933503
0.1253288713460773
0.1489835039119234
0.11639525033663067
0.1631479918478348
0.1541705239060745
0.11551572966461593
0.12709980962320921
0.19761542264362736
0.030727908905003987
0.07114972152257926
0.1435291431533644
0.08230099401962987
0.16150437385228167
-0.02038379919755362
-0.2349545814467835
0.18201094224972764
0.19872264898700975
0.08311409771501083
0.20773336777417106
-0.08812046607120394
-0.3171135390442962
0.2378537224529647
0.13380925557877232
0.1459662376725127
0.16373204801366437
0.1931128604910749
0.1532122253126061
0.17778077959676142
0.06028116033035563
0.15616045920327176
0.14552251883179795
0.06261388270744134
0.16936541347805212
0.06942571309301815
0.13457858870287154
0.05716856501094936
0.050488838102872025
0.0988822021260487
0.060514011523001954
0.08644638520595249
0.12640894629163968
0.11381433471464825
-0.06319925102243418
0.10474571727167786
-0.04977167857878251
-0.028670485098463372
0.20204206547884868
-0.05412894252022915
0.060702587018022
-0.0986588527961142
0.05700545704550114
0.15633401769826616
0.20834004228424302
-0.11562721241444562
0.188401370407634
-0.1937216622964838
-0.10509554948736854
0.1168738675966024
0.10878779103486097
0.015185277079789172
0.034522910802164686
0.20080258261010964
0.026665669289245242
