0.48015157086979493
0.4349741533795643
0.42904164627795216
0.3930794602443339
0.40633565488729
0.37553870436732306
0.3483826006999279
0.34645057128116263
0.3063982030615524
0.31151958520144735
0.2907289392310789
0.28807658409337494
0.2669568674848408
0.2741142872558651
0.24084656577672664
0.2487741207080903
0.244897118320419
0.2234433144838157
0.24665652086539674
0.22242328491307356
0.2388295274351782
0.21663552804153657
0.2135162826940913
0.23244690674061452
0.22174891907284466
0.22182516192159996
0.22448506559220488
0.22512284355245554
0.21023252412939036
0.22951631719182164
0.2077021075268075
0.22035672936380601
0.23632439912839848
0.20648331164056416
0.20672053067538126
0.2010207790384082
0.20266647858778353
0.21339734352429296
0.20706279091188562
0.19788732632183187
0.20201973900649878
0.19879346516540003
0.20681560515247144
0.20099965177963663
0.19672762305701974
0.1962789727094335
0.1827656188871331
0.20982170910332226
0.18861730133735233
0.19787323881337593
0.18811894681887165
0.1873691875400446
0.1768738149730874
0.2006027018828041
0.17180814719120513
0.18077650963451147
0.1726979176420314
0.14450533913069957
0.17470494600501224
0.16385639470218766
0.17875225570589326
0.1802640440833207
0.18975166679854888
0.16869162579181812
0.16426972299381004
0.14011780527984324
0.15386442135135742
0.14444416354059858
0.10897650811387699
0.14049829680102788
0.14378947418319166
0.10801692011501235
0.10269657857497155
0.04296634542074784
0.13565455782972136
0.11144411759731254
0.1443090682070985
-0.014333921388362536
0.031295542163943146
0.21317219656948594
0.16267332137337448
0.2080510078295984
-0.028259615223269585
0.20420326918270565
0.03378302563004415
0.24710901641234623
-0.1670145499363892
0.09816158570180694
0.15215108202049754
0.23070347850709266
-0.1505081772115524
0.15814325029669396
0.09613271948564128
0.052933861879400634
-0.001318551781634758
0.07789415306728814
0.21393526365820376
0.11159527677484854
-0.14246584548615837
0.1169342004452758
0.018246594337730238
-0.217714148905237
0.1097053141340808
-0.04214534881849408
0.14139046086234686
0.061411991047976566
0.0014766140120960336
