0.012720006577599077
0.01676034793922813
0.01786792768608783
0.01395767098176012
0.011129808698498249
0.011396152855310562
0.013621422764829496
0.01642100797027383
0.022541887179926196
0.031128627486138167
0.039478487581345166
0.04825994701195818
0.05589662551961382
0.06358703704500242
0.07153991951542747
0.07993810050252331
0.08809417184533085
0.09610673164203545
0.10538059428669896
0.11504831667611065
0.12559597715614124
0.13653296772989207
0.1480765080016867
0.159883606111177
0.17189697834282613
0.18414832749494883
0.19660846689615405
0.21041378086532794
0.2245825211362615
0.23842957243822868
0.25182091002632884
0.26525784054818274
0.27909352502028534
0.29254246172671816
0.3050500488382816
0.3161452478421388
0.32633271969574706
0.3365306493757147
0.3477835490584748
0.3594668503392802
0.3704061266121318
0.38129521023826524
0.3922262928429088
0.4033589153471048
0.4150764176183461
0.42782854426089684
0.4410410382744792
0.4547798488914542
0.46865974663599197
0.48294687605824865
0.49854141116509226
0.5136858107456763
0.5290755150712028
0.5438153792359917
0.558967184696721
0.5738043939112665
0.5877004145731682
0.6012675550488921
0.615242660563005
0.629728577853485
0.6429827452595461
0.654887047232277
0.6669880044222041
0.6792104013358403
0.6902027277265844
0.6996318313431851
0.707052078019222
0.713706200223979
0.718458329433256
0.7225642604598301
0.7265352010950165
0.7321455130269992
0.7357546133511772
0.7397424418852949
0.7426863983059371
0.7440614315136287
0.74469819321404
0.7444992369364247
0.745700158476462
0.746117558922481
0.7477289559867819
0.7512654238688554
0.7551868362152779
0.7591595870845939
0.7625767272789685
0.7654281089561926
0.7685848930514111
0.7714950561409196
0.7745531386837843
0.7780258389195736
0.7811743344781308
0.7853269776779384
0.7894875191579833
0.7941255256171824
0.8002604676796093
0.8062117951203776
0.8112821303253899
0.8158051898631674
0.8197964912384917
0.8226841423098645
0.8254308672649913
0.8292338236865899
0.8330221974238003
0.8377709543605376
0.8420640188743188
0.8459263151064469
0.8498752205039681
0.8533694007693222
0.8561957019079108
0.8593022414356101
0.8627949553250973
0.8661886799977787
0.8685088351422582
0.8708845017462077
0.8740287723546633
0.8777265269447855
0.8804908206540644
0.8823726595995625
0.8849415478781255
0.8872785758974473
0.8910981496992998
0.8947729603767073
0.8977552943444141
0.90040703397748
