0.4684888125769665
0.4366281723715837
0.4269460864854191
0.3943871084539132
0.3960609881316393
0.36373902269548875
0.3782862309732263
0.34105806239725445
0.3393161530050759
0.28124584853984747
0.30659256649162747
0.29424894097228416
0.25789855397528283
0.2726244645205113
0.24977698780022162
0.25310608175069044
0.24268952266294952
0.23031770733893764
0.2269266470739606
0.2173612925218283
0.22888065518644424
0.19521840779915794
0.2291425541995037
0.21494220940278663
0.22935805018764677
0.22358706275030532
0.21570855860426613
0.23221881559241564
0.195204668719147
0.21249573809807765
0.21990012109918194
0.22003741103238855
0.21533602537556562
0.21556584889624897
0.2170914929454632
0.22839950425465216
0.2176022298473465
0.20467297290754816
0.21012544155367668
0.2133326258783887
0.19173187505295158
0.1978612014619871
0.19043443309176028
0.18241998375127394
0.19272413673538014
0.2057172822741838
0.20483145971071948
0.19308112551924705
0.2030742105336567
0.1988663167255294
0.17760331695613701
0.17694981751952638
0.18242278163872838
0.17905938797021131
0.2005629243100639
0.1547503270761179
0.1954083830461394
0.18726491221892427
0.17246031707516624
0.19381514091676
0.16404381645656202
0.2091388134563023
0.12918851683192373
0.16673544728780676
0.119912331339313
0.13093230208223716
0.16972283543843897
0.11326862650611702
0.06352824267887691
0.1339230769746365
0.12754639975175308
0.06248296373057732
0.10897998112630519
0.04831991924848661
0.12127078942190722
-0.10806111467005663
0.06256504638815585
0.17802051395120655
0.25079256777244063
0.13832656396745296
0.04922023820804128
0.19847713663972572
0.22756272315251747
0.1462383005102887
0.053993038511547686
0.023931361138506357
0.1833167368137259
0.1833940506212961
-0.053606770727206765
-0.014033329699657426
0.18612770589411398
-0.013891712423096392
-0.026050221862902734
-0.22908823091346908
0.06107305302559113
0.06716990498040137
-0.2566410356544935
0.25494182000127785
0.15958148702695302
0.17098300564975505
0.12339977003342312
0.21412419811793043
0.16944246168970162
0.033967556723092374
0.037745480338140625
0.1324792032161583
0.06090761977914949
0.18825378081216793
0.10808895783154165
0.09998287943027923
0.1003826066259868
0.13840621757321342
0.11692595342597362
-0.08871727217422631
0.08939200808096359
0.15040633505381923
0.10035772479643107
0.031895200333484974
0.07521754748212917
0.1493743116612491
0.0262749183139257
0.13707762685196057
0.1172840042057724
-0.02041049648156168
0.04722279695466963
0.0420585340460391
0.21885919236864593
0.025141155847825114
0.0323287851118359
0.030752768095201943
0.17735282950957337
0.13581034020432137
0.09945092767929575
0.0829791452278244
0.0911061942965588
0.10178145644508046
0.10977131081030955
0.06362320138210698
-0.12382281203841328
-0.018902980304127848
0.0627105857586282
0.04629788588702749
0.0167221475071338
0.08299521635570611
0.14303040631760866
-0.012151439774200856
-0.11553408757729089
0.15413667492001387
0.15948812388770767
-0.013914251332874827
