0.2892200400627089
-0.17166735582610296
-0.25413507856949813
0.0729966246515528
-0.325089977991385
0.04512340712107665
-0.33373244612923925
-0.12119835497815057
-0.12533349890590853
0.18779851095081662
-0.376333426812101
-0.12677959935232958
0.3765733624393854
0.23804175924837506
0.147704635448836
-0.08408368449283175
-0.06502209691282163
0.2697497381630994
0.09467144665363554
0.03843836258557573
-0.09595483372201737
0.03683520785708822
-0.054507958749742236
-0.08951566327743382
0.11146194854176333
0.4524713636600723
0.2746494665463351
0.3633206167998621
0.01818063587449992
-0.28130422236923713
0.27533101741293114
0.3079539844263939
0.2235588786221665
-0.2856547366567829
0.2496614769833413
-0.15159861218241888
0.41200000462411884
0.4260568033328661
0.443809192581427
0.27395157982295315
0.4129853981920927
0.12218704502874136
0.20684941323195383
-0.29303194492111
0.15535646657583072
0.015537240956782467
0.006900670075272261
-0.048121344477576
-0.17385515737814675
-0.02053727571178825
0.17104999001344567
0.3047795397880213
-0.09676596248617275
-0.24625874280223178
-0.13731645326093297
-0.11609590388554382
0.23191107118580515
0.10771978658719693
0.3582686406849757
0.055990806085655
0.21727831679357407
0.18220735015559153
0.12426565135001731
0.18372947389089891
0.23699743598993644
0.1275335803728578
0.16175738270124052
-0.0391460203495659
-0.4593223961714023
-0.16627532315872046
-0.06905068718954345
-0.22128127695054564
0.49342363803197176
0.2316867578778151
0.3351793974423799
0.43214498650404065
0.3341918205313031
0.30973695641658555
0.04005342763963626
0.42637596379743625
0.1776271625996905
0.26477175031730565
-0.00457111838124256
0.11447848958477029
-0.11693120306953504
0.2460345578098047
0.16898472461217176
-0.0906891678529774
-0.15951942940397357
0.27972293271993437
-0.48397753682245487
-0.20147830486498752
0.2889304571463586
0.006497666466141555
0.0936979787283929
0.21393552427385584
0.16005654545049278
0.17471723226183752
0.09841568837254985
0.4029750469053254
0.24290079728360087
-0.1418173887933726
-0.04149893300676653
-0.12759444294744468
-0.04143658789928231
0.22793317101025964
0.11265741468244811
0.046066665289492735
0.3044053303224446
0.3170422389338567
0.2665567567365645
0.5634501335163687
-0.16052001226476434
-0.11345727912119528
-0.22280069641470837
-0.13288846148878122
0.09909144353007389
-0.2319082593055161
0.1781430721849007
-0.018177886756454393
