0.017886284734303187
0.004365098505119894
0.0009649746807200863
-0.01863492703364491
-0.0027738820251439907
-0.0035475897926898676
-0.0008274148148245977
-0.0062700067682384735
-0.0004381816897592824
-0.004772180303595027
-0.013138647533626821
0.008846223804995846
0.008813180422075299
0.017095730636529485
0.0005003364217686021
-0.0040467741460089085
-0.0054535994761953045
-0.015464773155829684
0.009823674342581601
-0.011010676301114757
-0.011850465270201728
-0.0020564989942254107
0.014861483550745902
0.0023671626722691235
-0.010237851399264681
-0.007129932001120494
0.006252449661628293
-0.0016051336318692391
-0.0076883635031923005
-0.0023003072227793906
0.007450562664053709
0.019761107831263027
-0.01244123328955937
-0.0062641691118836915
-0.008037660945765765
-0.024190831731786697
-0.009237920216957886
-0.010238757608428376
0.011239779589574684
-0.001319142328009009
-0.016232854458352472
0.006466754522701722
-0.003562707594467449
-0.01743141036953459
-0.005966496416841992
-0.005885943796882429
-0.008738822977622995
0.0002971381536101662
-0.02248257767576606
-0.002677618648460562
0.010131834418864945
0.008527978409541495
0.011081874999349926
0.011193906553188915
0.014875431319925397
-0.011183006844003649
0.00845833407057182
-0.018608895289421137
-0.006028851040072183
-0.019144720434058144
0.010481475122462551
0.013337378194424867
-0.001974146791582499
0.01774645031405935
-0.006747275103117134
0.001506168653650223
0.0015294570276248168
-0.010641952739365244
0.004379466112800821
0.019389784604004943
-0.010249308746080866
0.008993384458408143
-0.0015450685189928749
0.01769627303293743
0.004837883476005304
0.006762163998630622
0.006431632805957185
0.002490867067258341
-0.01395763502640675
0.013916629077448076
-0.013706690125520164
0.002385631924059012
0.006140770877540938
-0.008379122727022941
0.0014506321410352788
0.011678822863016419
-0.00024104470071230054
-0.008886574178529491
-0.029157377517927123
-0.009718405025726094
-0.005910787384858753
-0.005164173677884741
-0.009599961802272166
0.0037729523411320046
-0.005747084204927051
-0.0010945433388060836
0.006790715998255071
-0.008554371686598812
-0.003002060745195507
0.021581493420569187
0.008742857226105204
-0.012935366319217843
-0.000797409381855717
0.005644855182945971
0.012334710444531563
0.0014898639468099084
-0.0053058214435510445
-0.007305266436933302
0.006450619849839091
0.0031306037402410647
-0.005166479247981497
-0.001890716664357128
-0.00416198015130148
0.007246576582394498
-0.006899606773138658
0.004864144752686151
0.008515189504847084
0.0048624932610831124
-0.008342398506717849
0.01344992456622238
