0.016065896064289993
0.02175200020396231
0.02831277956228677
0.031134380139324597
0.031182368735874554
0.030248979223608946
0.029051229747894973
0.0299742840405327
0.03227851142896339
0.03339580440599682
0.03293185791831768
0.030653888006865547
0.027727299657545508
0.027454366461218974
0.032370224050573874
0.041625137069426346
0.05418715111086034
0.06941206559773036
0.08647030788630726
0.10509086066361312
0.1244713935300319
0.14380153997179615
0.1630066308054258
0.181508014202118
0.19925899944578626
0.21570960271867123
0.23069028143349027
0.2447134145931442
0.25798860662203477
0.2708199703024774
0.2834710779777104
0.296075117141214
0.30850967373722227
0.3205774944031361
0.33215277066476434
0.34357954912708805
0.3551343232923051
0.3664743527953946
0.37800967027780646
0.39011119071707634
0.4031074498562131
0.4167475132811338
0.431483700856271
0.4472968825406133
0.46370499580645447
0.48111227775458826
0.49925425275984603
0.5174617900103241
0.536017449878203
0.5544438081146312
0.5726040964986956
0.5904308292251537
0.6074341549506761
0.6235609890038611
0.6384914333883978
0.6519672043896051
0.6643649847986555
0.6761713644729287
0.6869550628329321
0.6968296227759077
0.7055078074615545
0.7128416796981968
0.7185463050419444
0.7290270469491981
0.7430629126683187
0.759262935692423
0.775121231501874
0.7906085438910244
0.8055988254038563
0.8189111767997156
0.8310384266202171
0.841315706472396
0.8503439889558616
0.8587633810226111
0.8661865096989542
0.8729878325924485
0.8793425973653012
0.8866412348222729
0.894942592475756
0.9024116476543174
