0.467774186332466
0.4581731085727879
0.41242929638596937
0.4055804730001588
0.39685263245117064
0.3790880250525509
0.35254560088680187
0.3631049371164995
0.33347775007734737
0.3163379912555348
0.3077422617843031
0.2835594643104159
0.2677437543025202
0.27362509964407594
0.252368785283833
0.2361935499969619
0.24238948420798467
0.24122709052380215
0.23966868083548754
0.22061609299648816
0.22790901302478778
0.21640832284412226
0.22643253830898147
0.23241978811273478
0.2268581522196793
0.2262095392787823
0.2248232215701883
0.20359182122466157
0.20245169628264192
0.22227443721178525
0.23098352452668985
0.2022653209352155
0.21410717448502847
0.20147046703408444
0.21284228945440425
0.1967345393290359
0.20759750529469195
0.19412241128097363
0.19320210899356388
0.18941265044329775
0.20753123198544327
0.20860738552410352
0.21872208109644864
0.21112207542847478
0.21430576111677585
0.18507766192981
0.21889546942094168
0.18984232762537268
0.18008422300953425
0.1841932839563014
0.17556099591882013
0.15557194798242835
0.1924500365840755
0.19589609438944527
0.18949723415138836
0.17043524240347135
0.1441740605720629
0.14613813934561115
0.1519496155673442
0.15542511431718214
0.1849819672845323
0.12986882300418023
0.14114232178070335
0.1473439311744944
0.08993248131152826
0.17962822821041857
0.059918061543862255
0.07018190311289668
0.20864774820356413
0.0914956179820593
0.17267646343659387
0.04120927997729329
0.1221289331212918
0.06638429864067102
0.15059668652297764
0.11706054661161464
0.061380306931564876
0.0030014648058527826
0.24406934744017028
-0.07752286212883319
0.09748297364228153
0.02490271536336719
0.06082611995062587
0.0783431924939923
0.026965679516337937
0.144117357905239
0.14042971771528567
-0.15809185738892295
0.2347414630483025
0.12226841421257245
0.10717899786963903
0.2027187049769018
0.1362626979209312
-0.008152298487378973
-0.04173177035254194
0.029587304147416615
-0.046644230866484615
-0.06533371886876949
-0.03384715388864923
0.07574718624793242
0.16090647961711435
0.22764225886454031
-0.015572333695656027
0.07357621527918834
0.17952490050280973
0.05670303881018979
-0.0489315667840885
0.07214276345986836
0.17937747968380524
0.15462869532166734
0.06086475228052013
0.18945824730815686
0.21710996026353585
-0.06454558066804672
0.17361201522360042
-0.004231893210535298
0.12965818371341875
0.14179347482316013
0.08432975416087768
0.1389786481367029
0.1353770015560623
0.15701321507291172
0.18205691795619822
0.14833569954549458
0.11993824291920696
0.16377036565676617
