0.0009120471661981977
0.010912827332721104
-0.019469703090225464
-0.013863495322369393
-0.022964915742021638
0.024098343033415414
0.017278361685799194
0.022045562845561348
0.00794827639348401
0.009764210964009404
-0.01183427147333015
0.019163636105354792
-0.011233268005511386
-0.006640354695841054
-0.0037835857036855893
-0.007916152714963362
0.008595481091803732
-0.00230788995485585
-0.0006566102810479214
-0.0020863623473215613
0.013468685701140497
-0.006069527973571234
-0.0017424821364463233
0.004240514210317228
-0.01645990104823762
-0.004835409499652902
0.005354682500157621
0.011661404863737169
0.0016168310874508016
-0.006728339270735492
0.014425241316834049
-0.002214806109318242
0.0003126431368614653
0.0018192958803010385
-0.0006292872986579556
-0.005415684599869273
0.004745184178849511
-0.011645911721234772
-0.005009093905714269
-0.004085609591074963
-0.009343483571694606
0.0008451015401644725
0.0014369101800794743
0.0007554944133565847
-0.00155645096416522
0.005508500563063257
0.017020299556707454
0.010060937025445709
-0.031349197676206336
0.011395335002938886
-0.018697993586020336
-0.017791130361437688
0.0012776289729250411
-0.013510177598027195
0.015539671989279047
0.006969657514275859
-0.008114611525703695
-0.016432509288791548
0.003306588682379323
0.012249562676567625
0.0009617156862299882
0.018768154202806486
0.005337805844117396
0.007983600410180657
-0.0030607449971395174
0.003779738872915217
-0.0022647804664155174
-0.018857445426630665
0.02472510974668708
-0.001468565871774468
0.0011564919769931886
0.013304306223014283
0.0010959471235353273
0.002154790719568877
0.0042907008775039945
-0.011512656159034665
0.015247534767367375
0.0036053584850535563
-0.006108930224843532
0.009302460334008512
0.0035651301524217576
-0.00952160595295607
0.001519277862548973
6.348859713221606e-06
0.0033502322763885556
0.003747993879432671
0.007138161576910892
-0.01200813479418688
1.3811611555498983e-05
-0.00921460026938968
0.004962278660942041
-0.013316666688397332
-0.02190570488097225
-0.004360720647943704
0.02545087217420565
0.011500812773481256
0.0008444546678658924
0.024862477950987866
-0.001943554026128653
-0.0018621334754148572
0.008538628571904617
0.0030737870166377213
-0.0007224211882886701
-0.004688476674138962
-0.0006543890582326971
0.010526111139305225
-0.013096332248062309
-0.006687264021351558
0.013413740703427022
0.02531356843422723
-0.01840548539924381
0.004050411730492643
0.01632300528529921
-0.0022273914434988826
-0.00577799163359741
0.012421757604068901
-0.005534710985824173
-0.00722689421250031
-0.005715496445016513
-0.013900031675262032
