0.31547765518929877
0.3154416715589148
0.2628945180829415
0.2775833239556168
0.25284457671763655
0.2571379977832736
0.2542615155582332
0.25394784547716687
0.2543768547882176
0.2541801740128772
0.2546541125014731
0.18993806631673826
0.20599320977065289
0.17914025804757527
0.18369369048227324
0.17927193700004668
0.1793377266016224
0.1805753732711161
0.17934652882693486
0.10594043024684463
0.12331354354531637
0.09245342265626427
0.09595396186968874
0.0921599095004157
0.09255287768145576
0.09280333629002474
0.09159408095593474
0.09194289941182499
0.01245016278690525
0.04008883840463362
0.00131725063510868
0.006739794924437881
0.00022596176783251654
0.002427874460709245
0.0005220964950241047
0.00024443865621759375
0.0010942542169599112
0.0008135946628783364
0.0411401504828961
0.09095872877594197
0.012012695694652464
0.00719895968387424
0.000282799973897796
0.0021804796126050907
-6.227539615744071e-05
0.0008007130903702753
0.0005882969760431789
0.0004083312842482756
0.0005040845064798738
0.0008849383794174992
0.0007925117611834454
0.0005337761440838973
0.0005741161585719468
0.03468786664243223
0.10985473128466228
0.014205988535795633
0.0047387499266073885
5.217290090175908e-05
0.0009484846150681903
0.0003310840800850312
0.001210624883510647
0.0011056332618198939
0.0005976846458479734
0.00010056613136216752
0.0006414930655896933
0.0004979297651803716
0.00031617988983578815
0.040669036826213256
0.09053104302553316
0.01219814033817812
0.0068747696032633865
0.0006416529286505379
0.0009162848936083989
0.0008687436079314326
0.0006033913818192516
0.0008953555863523421
0.00045055743991778696
0.0007156800263158902
0.0007862855995046103
0.0005989875080765761
-0.00027618633831805184
0.0009190964346439401
0.0005996880440518049
0.00021021535197535135
0.0006171838886109837
0.0003342677607553468
0.0003497359987057469
-0.0005239920510171636
0.0006230908630547316
0.0006870064909566542
0.0009380446607881732
0.0010440181897358736
0.03279740758181676
0.11500460039267568
0.015562747820070166
0.003917683877681821
0.000647207621663648
0.0005556962610350213
-0.00030471398648224124
0.001465869938380604
0.00027951347066140775
0.0005460230636718522
0.0007665003509084167
0.00038723756683567423
0.000816738785131832
0.0006610537429374008
0.0007332109810158083
0.03784789936773153
0.10546062531080125
0.01276121949011133
0.0059270244637184555
0.0006905876655270426
0.0006327646665831299
0.0007246438760548091
0.002711187776933688
0.0011416313576907422
0.0004517312460571854
0.0011859810784469182
0.00034513895756438373
0.0008348712007376635
-0.00011140839779055778
0.00047257944984591127
0.00056184647703722
0.001027217239917555
0.0006369422575777661
0.016769400194039275
0.05308550735209411
0.0058816733758330075
0.002659132058053737
-0.00011854799650778958
0.0009302090595583734
3.664487967958152e-05
0.0011852831124528618
0.0006346087594158445
0.0008223835233690524
0.0009806506001542314
0.00030875194030116626
0.0005654044621544729
0.0007577712053262187
0.00018091567383610174
0.00011295884991613381
0.0008460722782972496
0.0002216348056293671
0.0005294146130215838
-9.917084574995183e-05
0.0010636450735429515
0.0006996727298400618
0.0001955822153697495
0.0335478485558901
0.10229299992776586
0.01587364994244106
0.004267995281972636
0.0008119104182316983
0.003683033689536541
0.0012795261526115653
0.0007326438549082326
0.0004789997871784135
0.0009204958818328501
0.0009390374597234574
0.0003687385365873652
-6.97648298011444e-05
0.0005085377013617776
0.001644081836965794
0.0009777761603332324
0.0006743308900901135
0.00025376301909668664
0.0008847565076698372
0.00044433545732913693
-3.734339668814979e-05
0.00048551597264334667
0.00029898410349965543
0.000721999313159194
0.04072002465686975
0.09065850292589506
0.012114875859142393
0.007088806965375838
0.00036740860166761813
0.0007536636478042147
0.0009067304810018717
0.0005953100033467273
0.0004796014029416762
0.0008997604548127147
0.0006989027137961901
0.000868192907204357
0.0009258373873069492
0.0007716277936451466
0.000357471099311224
0.0005116520709821937
0.0005337976588479787
0.0003219117963141893
0.01604506905689501
0.05586838622461299
0.006023382585419901
0.002503698077966632
0.000483300627130534
0.0007769006470149664
0.0014965961165200325
0.000277436851353674
0.0009797133675799041
0.001037248499196175
0.0006512577545211284
0.0002252880403719737
0.00033869175389300565
0.0012469909871804519
0.00043642073720340235
9.182101414467736e-05
0.0003611822854031055
0.0007799118103815061
0.00027168671560984237
0.0010243471375845359
0.015607457086381171
0.055167599010511326
0.006252655751923131
0.002882540807319922
0.0007985795302458687
0.0006010001532692488
0.0017493729802359748
0.0007899338964013625
0.0006892244454096419
0.0009731433702686587
0.0007254924999074985
0.0019262911079304668
0.0011272701184579237
0.0020791208666069427
0.00042630185409320287
0.0013268284213102666
0.03816538957937765
0.09726193631054175
0.014091678444051736
0.006966494357749042
0.0013178170867978456
0.0008088095398764983
0.0015753510957418615
0.0013055802397286542
0.001335681638026387
0.0002991945851189559
0.0002637552361738349
0.000777891725261437
0.0012867371146431106
0.0009260935827773431
0.03602460623699644
0.11517111598081098
0.01477101393318947
0.005471340312847572
0.0005209748903375888
0.0013480085644963502
0.0011724395903283114
0.0007669107185992452
0.0009826832833367272
0.0007168755091804258
0.0009171791136484697
0.0004254187094092643
0.0009358103673632323
0.001562781112914191
0.000976054237529389
0.0014304636036377438
0.0011378096507186353
0.034589481514755716
0.10365791692806531
0.017495392023013756
0.005655762216620341
0.0007688585834301764
0.0017009933947213507
0.0014717388681990684
0.0007651336487463078
0.0010919367760912624
0.000921414786118957
0.0014324992403622616
0.0007223373270291433
0.00033035629999561555
0.0008775563842735035
0.0008205524983234125
0.0006875427068103734
0.0005043603508839145
0.0015745955302822745
0.0007484475217815478
0.03261707098796307
0.11867562346124871
0.01676636868307746
0.0035746281008979253
0.0005185189906476428
0.0016437783476468404
0.0001343348037205483
0.0008196502690377416
0.0005528124326736328
0.000988709369640961
0.0005673966847724587
0.0010374485780476617
0.001287754664331342
0.0011819969552702703
0.0011430460079728255
0.0009855464875884734
0.03725477849904324
0.11088280558913172
0.013585995198894196
0.00500116906216902
0.00041165283158739463
0.0016954118022837195
0.0010039730675183711
0.0008114070512718063
0.0010684980308404701
0.0010375047315709929
0.0007008271271718436
0.0016350378496042262
0.0005023443603034972
0.015684027026214575
0.05767275209692535
0.0069015682601811235
0.003963327983257381
0.0009437568797349694
0.0007062618487066463
0.000924582746735958
0.0006033116673800909
0.0008344989775067035
0.0007041025376809396
0.00026146334659044035
0.0008954019440196026
0.0008548126957372282
0.0008779929395785202
0.0010484236827075777
0.0011368571849580955
0.0009427899262417494
0.0005867552301775381
0.0005724212434209952
0.0004533922882600794
0.0008460183395505028
0.0007082543932616647
0.035734248318018136
0.11151380117349069
0.015036704071415496
0.004203452734701518
0.0005756318571193408
6.093169049864455e-05
0.0011998668287178105
0.001271387010721603
0.001108660685501306
0.0003049148713024641
0.0009527349237998806
0.0005204992470242975
0.0009541730186613528
0.0002162693555091133
0.0008753332636086131
0.03404117509023097
0.11306059717553862
0.015360835149288987
0.004833162916072886
0.0010104091634914325
0.0015415194343600391
0.0005882099200275048
0.0009619988373114619
0.00046216117691744163
0.0004918766412101983
0.0004247624790951199
0.00023358448327670533
7.4818459379844e-05
0.0008235596044522397
0.0009948295587604572
0.0007169419522002896
0.0007331585652189387
0.0008494303288595351
0.0010157982014371014
0.034764394969588164
0.10129917326125543
0.01583929029161124
0.005093324031976598
0.00014942428907799288
0.0004079845643472635
0.0005067625234012052
0.0008025133892028968
0.00015635997811208613
0.0007232830987830563
0.0010248133280843508
2.028675967508109e-05
0.0008996505778934849
0.0010998886998159763
0.0006715531811740671
0.0005380814755160945
0.0007645878527960948
0.038232884008831236
0.09845597579031007
0.01575409765888558
0.005450489766091859
0.0008468775070809564
0.0009354724642949286
0.00048151777500926585
0.0008652054538631493
0.0011114301229624424
0.0011514249341856297
0.0010939986969864535
0.0010991589846999772
0.0003185084689143469
0.00034434665398436204
0.0007057857429101921
6.2158555130809034e-06
0.0006465963294880472
1.0495367691099045e-05
0.034741242627670255
0.11185565205197917
0.015392817446587326
0.004983791161853879
0.0008642472847169569
0.0026874658123320905
0.0018038757944185968
0.000517487010395945
0.0009186321560667454
0.001042891839556026
0.0008580500532043289
0.0005939770086492713
0.0008771439533513115
-0.00012864084983199575
0.0009377091743922872
0.0005007864829759123
0.0005195235002071197
7.169231419706934e-05
0.0002478836887231384
0.0009419604816678917
0.0012108705434720757
0.0008368535458413984
0.000699439161266413
0.0008873456390104395
0.0008970111112266421
0.03895565048100619
0.09615160647058119
0.01402493221102219
0.006347515733102882
0.0006332447067066704
0.0031140653115709904
0.0007371252593778022
0.0010589808129812806
0.0011931397893846785
0.0004245024138574971
0.0006938606883940546
0.0009366223828515263
0.0012222290913400657
0.0006829488861653799
0.0015139842700682693
0.0005933169552480577
0.000915507209995392
-0.00020213096012344778
0.034901955046530486
0.10036260085953219
0.015351091552608831
0.006042801563879707
-2.7477838446365865e-05
0.001464196637681603
0.0007806299989856491
0.00020917246731322336
0.00045273133275863797
0.001462986632436436
0.00014917682163523294
0.000835311656145199
0.001062056423247193
0.0005978192880619071
0.0014521758638144089
0.001309869200353253
0.0013066928395816246
0.0002890922003402907
0.00022705118160554205
0.0003726469017431011
0.00014389425864425043
0.0011340606971385059
0.0011012349919333753
0.0006212122180289104
0.0009134201683022036
0.0007593655622199491
0.0006756745369917438
0.0007768361437316407
0.0012982809883754776
0.00047466438620002993
0.0005670405164323045
0.0008197973085951604
0.0004639753957051962
0.0005217852925183397
0.0012196584685280065
0.0001895101295410484
0.0002901466916103157
0.0007963646230828569
0.0011396859939658555
0.0010810329742770297
0.0009797741525056636
0.0008317860896693285
0.000349622849787401
0.0006983807801563824
0.0012000369687446555
0.0010754255320239992
0.0007579272047816277
0.0004862130816972732
-0.0006398024411723435
0.000765820080289914
0.04141199759004899
0.09144547203186937
0.012002669838087565
0.006282952953992338
-0.00014182549936991862
0.0028070755521901747
0.0010251032928453863
0.000993994904545381
0.0009261255352192577
0.0002921334664808817
0.0005494593340250598
0.00127903221506942
0.00034958036039262064
0.0005889703785604827
0.0002312510536353063
0.000421197235280113
