0.2378332918293478
0.2378332918293478
0.3216118546560774
0.28900534767679686
0.3345479464044074
0.326648619424149
0.3343711006642226
0.3336489845998527
0.3342404242245987
0.3340435918600354
0.3342404242245987
0.4582580698858449
0.41880599356481074
0.4796359085963893
0.47007815847153345
0.47964182108032966
0.476246625577699
0.47915647656294874
0.479569952281929
0.4796561709679453
0.47964182108032966
0.6638018111082671
0.6134708610902323
0.6976332586378724
0.6854399678890967
0.6975148261795473
0.6973047592590483
0.6974618492022309
0.6947744018046289
0.6966314598087116
0.697090399805535
0.6973047592590483
0.9512880024520455
0.8641645527565676
0.993469492960477
0.9723627669041939
0.9935929732314572
0.993534992745232
0.9935890326390033
0.9935929732314572
0.8386520485916429
0.7360602091940935
0.9676581683686103
0.9623396544582182
0.996013761442471
0.9957169057382118
0.9954188100843964
0.9951736077663911
0.9946659219655674
0.9949937103883225
0.9951527521874735
0.9952722104841121
0.995211991886609
0.9951883744189597
0.9951736077663911
0.8947600388251906
0.6545596167085623
0.9344519033922087
0.9855577663551175
0.9961736512075557
0.9959096681285723
0.9961753632066865
0.9961124443762646
0.9961606177811514
0.9961715427009602
0.9961747814596245
0.9961736512075557
0.8454787216348721
0.730956005774227
0.9672227684828185
0.9666796589662027
0.9979764679633989
0.9978313965859638
0.9934718303250849
0.997319633043073
0.997915777750559
0.9978244366928734
0.9979258573515399
0.9979076949211068
0.997915777750559
0.8902293620772557
0.6669227164065978
0.9414647525213269
0.9855033751527446
0.9983113966557728
0.9874166792864727
0.9973816096112897
0.9977462589075313
0.9976885798417641
0.9977480862278332
0.9977245272487534
0.9977109110671507
0.99770242503526
0.9977161286918745
0.997707676072668
0.9977131470451884
0.9977109110671507
0.8746490953766488
0.6900256468355237
0.951038843405804
0.9792045558131026
0.997671757129369
0.9969278195017204
0.997579466850733
0.9976838537067325
0.9977102068790985
0.9977043769605722
0.997712721340362
0.9977089698059148
0.9977119058881873
0.9977102504785662
0.9977113353143011
0.9977106705489792
0.9977110795724857
0.9977108209195976
0.9977109763725738
0.9977108768851177
0.9977109361490545
0.9977108980474357
0.9977109206676391
0.9977109060994106
0.9977109147371366
0.9977109091704232
0.9977109124693875
0.9977109103427791
0.9977109116028198
0.9977109107904819
0.997710911271767
0.9977109109614752
0.9977109108961625
0.9977109110018401
0.997710910936528
0.9977109109768929
0.9977109109519462
0.9977109109673641
0.9977109109578353
0.9977109109637246
0.9977109109600847
0.9977109109625415
0.9977109109614752
0.8763894548329121
0.6873988782358726
0.9499348507885721
0.9798936349977333
0.9973875983282785
0.9955277172668396
0.9974195566628136
0.9977082492155747
0.9976541742329182
0.9976989799906121
0.9976855862226597
0.9977049583576989
0.9976944068477895
0.9977014708645772
0.9976973124023646
0.9976962328297732
0.9976979609190506
0.9976969044558274
0.9976975192188925
0.9976973124023646
0.855859607081451
0.7183576968913211
0.9629373812312558
0.971756405196323
0.9985432080020462
0.99854023427659
0.9983853761750019
0.9985086787971135
0.998532207365731
0.9985423958237175
0.9985377556901699
0.9985358607932224
0.9985389448684026
0.9985377556901699
0.8767882496019421
0.6884628671698382
0.9509298539441533
0.980576040909281
0.9985382704346457
0.9957904355851805
0.9981391350416731
0.9984162743556937
0.9981308215886275
0.9982638285099474
0.9983694120227296
0.9983071689844005
0.9982189477271919
0.9982808224066559
0.9982470865014621
0.9982703836942193
0.998257492126781
0.9982638285099474
0.8788192356960298
0.6848455490804193
0.949228058049277
0.9812064260984211
0.9982478683390912
0.9906399744612404
0.9978987661137925
0.9982734822031234
0.9981808182564363
0.9982201784370128
0.9982288861414648
0.9982445085692857
0.9982351853842892
0.9982267531884709
0.9982293309980595
0.9982280765296643
0.9982288861414648
0.8767157638940875
0.6879499713312408
0.9505096504746721
0.9803514102667161
0.9982248940648422
0.9940598852339114
0.9976517087179283
0.9981019755983209
0.9982162760625479
0.9982293023518758
0.9982298085811248
0.9982277161928801
0.9982293498695298
0.9982284910385348
0.9982290795210271
0.9982287427798385
0.9982289623769016
0.9982288457594755
0.9982289156067365
0.9982288708085647
0.9982288974466668
0.9982288802981893
0.9982288904670309
0.998228883911483
0.9982288877947583
0.9982288852899721
0.9982288867731233
0.9982288858162651
0.9982288863827598
0.9982288860172555
0.9982288859404863
0.9982288860264089
0.998228886016006
0.9982288860207518
0.998228886018591
0.9982288860172555
0.8648807930916896
0.7058127907702451
0.958017132983558
0.9756654628138625
0.9984946828657975
0.9927690191275853
0.9980653689062252
0.9983329125837468
0.9967521706407707
0.9976674699773767
0.9979285196233338
0.9981823920691686
0.9980153054794101
0.9981122313529679
0.9980465685850881
0.9980465685850881
0.8771871034759233
0.6868712391254326
0.9499354809676354
0.9804223801521645
0.9980499926046354
0.9944094444479386
0.9975014795648942
0.9979356890382646
0.9980289842275898
0.9980457783635615
0.998050223262104
0.9980496918515231
0.9980486103596544
0.998049645909708
0.998049736265131
0.9980496918515231
0.8741608740174951
0.6914450961679612
0.9518598757142827
0.9792261537861879
0.9980559371813966
0.9951487836891626
0.9975650103515463
0.9979210395028623
0.9980276602650293
0.998043133882374
0.9980379329271881
0.998045909788416
0.9980412508007347
0.9980442337201711
0.9980424297106152
0.998043379319506
0.99804286711597
0.9980430323081301
0.9980432279085567
0.998043133882374
0.8752599791770569
0.6897729762682625
0.9511527631302592
0.9796571742913998
0.9980380697209033
0.9979752629484256
0.9902816300203976
0.9965391773011057
0.9974622885882528
0.9947220430751429
0.9973314493168577
0.9959288347590982
0.9954998555393748
0.9961741879634922
0.9957696458186184
0.9960243343507621
0.9960822544194505
0.99598294355253
0.9960243343507621
0.8739705101498908
0.6876517925792052
0.9489237094535905
0.9778660007005346
0.9959793812222694
0.9959344480437975
0.9960120498976573
0.9960133340373867
0.9960204334706817
0.996016468544743
0.9960145929931012
0.9960138239147167
0.9960128518813522
0.9960135655608583
0.996013100058973
0.9960133340373867
0.8728101925187521
0.6893809261470103
0.949643150850466
0.9773996056316792
0.9960140819436515
0.9890343235648553
0.9947945161523712
0.9957943476843893
0.9959799056328701
0.9960056156040801
0.9960167786650413
0.9960166921079776
0.9960166021082228
0.9960168774296609
0.9960168406385046
0.9960168058746398
0.9960167487909712
0.9960167919923951
0.996016764372563
0.9960167786650413
0.9045216202129014
0.6415250092815821
0.9295322889055881
0.989957637611325
0.9978285285276449
0.9973285762401662
0.9977917326815082
0.997728215130695
0.9980203586529689
0.9980290456018049
0.9980148781167986
0.9980370693991759
0.9980373531864135
0.9980356352756421
0.9980315449560997
0.9980341838918236
0.9980356352756421
0.882959783990708
0.6781363588680506
0.946257094300181
0.9827010841654753
0.9981120376300027
0.9893471474664426
0.9964911492351537
0.9975834599411951
0.9979042010347365
0.9979914554397831
0.9980700228994124
0.9980880590799606
0.9980664428108795
0.9980703342888664
0.9980686652130737
0.9980695057371165
0.9980700228994124
0.874051377901584
0.6916513237507182
0.9519600204508847
0.9791956967578943
0.9979121969674483
0.9953889976482398
0.9973072747110061
0.9972574608725879
0.9973211069122262
0.9972884316960033
0.9973072747110061
0.8887364809596401
0.6679499673212981
0.9414933287821703
0.9845262803405928
0.9976990491853911
0.9870479348784169
0.9964882617159851
0.9970257127937835
0.9975282018004288
0.997402059958012
0.9972085551225425
0.9973449964892056
0.9972708551984413
0.997321904474289
0.997293551619361
0.9973128950739252
0.997302060374591
0.9973094262096869
0.997305287012032
0.9973040560741927
0.9973060468290875
0.9973048170585553
0.9973055773214636
0.9973051075383067
0.9973053979127875
0.9973052184639164
0.9973053293741625
0.9973053555542795
0.9973053098967342
0.9973053098967342
0.8813145747243307
0.6791480788002416
0.9461984299981071
0.9815863987452312
0.997376955374305
0.9938724077817664
0.9965904570371538
0.9970467564905795
0.9970406164914278
0.9970502212930695
0.9970467564905795
0.8772129875875512
0.6848177826183992
0.9484100198765459
0.9797984005215212
0.9970569073997333
0.9970575157771013
0.9970559848293615
0.9970573688075532
0.9970572630687872
0.9970568994065783
0.9970571423384311
0.9970572908767552
0.9970572337309576
0.9970572630687872
0.8886924904874355
0.6675126479055191
0.9411438851551632
0.984350268483505
0.9974652026178119
0.9970997811734924
0.9973365085590828
0.994373807585764
0.996372295212673
0.9968677123550318
0.9972043927354066
0.9973079866103254
0.9972470245486467
0.9971665048007416
0.9971533681535307
0.9971333994066172
0.9971533681535307
0.8794375895306182
0.6816749325618283
0.9471597611347463
0.9807468399445862
0.997157807011373
0.989145986824969
0.9967178548598417
0.9971779861512023
0.9970430515529662
0.9969402388869937
0.9970646684219776
0.9970069033051485
0.9970296997593366
0.9970515045365262
0.9970380180947451
0.9970463089119992
0.9970411386413772
0.997044497598231
