0.4461487531817371
0.4461487531817371
0.5240426712598588
0.4980701480890699
0.5343406167632399
0.5290038516976266
0.5337285951680832
0.533321943301435
0.533947734676684
0.5341487362757453
0.533947734676684
0.6286937039022488
0.5901411767526455
0.6401278206651074
0.632062471201427
0.6402774942612861
0.6390169526344769
0.6402276874439817
0.6403288104560396
0.6399239918581041
0.6400660420351238
0.6398007782439044
0.6399239918581041
0.7716588227127907
0.7312023516374595
0.7907205848030457
0.7823083682974348
0.7907323032825307
0.7879569320570973
0.7903240901969778
0.7906976198848663
0.7907323032825307
0.9727800879614874
0.9180515653513334
0.9979628193852078
0.9859155795139554
0.9980209812685477
0.9978783506278182
0.9977552122811906
0.995321919816991
0.9971264929241535
0.9975588083409457
0.9977552122811906
0.9039745659586416
0.8161274788178599
0.980411607024575
0.9809440954897024
0.9986852004510387
0.998671330119626
0.9958083353244516
0.9978095668737902
0.9984996341742145
0.9986629740495778
0.9986798998949169
0.9986750594399676
0.9986683646612816
0.9986683646612816
0.9609120424095384
0.8868560812982758
0.9857688221775305
0.9938842407056506
0.9986671382540278
0.9979712869283283
0.9985772601216609
0.9986526826298562
0.9986669563515433
0.998668973611124
0.9986689436341644
0.9986689356349213
0.9986689771027029
0.9986689725436384
0.9986689756777601
0.9986689745368635
0.998668973611124
0.915029817349634
0.7985322454911783
0.9753892165123013
0.9854479414867031
0.9988404887547677
0.9988401937110348
0.9954529090070471
0.9983403353392684
0.9987648963336113
0.9986468420556227
0.9988106083740801
0.9987262370564176
0.9987848135755741
0.9987510683288701
0.9987728624980066
0.9987597514301421
0.9987686403068279
0.9987648963336113
0.9663506156276276
0.875619426233397
0.9832228142224306
0.9955996480520839
0.9989071557145043
0.9988936888311277
0.9984576199777317
0.998851233406823
0.9988993148029712
0.998907342743763
0.9989075622833876
0.9989079533959199
0.9989076844380124
0.9989075067663455
0.998907342743763
0.9607708615422245
0.8881220066951433
0.9862251017697612
0.9940056614728735
0.9989073463334515
0.9971024269483626
0.9984655680115994
0.9987977936200705
0.9988801996834974
0.9989034015683705
0.998905986926661
0.9988969917971434
0.9989013112325438
0.9989045478463838
0.9989026553688236
0.9989038625673109
0.9989031241674159
0.9989035810330881
0.9989032967226877
0.9989034824283546
0.9989034015683705
0.9887838391702436
0.9616645539486369
0.9952095590712928
0.9976596792013113
0.9989042662193932
0.9987543383257292
0.998883632950798
0.9989003333147046
0.9989033234295045
0.9988954943081594
0.9988915521091698
0.9988975672245435
0.998894074343763
0.9988963188628269
0.9988949644497283
0.9988958140415614
0.9988952599606344
0.9988954943081594
0.9261746816964083
0.7785716216299107
0.9694817057471694
0.9894125773088333
0.9989169255928618
0.9983530530829757
0.9988708030707592
0.998913458369033
0.9989038850067976
0.9989056154923652
0.9989009031307547
0.9989027785791169
0.9989045588116982
0.9989034671376629
0.9989041442475193
0.9989037260878096
0.9989039843007917
0.9989038104553266
0.9989038850067976
0.9394987025385454
0.7513425769775404
0.9615186671779419
0.9940614665727621
0.9996519196146131
0.99965188550169
0.9988279447612527
0.9994912381616269
0.9996067578700827
0.999298573497813
0.9994264939461062
0.9995437278615023
0.999467798517507
0.9995125081057616
0.9994809258712694
0.9995012298362027
0.9994912381616269
0.9882977196606593
0.9653558248633975
0.9963706371861866
0.9979248676648644
0.999500318984778
0.9994199532828278
0.9994716686091534
0.9994848786360184
0.9994802590624126
0.9994771406424233
0.999475112722552
0.9994766570515459
0.9994783555259019
0.999477608152442
0.9994769564583335
0.9994773197210313
0.9994771406424233
0.9887087800641221
0.9639375278666852
0.9961348506867572
0.9980301620202909
0.9994803712087017
0.9993050654545941
0.999442347906747
0.9994723031142609
0.9994769266094183
0.9994792999062416
0.9994781004140907
0.9994775269405397
0.9994772910691193
0.9994770596921321
0.9994771985196137
0.9994771098393259
0.9994771628107185
0.9994771288937809
0.9994771491188837
0.9994771543521083
0.9994771458824663
0.9994771511182949
0.9994771478828726
0.9994771498826636
0.9994771486467972
0.9994771494106323
0.9994771489385668
0.9994771492303235
0.9994771490341705
0.9994771491188837
0.9160945854757307
0.7978960427252307
0.9759661298081997
0.9863292613024149
0.9996370137707604
0.9996051435334052
0.9996126862743302
0.9996306224357472
0.9996208307141281
0.999625064855373
0.9996179085307493
0.9996225200924975
0.9996197420722823
0.9996215268253336
0.9996208307141281
0.962324085488869
0.8824474404913809
0.9869042468875939
0.9946044175821758
0.9996224706932558
0.999243138658481
0.9995682902371015
0.9996136526179858
0.9996213567837591
0.9996223740956621
0.9996221111385657
0.999622458974782
0.9996222919827358
0.9996224135171219
0.9996223454052894
0.9996223901746834
0.999622399718419
0.9996223901746834
0.9251350210712549
0.7817200215539428
0.9711961433846692
0.9894910376341137
0.9996188570956441
0.999574393089982
0.9996251668443661
0.9996252233626017
0.9996250981954483
0.9996244582179346
0.9996249112868624
0.9996250351978384
0.9996251084018148
0.9996250876549478
0.9996250981954483
0.9624658283701291
0.8869254184927332
0.9864664586695893
0.9950230046861298
0.9996245612410416
0.9995311531695692
0.9996031484796855
0.9996287845277296
0.9996217096846662
0.9996159546310179
0.9996203502206165
0.9996214512133318
0.999621963703972
0.9996217096846662
0.9631572144141776
0.8812460207467585
0.9866276450397031
0.9948251463527654
0.9996208652539526
0.9995286744727709
0.9996036202551644
0.9996158915446146
0.9996194904256424
0.9996214228440619
0.9996216221874628
0.9996212441562601
0.9996215120851393
0.9996213595946325
0.9996214588421878
0.9996213994148927
0.9996213844837282
0.9996214084705389
0.9996213922018758
0.9996213994148927
0.9888374462610967
0.9638057495905431
0.9962503169673924
0.9981751409517905
0.9996232369499423
0.9995075996332807
0.9996123131000962
0.9995967869930439
0.999621322567725
0.9996071318768655
0.999616460573619
0.9996173395738616
0.9996149794404626
0.9996159098652454
0.999615638927768
0.9996161765213142
0.9996159098652454
0.9599067406605089
0.8917547037574924
0.9876920815683213
0.9942312792106393
0.9996269529346399
0.9978984522836496
0.9995321391932592
0.9996238161725597
0.9996272429435453
0.9996261614616
0.9996271328602101
0.999626709962269
0.9996270317483433
0.9996268687862304
0.9996268114281619
0.9996268687862304
0.9639626709107251
0.8837402534781407
0.9857961187708645
0.9954457164897562
0.9996483404004353
0.9996498945926681
0.9990663780709985
0.9995717491461651
0.9996410191925923
0.9996493304656233
0.999650213051507
0.9996494535460626
0.9996500941138315
0.9996497483949763
0.9996499821645526
0.9996498419990065
0.9996498945926681
0.9241195113221772
0.7834330942991012
0.9717740374442352
0.9891629651251296
0.999649612957031
0.9956198552502629
0.9987652808686921
0.9994406630272462
0.999598568608434
0.9996361927740298
0.9996468600859818
0.9996489076887223
0.9996497824859859
0.9996493940831902
0.9996496867502669
0.9996495367246425
0.9996496424623026
0.9996495849141149
0.9996496244194466
0.9996496024024695
0.9996496183715494
0.999649612957031
0.9217774071532064
0.7875258452454209
0.9729625504804393
0.9884031173320751
0.9996559141942103
0.9996585059733574
0.9996615905351343
0.9996616508103296
0.9996607797550711
0.9996612113976004
0.9996600515895089
0.9996605220960759
0.9996609561067703
0.9996606843254245
0.999660848790179
0.9996607797550711
0.9620550915211339
0.8873240476995401
0.9866206387187972
0.9949437743216095
0.9996617339702574
0.9977361463761534
0.9993280795644357
0.9995882461393809
0.999638676053056
0.9996442274767954
0.9996227049549887
0.9996330560252342
0.9996408831876626
0.9996365994922635
0.999639531748882
0.9996378931053425
0.9996390228965542
0.9996383266693818
0.999638676053056
0.9145856687857217
0.8012252793738037
0.9771057447065737
0.9859073724757523
0.9998782476703452
0.999558544439353
0.9998695327025763
0.9998380683231302
0.9998714056323544
0.9998783243619662
0.9998762670379442
0.9998780717729195
0.9998787919274233
0.9998785754465462
0.9998783243619662
0.9235448742122503
0.7848867322223143
0.9722775919124644
0.9891804783793421
0.9998789152599878
0.9959553807246754
0.9990039145854654
0.9996784277178621
0.9998340620944454
0.9998736191905854
0.9998786192003586
0.9998790541217913
0.9998787442363251
0.9998790050591119
0.9998788579123441
0.9998789549232219
0.9998788945190498
0.9998789311924494
0.9998789075074672
0.9998789214598052
0.9998789250090021
0.9998789214598052
0.9286516834212828
0.7749232006199636
0.9693548659187164
0.9909255564769324
0.9999355279107698
0.9996644144087893
0.9998964394657175
0.999927062047326
0.9999300005165095
0.9999342135257465
0.999934788470962
0.9999353058773515
0.9999354456173737
0.9999354839553828
0.9999355256786088
0.9999355135503035
