0.31445931983110986
0.31218977228868316
0.2567162302464743
0.2690863881006025
0.24801052279806635
0.2496328355296818
0.2497359730732034
0.2512363300812781
0.24639893231012872
0.24796928744806684
0.24554124016849233
0.24698236712922467
0.24992778451085595
0.1874868399154208
0.207137747217138
0.17777784175058897
0.18172091086541958
0.1775955011435627
0.180165072818802
0.17759236589619837
0.1776894602440573
0.17730151019310203
0.17793342212601504
0.17768655265968913
0.10428303263544536
0.12751618727072123
0.0934847711285276
0.0971779971118582
0.09277372771510706
0.0943732294645781
0.09353176941452207
0.09273824874173109
0.09329596735036122
0.09327853920165946
0.012750599445898625
0.03991701204463477
0.0007255430900300341
0.006803032110588858
0.0006974795960670854
0.0007200792860117544
0.0003908684666882323
0.0006705465196013005
0.038124979049640795
0.09411403581824623
0.013376445548821503
0.006295532954177285
0.0005667310658740154
0.001256554573223323
0.000561567522411266
0.0006422723265816499
0.0007077782504193442
0.0006526872278070361
0.0006840515324645913
0.000693214590665514
0.0006728015262143505
0.0007808631811768718
0.00067759017531549
0.0008645444553846415
0.00081314890301315
0.03086106362127078
0.11954855549323884
0.01679812636745459
0.003307800946267647
0.0004981706175807843
0.00033396942070818003
0.0009215209854077089
0.0005231494837210637
0.00040544622996535606
0.00038654378786218135
0.00041826908567382803
0.00044139820602812074
0.00034247344194970886
0.0006478959887290525
0.00035996454061509864
0.04292131865063464
0.0861955976163713
0.010295989041167186
0.007527834389384702
0.00023695475869106586
0.0002480766864549899
0.00010434455800673037
0.0017671587753220752
0.00037960936583680827
0.0001844886603242779
0.0001352620767465229
0.00027927664037941113
0.0001228042490120096
-1.509173489699922e-05
0.00010851643872222816
0.00016817095504645385
0.03255600002851189
0.11403602832686394
0.01507892176795067
0.0038189582180159776
0.0001644718145993318
0.00011142797127311477
0.0002137776618295617
0.00010105482703998137
0.00011439502377852406
0.0002305964597681398
0.00013226173969327348
0.00010599173680975182
0.00015025924371980803
0.0001832035108958463
-5.984647803780607e-05
6.429774136851307e-05
0.03761530029067456
0.10323063679296629
0.01256899060288691
0.005195799473402762
-3.539203079983011e-05
0.0019445089341626476
0.000404597761401837
7.796078656935324e-05
6.636775371060555e-05
0.00015025912924809814
3.478308040560929e-05
0.0001312296301350102
0.00015979207744071244
6.228596154839172e-05
8.723889273526408e-05
0.01585159284665083
0.05508065479016888
0.005952167765960026
0.0019610831266533846
0.00020258345785389986
0.001089568960601417
0.00013712515656222335
0.000168019367785599
0.0002490989339257177
-0.0001574880778946186
0.000415165955820862
8.455155622955068e-05
-0.00012682566703425824
8.845706061172409e-05
0.00015321791683370334
7.336454933526415e-05
0.00013107359482805725
0.000321450727240713
0.033507248581347904
0.1023785980333144
0.01620096831726131
0.004381864094813337
-4.0859149201821765e-05
0.0002885418447544641
0.00019632761795002063
-9.987232338981578e-05
8.565210693811665e-05
0.00015629956208651485
5.336063566385718e-05
-3.6613892743231347e-06
-6.38926223659464e-05
0.00014913627118290362
7.032913976878774e-05
-6.134999592466439e-05
-2.169487993952668e-05
-4.941940219160834e-05
0.03559467955037221
0.0976663272329768
0.014876654803180844
0.005122540200015069
-3.3156918210486275e-05
8.812906246097318e-05
-9.928102953715712e-05
6.66256142104471e-05
0.00018581417047414117
0.00014786950661455078
0.00015714258858501307
-1.5739253761415384e-05
0.00012406741647325026
7.271912837164551e-05
0.01528597649746316
0.05278080991873646
0.0048243555659326365
0.0023240476023858037
0.00011005204224978637
9.36066524964696e-06
0.00033125137050271647
0.00021059023776576202
0.00024082589481910777
1.6384768113386627e-06
9.796608455875377e-05
2.280807805277174e-05
1.3725663247865505e-05
-4.30283805856746e-05
7.74406455105181e-05
2.4669779565389405e-05
7.832802603541245e-05
6.495579887028091e-05
-0.0001506913141763322
0.01427576872268188
0.053083167763719186
0.005025427266196536
0.0018437713997285221
5.780220124373958e-05
0.0004457431645101262
0.00023992750617396474
0.0001184321968101254
0.0001631844920312875
0.00016336382150600182
9.248949360030068e-05
0.00018331405472959972
4.775786421601369e-05
-1.4115784117474384e-05
0.00018295847316257552
9.270343518352764e-05
-0.0001466765043149909
-4.03846723384671e-05
3.574759974023234e-05
0.00011219793772027087
-1.5728835768613614e-05
0.00015896026531336815
0.00021768382195258562
-7.766724078472897e-05
-1.0088140561359538e-05
8.42439389276417e-05
0.0001044765784300461
8.346555680838197e-05
7.540948470308173e-05
0.00012418565996413777
0.00014664968412742008
0.000157255265267775
-2.128112207588906e-05
0.0001565577218504144
2.5605304236508974e-05
0.0001092617745218627
2.2063378845582626e-05
0.00015110551668851002
9.912621506991126e-05
0.00012143811532766557
2.182307335590883e-05
0.00010833150333505737
0.00010089760053755281
0.00024474419998232744
7.608616695575776e-07
0.00014984160523878742
0.00010053293772133154
-4.851804848227115e-05
-4.221014182692606e-05
0.035671224901120346
0.09800284650611468
0.014006733762574053
0.004601585348052106
0.00012621031146625716
0.002382253929165301
0.00026445122004270516
0.00010985581418981871
0.00023003814260741384
-0.00010789181721537755
0.00015290233763287642
0.00019702410151278826
0.00018217320314162233
1.5274072625914847e-05
0.00018579302261911845
0.0355675007577812
0.11338600318310343
0.01343964173880896
0.00449764583818596
7.82979773202852e-05
0.0002430457668509134
4.079901794240559e-05
0.00016505206046540932
0.00019254833083320877
-3.4219041696759156e-05
9.284626484007408e-05
0.00017550754796141765
0.00018499625309303935
0.00024865809329638333
0.00010386992054645106
7.450138746017965e-05
0.03499972907468779
0.0975147430397853
0.014254711301686651
0.004753779069171404
0.0001482496920217069
0.0005925341494119607
0.00013463243191486063
0.00012441733919460463
-5.440252348254404e-05
0.00019858338198031067
9.915652571357292e-06
-3.419916585511995e-05
0.00020300988128085784
1.977347226028714e-05
0.00021529404558612297
0.03700229240111175
0.10486801395909345
0.012918609156288063
0.005136329400952655
9.150746250086161e-05
0.0018477358089163398
0.00046805693583434893
9.025357283104496e-05
7.648939355919815e-05
0.00017533737290120754
0.0002407441356186979
0.0002148777833729243
8.86796815632862e-05
0.03851897143814581
0.10647008982397699
0.011681937135537723
0.005618691489626126
6.805246315128022e-05
1.5060061331395591e-05
0.0001340441080509014
0.00016816729247953743
7.966861690394955e-05
8.352475397738202e-05
0.00017947483729546798
-3.0351104862047507e-05
0.015047370410697425
0.053026263662093565
0.005392870228606239
0.0019698123414356727
0.0002990186814351148
0.0004234206486272707
0.0002982170616338542
-6.503686048597856e-07
-2.2637958314364326e-05
-7.612464476536296e-05
0.00012600574105442464
8.581812094249353e-05
0.00022754046653905569
7.306403434020892e-05
0.00018166267774910594
0.00011634768577217791
0.00012430299145799184
0.00013385941293442283
0.00014032651654322104
0.00016392093689915344
0.03551490406665919
0.10926997765388302
0.013804868483715704
0.003999677207715879
7.974138293909139e-05
1.0231785159187101e-05
0.001002044835832716
0.0003231775060016928
0.00011527755150597674
9.254914304107631e-05
0.0003061270909502367
2.6804193739016213e-05
0.0001622482502685596
0.0001718970621256699
9.253907804085415e-05
0.034715489247010234
0.10794163582715571
0.013832405972359574
0.004286702308746726
0.00011388953855928641
4.4806015353671125e-05
0.0023033929391723107
0.0004634755797328638
0.00020480099873942947
-3.216806006012263e-07
0.00019449176233926613
0.00011980110936787858
0.00023893137317687607
0.0002011885787138734
3.3293059052919016e-05
0.00034213514026693037
1.7050220968428675e-05
0.0003174329969216072
0.0002160765966890965
1.003506510743879e-05
0.00015983526200985532
0.03582894885409427
0.09823281024347968
0.014857548063278492
0.004923220346739865
5.935179819155367e-05
7.696112939237221e-05
6.894375088650762e-05
0.0002444260631173645
0.0002843776234769946
0.00017719513442804313
4.915328356469573e-05
3.2168015657085824e-05
1.548273560131319e-05
2.3286904821895327e-05
0.0001808936962441332
0.00011382528793768554
0.00015737778388702495
0.03512964491916243
0.09744530528449091
0.01430337525389741
0.005086754602172394
0.00020596837127434542
0.0005135883182486589
0.00025686811445169155
-5.926980315618113e-05
0.0002529919850975393
0.00013327610941982204
0.0001837095212017248
8.97112326998517e-05
0.00020889641408733395
0.00021229639763609143
8.145768356149219e-05
0.00010416010036951029
0.00019471200556886448
0.00021266962585614335
8.668989822696593e-05
0.0343391867585055
0.1119751156752587
0.01489687070853346
0.0040952798942893165
2.329268475076418e-05
2.7555700490178303e-05
0.00020412704820388372
-8.147494792598575e-05
-2.9947637167460073e-05
-7.342611856220316e-05
8.097405129681157e-05
0.0002368213066089031
0.03705591112803258
0.09492703120598767
0.013250341541438337
0.005582682752682311
4.678450542294765e-05
0.0019600980564323245
0.00011385796480273269
1.1037395923063631e-05
0.0001828221595862045
5.190120633685735e-05
6.812774735681648e-05
1.7553972716966015e-05
4.609358825236054e-05
5.451942711409696e-05
0.0001928707030886545
0.0002229936050517356
5.027117600686637e-05
0.034249059593189524
0.10018327504376412
0.014860235575021807
0.004911108848637935
8.718322150574886e-05
0.0002907848960209125
6.716688820795902e-05
9.350654643136558e-06
5.995812334930184e-05
0.0002015011340054107
0.0001603740082990468
0.00012822456490296785
2.1967761978658462e-05
0.0001693337467339462
0.00020533950833612202
0.00019695575158357181
0.00020160130016599886
0.0001852092940218264
0.035398279327576554
0.09775806285898714
0.013927055535060295
0.004877063661989756
8.896747599013155e-05
0.0002627675809117602
8.886973682015187e-05
6.333960816495843e-05
0.00024160103843429148
0.00024007438231826717
