0.44154899043044676
0.44154899043044676
0.5226452563933123
0.5019825090338045
0.5350270088587863
0.5309606974292567
0.5350074311006024
0.535034699818262
0.5342726163729381
0.5349657135709321
0.5350074311006024
0.634232867894245
0.5987183334818589
0.647081460222033
0.6396584099291347
0.6471494824999715
0.6468190188286309
0.6470012102012551
0.6470012102012551
0.7817211054279537
0.7414996978224695
0.8013232593961093
0.7929341204330548
0.8013288134392045
0.798412076147418
0.8008503299814437
0.8012576129627539
0.8013288134392045
0.9755378034536554
0.9116998351380496
0.9973539605839117
0.9833110607839525
0.9976529360725155
0.9975259049608427
0.9976039281505293
0.9976039281505293
0.9029851571949845
0.8164457377078829
0.9805485490203971
0.9805239836988463
0.9986020463191125
0.998601461013839
0.9960334334704308
0.9982398637029687
0.998530575234843
0.9985913791935761
0.9985997798069777
0.9985986195617421
0.9986016596983583
0.998600720002804
0.998600720002804
0.9671462135216748
0.8723727460905115
0.9824569487182274
0.9957389366505237
0.9987996362121099
0.9987963420046867
0.9987451933869037
0.9987832581906041
0.9987922864918449
0.9987977928740521
0.9987951199662614
0.9987969242830022
0.9987957862142889
0.9987963420046867
0.9179053439344642
0.7935137276064237
0.9743159507686457
0.9863577251387662
0.9988891034427188
0.9988851988843788
0.9988815661272679
0.9988881617005889
0.9988875946965912
0.998888804059837
0.9988884482971334
0.9988879606452293
0.9988881617005889
0.9648908386518169
0.8795794708091834
0.9842078729724693
0.9952277725340314
0.9989543577271587
0.9989590297418212
0.9989435833638045
0.9989509242090098
0.9989483806839727
0.9989523352078934
0.9989499906701392
0.9989514776798532
0.9989505731735029
0.9989509242090098
0.9619538090831257
0.8851876303655741
0.9856633683387341
0.9943864836152935
0.9989562037981503
0.9989324830891615
0.9989562185024164
0.9989522403226645
0.9989466419054982
0.9989419781752705
0.9989471732969885
0.9989449690931417
0.9989460187865791
0.9989466419054982
0.9888533634484129
0.9619774678810991
0.9953263308165956
0.9976849188367285
0.9989399913466422
0.998904565014774
0.998937365130833
0.9989401576020495
0.9989449654064606
0.9989428371621161
0.9989415420373294
0.9989403202093137
0.9989401576020495
0.9227135883760467
0.782982599035827
0.9714651451536697
0.9881478528559136
0.9989409968027089
0.9949270672743022
0.9982926096410034
0.9988095283468258
0.9989020947615055
0.9986581849279687
0.9987584406571
0.998851230712418
0.9987909947961037
0.9988263831751886
0.9988025921569154
0.9988161014234016
0.998806522523884
0.9988125004965456
0.9988095283468258
0.9057519155254661
0.8142507834979678
0.9805810094241476
0.9823722401056643
0.9996078030157672
0.9996062539772651
0.9994605972321161
0.9995866128712316
0.9996049795952696
0.9996074313964274
0.9996070170703879
0.9996076930296764
0.9996074313964274
0.9890028622407869
0.964489767631511
0.9962197882418811
0.9982210100444434
0.9996081532289769
0.9991547708245464
0.9995275878719798
0.9995940190805273
0.9996049691994419
0.9995749948962932
0.9995876775623118
0.999599066416143
0.9995917317431047
0.9995960731904856
0.99959316507516
0.9995948220950905
0.9995936427375386
0.9995943906242569
0.9995940190805273
0.9892497115981282
0.9633234438604303
0.9960236287552188
0.9982913566159906
0.9995930793181702
0.9993630128404343
0.9995615080361979
0.9995878764997439
0.9995933047668916
0.9995935250913071
0.9995918548370768
0.9995928418882583
0.9995924996080645
0.9995930105219379
0.999592716217097
0.9995929078090511
0.9995927946255806
0.9995928689137044
0.9995928418882583
0.9234280790840287
0.7841239445139867
0.9718104451344263
0.9889804629329749
0.9995927940339904
0.9971204548715388
0.9992226320787796
0.9994970929787785
0.9995927935205762
0.9995928182791692
0.9995928034894055
0.9995927976740265
0.9995927954285024
0.999592795925445
0.9995927949309062
0.9995927954285024
0.9611940129529213
0.885778687568095
0.9876239845115876
0.9941946772618712
0.9996063707687098
0.9980202785908641
0.999552134847541
0.9996028788716913
0.999609938752005
0.9996094825868296
0.9996099248174851
0.9996099341248234
0.9996098264393951
0.9996099176868738
0.9996099468434796
0.9996099341248234
0.9329846752142552
0.76639141278968
0.9665974697743631
0.9922065605863084
0.9998295808307704
0.9997349918508691
0.9998306613765302
0.9997934065759972
0.9998235768124372
0.9998312366085663
0.9998289080659442
0.9998310252385217
0.9998311610322522
0.9998308717628528
0.9998308717628528
0.9606222369409719
0.8911079340987509
0.9876500842062834
0.9946106825473153
0.9998335052447483
0.9981766446950031
0.9996660472140827
0.9998134779066761
0.9998335681426018
0.999833360927557
0.9998358146746177
0.9998349088387188
0.9998341506365912
0.9998337394424435
0.9998335681426018
0.9637254457014861
0.8814500984019977
0.9867700168866425
0.9951309926745072
0.9998337572613754
0.9979700916660806
0.9995855745117528
0.9997775528080143
0.9998234188440402
0.9998311687629964
0.9998329151912176
0.9998338912866247
0.999833357185095
0.9998337281798382
0.9998334931734164
0.9998336346123305
0.999833540325322
0.9998335943110134
0.9998336100023874
0.999833584429259
0.9998336003480098
0.999833590553106
0.9998335966232764
0.9998335928780404
0.9998335919909188
0.9998335934257406
0.9998335925393251
0.9998335931210602
0.9998335928780404
0.9895673151567801
0.9626450993590987
0.9961982158543892
0.9985422185292967
0.9998301071953966
0.9998305080982108
0.9998333803522151
0.9998329062492813
0.9998337134343069
0.9998334023321864
0.9998336683596856
0.9998335305599099
0.9998334855781676
0.9998335558899656
0.9998335139615477
0.9998335404578659
0.9998335243049776
0.9998335343730891
0.999833528183151
0.9998335267065619
0.9998335290928029
0.9998335274663077
0.999833528183151
0.9623239125147525
0.8876378524250685
0.9868422132001065
0.9951177191153256
0.9998341722862947
0.9979217874296822
0.9996076044030651
0.9997874778382562
0.99982298355708
0.9998302355795062
0.9998324911578712
0.99983316427005
0.9998337956500838
0.9998333938782189
0.9998336334745386
0.9998334775686042
0.9998335688572586
0.9998335089501103
0.9998335437858612
0.9998335208513726
0.9998335163110675
0.9998335236539911
0.9998335191179433
0.999833521922188
0.9998335201893802
0.9998335197801731
0.9998335204422559
0.9998335200330835
0.9998335202859725
0.9998335201893802
0.96647721383165
0.879113696817476
0.9848374612122799
0.9963659870756576
0.9999263512925207
0.9999181120716238
0.9994669656471655
0.9998788089653978
0.9999244794356279
0.9999223542757139
0.9999252468653186
0.9999237124882878
0.9999248102188236
0.9999241371786559
0.9999244794356279
0.9247792360781636
0.7830129718047865
0.9717976214865001
0.9895871880063706
0.99992450887262
0.9958404305220578
0.9993688305338791
0.9998193951121067
0.999897393985462
0.9999189122783263
0.9999179756224066
0.9999117080492818
0.9999158141648041
0.9999171839462448
0.9999183412316079
0.9999176781789192
0.9999180764266531
0.999917862731286
0.9999179756224066
0.9237341165726463
0.7846627457995872
0.9723061874327272
0.9892398772593136
0.999912401284867
0.9993693162690611
0.999808500261272
0.9998878112068043
0.9998810767428497
0.9998578551354746
0.9998728633754541
0.9998673815037458
0.9998760963813578
0.9998708060722822
0.9998741122478951
0.9998720547690361
0.9998720547690361
0.9628837846992513
0.8865696440681472
0.9866157784947878
0.9953168513863822
0.9998762476921679
0.9978649741679277
0.9997288822122874
0.9998416476216098
0.9998620815873213
0.9998720547690273
0.9998740037458684
0.9998728498910099
0.9998723658720741
0.9998721746784851
0.9998721007277425
0.9998720723466599
0.9998720614864405
0.9998720573353446
0.9998720557493499
0.9998720551434928
0.9998720549120672
0.9998720550004645
0.9998720548574345
0.9998720549458321
0.9998720548911992
0.9998720549249643
0.9998720549040964
0.9998720549169933
0.9998720549104645
0.999872054913506
0.9998720549120672
0.9202880861781965
0.7915014820657378
0.9743353259484571
0.9879906814905115
0.999916534200368
0.9992862284974753
0.9997283537315202
0.9998726363083793
0.9998288387697611
0.9998572505353582
0.999866648552298
0.9998700261080485
0.9998712852654483
0.9998717617046655
0.9998722774325612
0.9998719430293603
0.9998721399725278
0.9998720355664915
0.9998720874117832
0.9998720673272417
0.9998720475232066
0.9998720596544444
0.9998720520898454
0.9998720567235235
0.999872053834085
0.9998720556039862
0.9998720545003161
0.9998720551763575
0.9998720547547926
0.9998720550130172
0.9998720548519936
0.9998720549506266
0.999872054889121
0.9998720549267955
0.9998720549358981
0.9998720549211697
0.9998720549302725
0.9998720549246468
0.9998720549281237
0.9998720549259749
0.9998720549273029
0.9998720549264821
0.9998720549269893
0.9998720549267955
0.9199756146472688
0.7913280174712897
0.9743126220791378
0.987928414331995
0.9999171693101947
0.9997292500337256
0.999880612408393
0.9999086238492588
0.9998934185354125
0.9998858112924456
0.9998774457080459
0.9998826430522163
0.9998794177130733
0.9998813945884146
0.9998801582458485
0.9998809121291987
0.999880439250406
0.9998807270308294
0.9998805311097039
0.999880612408393
0.9239895973842448
0.7837140378379552
0.9721235124633947
0.9892728148385529
0.9998771615226627
0.9998743326453974
0.9957075475691495
0.9991935500173846
0.9997465286621589
0.9998217094416616
0.9995858572124412
0.9996925266440375
0.9997788354288888
0.99972697658853
0.9997593926297386
0.9997392172415205
0.9997515186977373
0.9997437119934801
