0.3113103822409733
0.31292059619782786
0.25777150102019225
0.2716344142682048
0.2454162074234374
0.251725316142922
0.24874412517284944
0.25177438254167606
0.24467782556638334
0.24932628109384802
0.24710779947109834
0.2470234430709058
0.24604928627001887
0.18363005616212674
0.20174442671208165
0.17251451266420015
0.17562461630742054
0.17327389265924104
0.174555319446405
0.17226036506477843
0.17235783664968007
0.17478575124206147
0.1749114000233617
0.17248920191420952
0.10235501825449561
0.1253524645319341
0.09123360746115033
0.09668278585025497
0.09043465380433952
0.09303756836892285
0.09094028822079525
0.09082136213825998
0.09094007233999424
0.012132630396588295
0.040990153962814746
0.0007737103661443201
0.007706200667336127
0.0006964470074934392
0.0006923011659258349
0.0009359551807096578
0.0008649507844403215
0.04425676069403811
0.08528693429276302
0.010196040296844455
0.008771254446702903
0.00020655035363009722
0.0005835466525365152
0.00027148571543977873
0.0002465541514324876
0.0002568383858820855
0.00022538044905023868
0.00041876231833748445
0.00043892088666580564
0.0005017141450283646
0.03561027744470613
0.10893504267579557
0.013612036200570943
0.00454324530424316
0.0002915668028213858
0.00047796417112150325
0.00021742929934892574
0.0002631605863359643
0.00041187264326053574
0.0002806544580025161
0.00036628414461192804
0.00027499395869318155
0.00034661896826193583
0.00032005772395549137
0.03882212266142254
0.09375912916001833
0.013019479434305314
0.00627231084961638
0.0005611102341629426
0.0005284184276062587
0.00035427925447323316
0.00040802736334505374
0.00038347842803676535
0.00042166040142754824
0.00046737367755111947
0.0003229573928218432
0.0002536091562509446
0.0003500053662510161
0.00028193018525812796
0.00034359976521269875
0.00030838092256196825
0.00036839046333059233
0.0004229261216268654
0.0004313025071775445
0.0004785235923244757
0.0002400035275170187
0.00045296693120233655
0.000405214033832757
0.033452256644445955
0.1139754555405933
0.015630621048398907
0.004115631232836925
0.0003472036592556127
0.00035254847692939295
0.0009622298690992737
0.000371830426612596
0.0004428141078253178
0.0002103129587743835
0.0003514381147981527
0.00022451827960823234
0.0002447390805374594
0.0002572144345171501
0.03962315955736223
0.09911667194576079
0.01148435023737543
0.006485302886021671
0.00021271968971925403
0.0002552270895900266
0.0021710394746285444
0.0005408377240089801
0.0002468285173624629
0.00022651495227982155
0.00017259879096465092
0.00021042903461299112
0.00030332130592436446
0.00018315301131216488
0.0003280277253613906
0.015286662177034671
0.05464817567067415
0.005637225916661048
0.00218138417124919
0.00013579776182665038
0.0005341996527063464
0.0002840812949602145
0.00026593986941242376
0.0005312004804786663
0.00035160524177729746
0.0002083071904575573
0.00021810073243588857
0.00012847634101520455
0.0003409334851023349
0.00019325235033307298
0.000206214020881057
0.00014572245243016368
0.00021456535993369386
0.03758502008976117
0.0968428712185414
0.013632582510267777
0.005773987165813177
0.00018711545944116725
0.0003481571720731491
0.00014313158945056248
0.00035570303832827
0.0003412497174180573
0.0004115919237073218
0.00022136132006900233
0.00019308941275841818
0.00039862042622657023
0.0002571170456638905
0.00021235015271142688
0.00029560170974402
0.00046442941776514424
0.031803928364305956
0.10364929267575718
0.016504248659676868
0.003754857965848679
0.00011632583607390501
8.128754213110323e-05
0.00020534084575846157
0.00021874455443093854
0.0001668775627034491
0.0002862151266610491
0.00019752708563852694
0.00015820429051782714
0.0001142841514713
0.015746107918303998
0.05268806539318677
0.005776438121717908
0.0024043853766574363
0.00027229681006935014
0.0005411249933421347
0.0002383444864971218
0.0001087092164430703
0.00030329787544014497
0.00022641457432276413
0.00016801534267163465
0.00013322331319631786
0.00013660881471078135
0.00034137516331639306
0.00021813812749721384
0.00015350589091045475
0.0002130590826058265
0.00022631856288274355
0.00023385903896011584
0.015937006357692074
0.052347747551051815
0.005504827232351295
0.0022639301949554103
3.253610831988052e-05
0.0009560301766838863
0.00014904773726442944
0.00029024604452421165
0.0002234393088805242
0.0002088418155845595
0.0004275107894342045
0.00017283885919699982
0.00020843687795280008
0.0001163006745482087
0.00026782362217925293
0.00028049054307022203
0.00015570387616603565
0.00010061332454719407
0.00023142824930599826
0.00024090483405547758
0.00012804268256488838
0.00035675982397798123
0.0001431021570102442
0.03868545220229419
0.09190260108928222
0.012385925735024395
0.006506455708264913
0.00012501492720917717
0.0002667403143504776
0.0018964364731277605
0.0005122310736135893
0.00016286463705145193
6.415671936993439e-05
0.00018337616839375626
0.00017448393078278723
6.190761622804075e-05
0.0001205519944440514
0.00011816801902486684
0.0003174932571404221
3.557087116967672e-05
0.03446740767844969
0.11389110402981567
0.014433365386261499
0.004330024164452051
0.00025808676839139677
0.002176968724779793
0.00021308880514497863
0.00014919356026926733
0.0002021835164539576
0.00021131448871136715
0.0001860923545209392
0.00023213048638953682
0.00015930115974910342
6.36561165425209e-05
0.00020612247364026892
0.00016200713284109103
0.0001844354780082269
0.00015142965382153317
0.00020228280398920662
0.00035262028044158455
0.00012732406326027013
9.609450490349891e-05
0.0001198295326365062
2.370808557244919e-05
0.00028046749231197543
0.00034308971563012935
0.0002029998323359039
0.0002888292550256577
0.00022262787727200806
0.000204095120218184
0.0002999679558265411
9.821329101544762e-06
0.00011460053707973428
0.00015720424356996388
0.0001342681742218521
0.03503671494272298
0.09847393577738556
0.01482553030362932
0.004921276962901233
-1.6641751563462037e-06
0.0003028466336205682
0.0002843106618541369
0.00015429660665206013
0.00011595764697530653
0.000127969047467702
4.109757148024196e-05
1.740772152997172e-05
0.00016669631658600137
0.0002747926273208301
0.0003123060934344668
0.035921601034849815
0.10742093901078464
0.013371299005065618
0.004503561584214055
0.0001407175028027008
0.00024617931704273843
9.410900771700259e-05
0.0001677144560745525
0.00015949369750717368
5.521109271222624e-05
0.00014455340784647053
0.00012488160137508197
4.741633505223053e-06
0.00010567788411153245
0.0002105383977980546
6.780450792231996e-05
0.0348731395629589
0.11487472929248377
0.013678896317219857
0.004773002084297706
8.255445066190914e-05
0.00022407664619733536
0.00012300591876296396
0.0001505751395587951
0.0001930320470509561
0.0002881041068511503
0.00010506597100184978
5.254754815442464e-05
5.3795781753740446e-05
5.81764394689821e-05
0.00022586112355210686
0.0003113481408618668
0.00015392334799202434
0.0003643556118406721
1.2452480894431517e-05
9.541228742071528e-05
1.203458765891563e-05
0.00014342568000125233
0.015280040840015718
0.05306686212363659
0.00580912605912981
0.0023268246507783252
0.00010135751014539451
0.0008752635578092027
0.00020807525955685024
0.00010668092012733332
0.00023392205510491815
-1.6059873623186505e-06
9.485591075142352e-05
0.00034529563663487917
7.556586670115495e-05
0.00012860844024964457
0.0002503261175967886
4.934098287806554e-05
0.00020835252965795137
-7.757281099851632e-05
0.00021183304931743363
0.04088089776123838
0.0994580813663849
0.011357661820608711
0.006245075974559866
4.615732284490859e-05
0.0003461099969426229
1.0767694905544634e-05
0.00012021495740094368
0.0002255763630878982
0.00019133865519754822
0.00015505436071905354
0.0001155068623118205
0.0001770415555206739
0.00010703473283568687
0.00013947918467027698
0.03340843599019744
0.11192654758164389
0.014333747239667238
0.003879485217948675
9.626771592735617e-05
-1.54109542309655e-05
0.00015664925868241752
-0.0001537364506409844
-7.679630405466042e-05
8.193951484880557e-05
2.919101493148446e-05
4.060879865047662e-05
0.03621599358550559
0.09685318182151692
0.013965135085057367
0.005134718516956016
-1.2592096075736414e-05
0.00019003606127659944
3.7649327813082945e-05
0.00020527339240322684
0.00015753494143039282
-2.598527462605027e-05
0.0001874189953347538
5.920096935496666e-05
-0.0001998458056576835
9.280365702996063e-05
0.00016587255265571033
0.0002453306432236291
0.00015213521816059838
0.00022150853528929426
4.260102714159775e-05
0.0001301570412001185
0.036849811671122334
0.09583889755984093
0.013587595747591996
0.005447473037339556
8.254578995492423e-05
0.0021204172024476
0.00015907629633266085
8.10531928413516e-05
7.214337352690059e-05
7.133833037792359e-05
0.00012275595418625995
0.00011080590503892429
0.00010495350396910741
1.6230161005215127e-05
0.00011453626445129261
7.752582693509869e-05
0.03683260909281799
0.10709393806996104
0.012993033146800503
0.004745645992763614
8.677008826896149e-05
-2.719963532415992e-05
0.0022786021060311468
0.00043704531574428884
0.00028233396184507153
3.3905606757922424e-05
0.0002490769524606251
0.00019358703633887142
0.00023889884591976607
0.0002094825357012997
0.00020715660238740385
-2.0343593330918175e-05
8.242781963507806e-05
8.452674235237545e-05
0.03666546795686321
0.0951966294219998
0.013492270250324234
0.0057695621393160645
-3.249284606821057e-05
0.0018264471791053505
0.0002683501538923161
8.001406647528686e-05
0.00021864501373514145
0.00015740519991552793
1.1336047419485684e-05
0.00013033141384749536
8.082225214334215e-05
6.813265881328023e-05
3.256595683048813e-05
0.0001407664285829613
0.00014709754951308662
7.760595040767759e-05
0.03559682684895732
0.09793636435813458
0.01392567009759127
0.004754124467384324
5.669957740028764e-05
8.935327803882842e-05
3.697969805427359e-06
-7.696346524510567e-05
-0.00014608372615587673
0.00013312389970948635
-3.926956846578289e-05
0.00010855882093779856
0.00021766809882023397
0.0002067949050367779
0.00012863214904101916
-2.899621457952417e-05
-1.983287719331539e-05
0.00018199949760416834
0.0002407760528612135
0.03876055788759919
0.09264999849735939
0.012539795236068851
0.006430484165347361
3.5409443757294934e-05
0.0006674021502041105
0.00015973677944447484
0.0002360295985848193
6.725523217815388e-05
7.915237615424564e-05
0.00020463020917477204
0.0002324210873118071
0.00019074270704660945
4.001486093491158e-05
7.038629993161294e-05
3.2609219000834244e-05
