0.31074153581733976
0.30969617494276086
0.25697826394921325
0.27041462578648945
0.24411473961304347
0.2476013441736547
0.24452422450448924
0.24821296919074348
0.2490218608897306
0.24562157984423327
0.24667717524099264
0.24589464577816872
0.24938472784130894
0.18406874755005653
0.2087811995671045
0.1760169492433576
0.18115890058983686
0.17626986384916
0.17528207049742667
0.17673682206213248
0.17893661300880714
0.17809262577781187
0.1776516770935027
0.10427916977853541
0.12475753964993941
0.09164246584034186
0.09693129995213579
0.09264436034201018
0.09264633114142345
0.0908092011208993
0.09119979926556537
0.0920875331645884
0.09150005324651733
0.09176428887039051
0.01285137354417426
0.04157692331051499
0.0010205751333896562
0.007607507420708537
0.0011680814932508166
0.0012966928050494042
0.001423678023978081
0.0012094842516887638
0.04370932225263835
0.08814201227156832
0.011341278314263015
0.008710668497616536
0.0010920115612797487
0.0009711633230102268
0.0008528753378599374
0.0012119654557757875
0.0009688268866884786
0.001073180771308413
0.0010710862015034794
0.0010098432045032024
0.0010428003635195027
0.00098626381784217
0.0009117511166030767
0.0010886835691586993
0.03499120572113318
0.11524075751013657
0.01629826656644434
0.00443285734019061
0.0010012293404132455
0.0012068007363258415
0.0016349382564690984
0.001245742482063883
0.0008092162246330914
0.001032048842540989
0.0009698914969219485
0.0012077695050632942
0.0010428738199749765
0.0010310207949223993
0.0009891204360163441
0.0010304058479282396
0.04373323111838906
0.08717108181721228
0.010758223508104181
0.008346697577094442
0.0006043672367344044
0.0008627227391450054
0.0007615175231123206
0.000755623382506343
0.0007663209168392027
0.000684142457233583
0.0007798305157014074
0.03384016697498343
0.11319467435886582
0.01565995133313286
0.00414241216321487
0.000729678836187797
0.0004179181593585435
0.0005737664732347048
0.0005913718237663401
0.0005157628338033349
0.0006160524791317123
0.0005949826301713257
0.0005473530978925556
0.0005707506078292957
0.0006394744572537636
0.039591851131122624
0.10271205675583484
0.012646047731962817
0.006089968554908953
0.0005280641891750593
0.0009533112245210806
0.0005275355755259281
0.0007024570934812124
0.0006139648044164447
0.0006737924438211529
0.0006281754818814878
0.0005437790966891232
0.0006073555444986445
0.0006614726470542953
0.016044225429490855
0.05434556467660634
0.005699823050033248
0.0028231026344848753
0.0006672410747436963
0.000781948036196134
0.0005905038996295575
0.0005544994702814665
0.0004744435380783507
0.0006671844965152052
0.00037445720496159796
0.0006152710781920367
0.0006471566691589326
0.0005014628003652266
0.0006191606115049653
0.0005663194039586261
0.0392661524686862
0.09291764383840095
0.01308696338838583
0.006733717265218375
0.0005268285472479484
0.0006115463685673617
0.0006063686740670482
0.0006490732983234215
0.0005983324004647517
0.0006202049192875481
0.0007210422360887092
0.0004174121856257984
0.0005677083145497197
0.04465552296962105
0.08431168248879867
0.009613682257601619
0.008724548107924779
0.00038426707898225887
0.0002590981568922346
0.0002519888112270663
0.00024803974459636224
0.00031169645758050146
0.00025288912443216516
0.00039122195291008133
0.0002444550982244609
0.015158107055517678
0.05516575318960548
0.006033031992934479
0.0021965113346950615
0.0002476180011896645
0.00018894328062263321
0.001015556723222344
0.0003949653303743639
0.0004098819140007648
0.0001717066927743316
0.00013108402095080018
0.00026514287177953344
0.0001487820161519271
0.00022869911648970564
0.00038194692680776354
0.00037234243226441643
0.000213825258378042
0.00040209080241426776
0.00023162900963125121
0.015640578422639217
0.053611394881667274
0.0057980040248766795
0.0023593384544465246
0.00013495076824521224
0.0011298030269153991
0.00020516476402665518
0.000372137638503911
0.0003258075295310414
0.0003039227566542513
0.0001415592556431311
0.00035364412587407523
0.00031364530702804316
0.0003360529025320247
0.0002707465231625572
0.00012625591274700865
0.00015952018312892502
0.00021916591069759406
0.00030770986480954665
0.00025089856487753304
0.00019771072396401745
0.00012812020512609212
0.0002968108401434355
0.0002131441138383816
0.0001664900604207986
0.00029082685564330024
0.03999655208116204
0.09222259169223457
0.012022867547157756
0.006679683643134038
0.0001595515352739163
0.00021610809906474904
0.00023119417145389676
0.0002372722913914771
0.0002454141798121645
0.00022359468028559926
0.00022660736991020336
7.276845733589221e-05
0.00028509368181689476
0.00031213328279844355
0.03659778887261628
0.11140800094071968
0.012547475861403756
0.005337898010121245
0.0002318199581417546
0.0020657992319385032
0.0003241768057255512
0.0003129621394917792
0.00020849783003146216
0.0002877711018442475
0.00020481458565330124
0.00031470281416162704
0.00014709658827077865
0.00034074447508919414
0.00029872578495426794
0.00021054247694846095
0.0003603870576930346
0.00011252510927173276
0.03633830438133229
0.0967430154139885
0.014145817391708115
0.005503614481242647
0.00033170521003489384
0.0014895252980626217
0.00039589048665716886
0.00020797074118722447
0.0002177481067971998
0.0002740650909620057
0.00021733933032774821
0.00021933502116794346
0.0003195531818985242
0.00010762295921756815
0.00026138510452555774
0.0002929392097502648
0.00015618807264028423
0.0004725730124451877
0.00013246425711904708
9.105545183585306e-05
0.00013062949974246285
0.00016983044426455152
0.00026647797419010466
0.000203700994023448
0.00010788817584267418
0.03398288360570617
0.11264906785585804
0.014677387491128291
0.0034832752074712148
0.00027419836869468917
0.000384957938183661
0.0003417642066033677
0.0003410613287697095
0.00027136881262790347
0.0003655048786910253
0.00010636808159442124
0.00036540540826957013
0.00016542969802080254
0.00020932432015263736
0.00011040945160423199
0.00022741609463855506
0.0002760634487161684
7.641632404470355e-05
0.00028795126305625196
0.00017264317887766278
0.0002225622956071316
2.8954626128951944e-05
0.03486064949979362
0.11545286508359831
0.014192042724141929
0.004620627737654259
8.795204410494417e-05
0.0004043702603566124
0.00017375756311677204
0.00022113749566760044
0.00042545554035666733
0.00024620430561073103
0.0001312442455819185
0.00030809437057577327
0.0002836850016199599
0.0002267387766028417
0.00015725462620119757
0.00018118847180637054
0.00022075648903102651
0.00023309253790765316
0.0003126802770446191
0.00016425425732902177
0.0003656391058607378
0.00026596095081604654
0.0002937042763078712
0.00014525476122101422
0.00026820042834263536
0.00015639997202193667
0.00018677573516695523
0.00031306618762166893
0.00029558460108336515
0.00027037317450340215
0.00024485124401540936
0.00020417537892969406
0.00012859526487468687
0.00018970653661276593
0.00017797377815342852
0.00017675311119996762
0.0002052858269705471
0.0003408339211824485
0.00036217818359857157
0.0001067213083614238
0.00020898827214532734
0.00018155340623698946
0.0001480456900650462
0.000276666034985773
0.00016592236653445447
0.00035985159719631454
-1.3132957230155284e-05
0.0001627431798675305
9.198945256805313e-05
0.00014977341336946948
0.016120960555848607
0.0523548331924934
0.0054530748308943555
0.0022922904411071254
0.0002675082007573826
0.000527091362651666
0.0003472998017642892
0.00024767729238928116
0.00039369219826401736
0.00026143601540185024
0.00016166606830553265
0.0003193758453763351
0.00017725976509935792
0.00019147060872298782
0.0002612428616212692
0.0002700300870042138
0.0002069490448026179
0.0003315811595532292
0.00027783437452955084
7.149075744011801e-05
0.00030223464544343326
0.00016466441960111267
4.197826263535598e-05
0.00025619679432820064
0.0002441147498540852
0.0003441882174745614
0.000232170679266952
0.0002696147194412024
0.00032968015405310247
9.855862586460873e-05
0.03370879293962853
0.1124254135231117
0.014862528426899169
0.0039805590588095074
0.00036402492256631946
0.0027603189713028
0.0003685979121196836
7.769471987278953e-05
0.00023227704967487828
0.00029204953533179534
0.00015840298223029903
0.00034090576131429184
0.0003137543868345083
0.00017106822379286957
0.00019064723184486487
0.0003703854963402753
0.00021006659353001167
0.00014759509110523483
0.0001420033621075123
0.034494582828067166
0.1113745104784043
0.014619215586972711
0.004186129254315385
0.00018701898392181615
0.00012199807182555755
0.0026187162247504614
0.0007958182401271996
0.00031305961212901856
0.00030792480383412535
0.000323320888068912
0.00018299359205037335
0.00020064175771850046
0.00014630035876811442
0.00016354644925697936
0.00016126947042344186
0.00025448067533762053
0.000268787173003493
0.0001487682624958242
0.00019025620011381417
0.00027497618048799577
0.03625341464268694
0.09659718948520407
0.013995832731415525
0.005683098825432498
-5.920287288962989e-06
0.0022568482245245436
0.0007468450985337327
0.0003154518115419669
0.00020495007431214907
0.00035485932553958044
0.0001701954924943072
0.00029030093486109854
8.152574953140812e-05
0.0001638425226964113
0.00035805659404386514
0.00014848812664691735
0.00020280533985395088
0.0002579518807038217
0.0002248778101418547
0.00025778419359911986
0.00016292531847994507
0.0001687761917770758
0.03645129510889744
0.09668019696100522
0.013992546358309377
0.005682988412550272
0.00015837222281483987
3.7705244080254996e-05
0.002511908893703174
0.0005655281540715706
0.00030184224625584566
0.00039620181206290184
0.00011503206736185323
0.00047176358390099704
0.0003411226600188999
0.0002468683732168575
0.0003479339195072151
0.00018913604355169644
0.0003060506588856149
0.0001390265399420776
0.00020137578683565582
0.03312077486127529
0.1127008444954743
0.01480844668320297
0.0037220363027632986
0.0001785608174780795
0.0001844840971871875
0.0008074848701418169
0.00028120257224839573
0.00012042057998773448
0.00012438998242747523
0.00024620925497431667
9.894093114903857e-05
0.00022102236452825608
0.000253313273484268
0.00013283266428876228
0.00021268413619107696
0.0001773388588013347
0.00030987090068107515
0.04010291256249848
0.091758446920636
0.011888758454882076
0.006612091638656392
0.00019713503009244349
0.0002909829862725588
-1.1411497257585168e-05
0.00017716079562912768
0.00011904469965678954
7.689292733098485e-05
0.0001625602845004015
0.00012902359671035368
0.00031269548522089297
0.00018164461749331506
0.03353227273583492
0.10080309836070428
0.015300633524224061
0.004378480233697302
5.200417555478731e-05
1.0838990934403103e-05
5.159677592159184e-05
2.871393696907143e-05
4.5806333862141724e-05
-5.108529296804498e-06
5.207971370108089e-05
0.0001079335065901077
0.00016094623071710723
0.0367202728757447
0.09573752445293293
0.013462480355052597
0.005451833900314784
0.0001764171660750824
0.00019642276112930013
9.395691704161546e-05
0.0001686314769794306
6.81115892929296e-05
0.00016211159102791362
1.1143271631208762e-05
2.6611560559886005e-05
0.00017193180061336744
1.315769275550549e-05
