0.31256224895128226
0.313887434409501
0.2576607657855337
0.2716400929561342
0.24726803617406712
0.25053280569797337
0.2478061016453283
0.25062354728563585
0.2482086296019882
0.24857650695393013
0.24841241004805398
0.18346278887233325
0.19969837675703528
0.17263554869748599
0.1757460315671081
0.17237318652367684
0.17228704404386624
0.17250219887868412
0.17231192006392543
0.1729715391463421
0.1731694987716632
0.17295842088827912
0.10225436129448462
0.12519950550664455
0.0912180599091495
0.09566151142418938
0.09126117115369958
0.09091586304558097
0.09160996959641426
0.0910972754422863
0.09110781982235544
0.0907633703041873
0.01178305429848131
0.041960774605861006
0.0013284368530402935
0.008348751854369452
0.0019637890176757433
0.0009035555090681213
0.003486008736256485
0.001927485877860402
0.0009467170404943714
0.0017634588354667469
0.0013725127680198068
0.04135819217412551
0.09195269604877931
0.012973166678242165
0.00859750278321536
0.0008740826722716255
0.0024808527917205003
0.000909227473430696
0.0013593960235557812
0.0016281308242568904
0.0009827196802383864
0.0024286767733062153
0.001101451498744077
0.0014053595207917935
0.03556389070184407
0.10994016566890802
0.01502587820218243
0.005696356594487306
0.001258764561597514
0.0015673912559567293
0.001014964975444621
0.0014658039843704618
0.0014807155107658398
-9.195216881197066e-05
0.0017575327209591873
0.0013392612997173425
0.001120836109185952
0.000914115725781095
0.045176508147648065
0.08693927513047917
0.010651884197295958
0.008821951849017351
0.0005562932204079551
0.0013685176676664912
0.0009353961993731619
0.0013969994785520967
0.0007988978544926084
0.001117579831481308
0.0005195284008261969
0.0015298613877361977
0.0013941539934829161
0.0016053959890397485
0.03274447635180222
0.11576991640584278
0.016490232678043615
0.004277096920086931
0.0013117627712542212
0.0012345059980086726
0.0013033613120995158
0.0006915393278990045
0.000858575986363963
0.0010362138059608617
0.0011143298872260399
0.0009993812255967849
0.001326995693033295
-3.2612864342640435e-05
0.03734876534181769
0.10519776426794791
0.013591443913502144
0.006047761411297481
0.0012936406508003429
0.002118686608816256
0.0015755216061897892
0.0010285115897605834
0.0006802303996367165
0.0016659876091726367
0.0015496770985993225
0.001244882296283778
0.0011469079957240336
0.00041733386939890593
0.0015961062750196042
0.0008195689388439953
0.0009148867560206941
0.0010573968599449368
0.001796114423402051
0.0006283071880654467
0.001293877664167442
0.0006007697963496539
0.000484050092772359
0.001043731271428816
0.000932597981289196
0.000759516177349262
0.000550434677066447
0.0012984479114276914
0.0009189095927271129
0.0016146438364834648
0.0015996792257959025
0.0015392485607058637
0.0012212483119026785
0.001215189460604893
0.0014155662892740284
0.0009758729280091583
0.0012999209683559054
0.0015081810959007291
0.0008575571418708572
0.001536922062678081
0.0008299225408783806
7.1088646678652e-05
0.0007085032583927786
0.0005789128284605094
0.0005345511556378857
0.0006960986299067717
0.0006573909506423226
0.0019315473700005081
0.0012025954232513514
0.0008983253584143869
0.001634041752464066
0.016594466244103434
0.05515676683094933
0.006895896039481153
0.0029526106169086574
0.0014376141567973844
0.0014082849015493726
0.0019879612816487424
0.0013056124448623252
0.00136839245174053
0.0006574082304393603
0.0014677170202820888
0.0012645262102081167
0.000999353710752382
0.0007951959870531877
0.0018910586728495549
0.0015442356823393566
0.03681829048636659
0.09863569054125754
0.01564528745489624
0.006212664391052003
0.0013407224395637352
0.0010864081712297358
0.002110515655372458
0.0011688044921016605
0.00210608112581695
0.0020468863718918207
0.0014286704412491136
0.00202372488019259
0.001351485961627874
0.0018358649672327587
0.0018547007220914291
0.0016105235165019272
0.0018946866676822771
0.04751845065597088
0.08245214965682085
0.008942616965842753
0.009995911953775971
0.0007405078291993217
0.0010481968840134748
0.0007049498552350042
0.0011746851256141388
0.0007282346503172388
0.0015839932749469599
0.0016287594284586926
0.02083248396562354
0.045757143417777646
0.003920029033206374
0.004214373361442314
0.0009468082405655887
0.0009950144113518022
0.0011927389764166407
0.0008002025933392942
0.0006417929630719854
0.0008373285321361945
0.0003208452771321646
0.001429429561516482
0.0005277937673612287
-7.63605851770155e-05
0.0008863991039247954
0.0008713651959496027
0.001284841268987924
0.0002586083408709916
0.016255960473199937
0.05453627704315406
0.006010371047313945
0.0030504682068763778
0.0011362746241428967
0.0010302231403044315
0.0010560904799185034
8.34019949030873e-05
0.0004109245467986966
0.0013413448544568052
-4.392402010811036e-05
0.0005127222813195442
0.0005618591952890606
0.0008763571664377467
0.0012274917176088307
0.0008131687876466454
0.00113604456526456
0.0392605799657918
0.095164374726382
0.01381451929214711
0.006425616109355714
0.0005461688924536245
0.002536044276953142
0.0009025437560142291
0.0006584502116708801
0.0007421496444632858
0.0008794185977819557
0.0007525035731937857
0.00129066301116465
0.000907963093217945
0.0009389831787763869
0.0009567703224785951
0.0013861433090922026
0.0009850684130500165
0.0005039668132909569
0.0004536560271075629
-0.00014549895785398448
0.035197985352055816
0.11616298530926106
0.014677546040585743
0.005015040009661964
0.0013538781744007466
0.003439231396648923
0.001010064139909228
0.0005857923144753086
0.0003090585634343834
0.0011724650279261173
0.0013724799771707152
0.0012793428570207488
0.001099000204128786
0.0011042631889837673
0.0013201155360830774
0.0002825728328005317
0.0005685794168108771
0.0005948067796952006
0.0009692903281061649
0.0018020906432796302
0.00015783735298813273
0.00021864568370322246
0.0009383561935734641
0.0013162078158884816
0.0008294306794727202
0.000550291864337582
0.0013390913530434978
0.0010379787468047241
0.0012524907310401123
0.0015463110463432295
0.0003944155833597862
0.00046032970865761413
0.0013672585356815925
0.0009231312737305042
0.0008279485408564935
0.00103975621640795
0.0008344595175497904
0.0011711715891679075
0.0006863389521289398
0.001285686273783282
0.0014679907198855147
0.0008483055550057572
-9.743380773463706e-05
0.0010292001130054462
0.0009841132904185312
0.0010360571085588632
0.0009019036137769554
0.00045456008227545697
0.001491542823063352
0.00103575909028647
0.0009967987508722187
0.0009385830224039604
5.536059948740846e-05
0.04372951351572191
0.08752494021085494
0.0101988674413373
0.008433626152029083
0.0009351710636479327
0.0003777032532591429
0.0008728987974474522
0.0007808467374129657
0.00047413101221660536
0.0008797799892750202
0.0011007940990465093
0.0007624415684443497
0.0010659670362592188
0.0011554660342185108
0.0014395135428358352
0.0007128174531093601
0.001387786760566112
0.00043970784773716964
0.001514821069171557
0.0005334650540039787
0.001120193681427406
0.0006873807966638057
0.0009143972184482707
0.0008058384828834586
0.0005713617967814111
0.0007685546118725295
0.00017134332313600842
0.0008725853229983871
0.0013863499548336655
0.0013884118616724894
0.0006950956289497046
0.0010728207326159422
0.00146182654211513
0.0010603994730598032
0.0008149095917385218
0.0008934787434611846
0.0012709375562152125
0.001238213406229094
0.00010952559991095345
0.001531530912379786
0.0007742619777090232
0.0005493829500886616
0.0017031747334621539
6.442692934660599e-05
0.0006650625771093543
0.0001422449330549247
0.00036852324782316037
0.0006381701564434072
0.0011359591119745605
0.0006005663244014747
0.0006199322076846925
0.00037641766299467694
0.03841683880943403
0.10671226282604118
0.013578910061242788
0.005824458943136823
0.0016095891544366525
0.002567202634268073
0.0010571688153337977
0.0008802119022151
0.0012200694974476844
0.0012461907458484744
0.0005814308902448162
0.0008293616177552643
0.0010587101532850696
0.000766597999511287
0.000686064465526659
0.0002772964358968566
0.0014084047555180668
0.0017378960059565851
0.0006638844017563539
0.001221518895512308
0.0016253046731231624
0.0011533282625018626
0.0002966803972028198
0.0010301294116071835
0.00023177258269602152
0.000517629857137214
0.0011066938150066652
0.03458664579048454
0.11409246448902988
0.014930079426990484
0.005915866976335782
0.0009994036326698708
0.0012650638844617368
0.0013312721196037658
0.0016551472860619754
3.78589334469881e-05
0.0006909382023495003
0.000555119862232778
0.0016671207159530965
0.0007248144850768301
0.0013190731968906189
0.0008457633873816262
0.00024053884943292525
0.001354940383463843
0.016767663922029385
0.053825820673511326
0.005924602514532307
0.0026405252975829074
0.00031490589877369857
0.0010682403260915407
0.00105991450888282
0.0009847660600553754
0.001819076103742323
0.0009473022490937844
0.0004752996362544226
0.0011795655837838481
0.0010162822585714215
0.0011049477037941013
0.0003656031756198441
0.03873493900283953
0.10626853449890195
0.014178637667458138
0.005533015272534081
-4.7100836987334915e-05
0.0019277515274874202
0.0006770233428076144
0.0006952273944270115
0.0012233649360190446
0.0005395574385210211
0.0014508689433651023
0.0006898116812986133
0.0011315919505619498
0.0008733566819028593
0.0012944381411467143
0.0007003778061067112
0.0007087071159904701
0.00013884047495316132
0.000684109752467077
0.0012302496941609675
0.034892614721039494
0.113113169166139
0.015386686000865402
0.0039707818677334195
0.0013127346482970648
0.0010342833921497818
0.001500528915243271
0.0010860754459092736
0.0011910763121679713
0.0009423426890602937
0.0010355389601491294
0.0018518601752281483
0.0005084792001742722
0.0010510684341504817
0.0015905825346118618
0.0007007525817258053
0.00025958174866141936
0.0010287597927189363
0.04353424706494324
0.0866577674533035
0.01117002767700126
0.007594295718213573
0.00033457963501704047
0.0016595325160866925
6.469437207751172e-05
0.0013586784295709364
0.0008832229755734167
0.000810804136050669
0.00016854384163172975
0.0015250915756951922
0.0007517747755853565
0.03743335598771097
0.0971274645000233
0.014585627479731134
0.005754849177146415
-0.0003464036864311293
0.0018365960146004556
0.0005179286669128036
0.0009440628876554724
0.0006643464326973048
0.000537644328812259
0.0006728556935597929
0.0005442188533071879
0.0010721296887081233
0.000991051029725687
0.0009550877470352881
0.001217828976515789
-2.8488006155513723e-05
0.0002927944595783605
0.001074480976907044
0.0010958870843080781
0.03471001378733929
0.11341982079351609
0.01547579803229665
0.0046021434693160335
0.00018141184142256295
0.00032091184678484375
0.0004812131054643398
7.371254833365981e-05
0.0006569661940197258
0.0006509796721042016
0.0005127930898785049
0.0012157413264608508
0.0011084367118788796
0.0007540196647245478
0.0010531449904937484
0.0002765861679259185
0.0006356240748504605
0.00040076255876930755
0.04426772631458881
0.08647304926185817
0.010070761977028886
0.007942552123482605
0.00022843807575434472
0.0003624096670152843
0.001996444598000524
0.0006405272036782983
-0.00043852442298597527
0.00047359004852542963
0.00043862306542419294
5.829334763068905e-05
0.0008426574104231088
0.0003566827477329282
0.000647554727175037
0.0008058091019748082
0.0007439214233665448
0.03731472342541403
0.09590396158435666
0.014244073838826199
0.005735420240290723
0.0006409510443711741
0.0008218451842280095
0.00041320371767261665
0.0006332778001113537
0.0011624176175131784
0.00011298911421736557
4.451613445816127e-05
0.0008810109151444756
0.0008429857300268906
0.0006307226778998754
0.00041293554305560365
0.0005806304907226001
0.037454839823387764
0.0970006172579086
0.013998688049567887
0.005695306587201576
0.0004525952236982822
0.0016153813506419312
0.0006341476367300869
0.0003935389358570296
-0.0003809340643905479
0.0007548227354086667
0.00011863903102321549
