0.31374252703203065
0.3128830649273808
0.26022542163832285
0.27494198971325917
0.2549792534398809
0.25603511945915547
0.25239428289596744
0.2513672756780525
0.25193502573256943
0.2532138453297065
0.25449457144939425
0.25140526606717223
0.1894357159611249
0.20847596465600815
0.17917914504269739
0.18264721700691172
0.17937239294031154
0.18154380347800142
0.17893780951863547
0.17958259816640276
0.17891696314727212
0.17929561376779973
0.179289687783998
0.1780989021807926
0.10770992152935721
0.12751969814557057
0.09603365702641514
0.099784969135355
0.09656892017555824
0.09755517225834442
0.09539822132923864
0.09642713440484335
0.09683299218085017
0.09676016488391237
0.09539267945272561
0.015449186819413485
0.040469216538449704
0.0024821669380768463
0.008549945294066996
0.0025357839282209027
0.0025992254097849665
0.002771755483045424
0.057086469463592415
0.07025746885702194
0.005501581935400568
0.013992921681660664
0.0005797244303840099
0.0007412037678929395
0.0008551470367449965
0.0004993294645659896
0.0005978031987092236
0.0006443270514396304
0.00047844431484972416
0.0005898025270218432
0.000548387276840645
0.0006043157432673585
0.0006569634590820606
0.03145091553676066
0.11735500120523296
0.016385852475086615
0.0034852404595251407
0.000484247280157446
0.00030843155810944545
0.0006042975122735328
0.00048250415493084065
0.0003475250431376753
0.000471056172019757
0.0005313737122218387
0.0003443794718556159
0.0003305322832384272
0.0005351591800377697
0.033555633017418984
0.10207573386715729
0.01626640103286925
0.003947285744245632
0.00022589298219577447
0.00038233992286751395
0.00029531266394028366
0.00024240021515686827
0.00034537834952558244
-1.9385462861065683e-05
0.00015112961222013555
0.0004098785181269049
0.00022121467889935076
0.00032326117297332146
0.03315791062709195
0.11326499886242097
0.015371784525173016
0.003914679435867374
0.00029417881086640785
0.0003087710553985601
0.0008908049687490482
0.00027633945207128363
0.0005499876919776159
0.00016931497311284405
0.00016249279084334933
0.00014187687503436353
0.0002540440118751208
0.0003693868004954748
0.0004017640018032509
0.03741387867747592
0.10496312961993198
0.01298533710052735
0.00508605202248813
0.0002575910604926124
0.0010362822687847162
0.0005524206812588806
0.0001908023873363196
0.000254149786297897
0.00038294531261551246
0.00026829063317040935
0.00032365657698807393
0.0004565241373741258
0.0005117200918398623
0.000318405212115902
0.0006411615087968392
0.0001832512193275515
0.0005292592090577752
0.014983896742405578
0.05251700838271145
0.0055006049935497625
0.002580962944115972
0.0004279043717563824
0.0010974880042428636
0.0003953205364622958
0.0004999791124730701
0.0006042556652111619
0.0005449867520473384
0.00045712115809704024
0.00046170724108518524
0.000374954917458481
0.00030888983877869203
0.00044229023100189613
0.0003140026977354604
0.0003671469176140807
0.000631425222297366
0.03995972839027201
0.0918010888564525
0.012675767823524586
0.006861060934616414
0.00044644332216148275
0.0004965871717350634
0.0006166552394265556
0.0002886296406240385
0.00044512377709932105
0.0004202940402197042
0.0006290164158779254
0.00038647209721442977
0.00035094837557780867
0.00037299011546776395
0.000361568256372069
0.00040302335012315504
0.03666993471897029
0.09847366133272734
0.014791924140970747
0.005395004147086158
0.00043343148572272394
0.00017477734613730034
0.0033664886887582735
0.0009754224432564906
0.0005379448517201513
0.0006606774024299211
0.000488750272244709
0.00033798887061176064
0.0003999301431109603
0.0005719515774205708
0.0005073895715347887
0.0004288612603718378
0.0005583412603639148
0.0005551490926391511
0.01353634043410451
0.06292011464334735
0.007316390794460781
0.0014168712794979665
0.00041270983249297455
0.00037158069894549506
0.0006742261306997288
0.0005060146939798171
0.00041320856998522393
0.0003811867597830476
0.00028625161399919996
0.00040138384110044445
0.00038763262485025374
0.016589946653730037
0.0504221491742049
0.004893984547570007
0.002625713681592645
0.00046812578189908693
0.0006766596182362639
0.0003476214001126299
0.0003308203813087718
0.0003556031957479
0.00037742674186341807
0.0004544683159801721
0.00041933227625862157
0.00040155961842586185
0.0002816319336413353
0.00043968105527303347
0.0003526581972509435
0.0005067611785624093
0.03268620412017592
0.1031212785346266
0.0164336348630571
0.0042718778002502344
0.00046793848970999585
0.00032293470406807856
0.00039758381521004527
0.0004108384780581176
0.00036948056010410735
0.00019407118392278377
0.00033807706343919053
0.0004733288726002649
0.00040964437632085016
0.00021510503365224087
0.037173805453577125
0.10997177531739871
0.013022472684923125
0.0051730168386498465
0.0003617128249126522
0.0010502208949147995
0.0005612166979408473
0.00027897168702378794
0.00023022778181341907
0.000373955032696327
0.0004443647440670606
0.0002914241411225982
0.00028625698574091807
0.00023202649483938798
0.0002869822085121987
0.00017811964843761352
0.0004058205188703923
0.00015348136714071758
0.00024560322076006
0.0004515063426432375
0.0003570120201132343
0.038146312005757466
0.09498885960083137
0.013231652027811236
0.006155663801479805
0.00025253425461024825
0.0007356334687870225
0.0005153291440362362
0.00021721729833851233
0.00010402619207305897
0.00028960816845385873
0.0003927094279426724
0.0003603845044975462
0.0004864708923738581
0.0001885500893096803
0.039678690946519546
0.10029735667951223
0.011965364497079967
0.005995501911875145
0.0002861334254918302
0.00024807727767667265
0.00035127108222815506
0.0003444393133231194
0.00031416014540469606
0.00039349398171784067
0.00033489574288642077
0.00027494856293830416
0.000275552502107701
0.00037916113399871776
0.00021488097891314561
0.00022462397148315105
0.00027945350175528905
0.0002326609454354478
0.00026428334068012704
-5.092747302981593e-06
0.0001782825372863006
0.00023620027300408353
0.0004876685633434241
0.0004810783603345081
0.00027010726542575636
0.00035773951095430245
8.497140283308946e-05
0.00037745552227957946
0.0003035444990496794
0.0002409149120292109
0.036954258879078605
0.10888167668427412
0.012821639280949482
0.005943520600236896
0.00041891489103867974
0.0005695744280812542
0.00020384278909241216
0.00035901926079240365
0.0004198326155658849
0.00039735026617288005
0.0003682199065917491
0.00033083339070061335
0.0001533235475085215
0.0004671794395616491
0.0003359113217806242
0.00017408785728922904
0.00036467553585473045
0.015125836127285297
0.054682682010339656
0.005631765808254252
0.002184446625236258
0.00042335263236892295
0.0011790418145376513
0.00043813459924513243
0.00041463268558855626
0.00038592397207726226
0.0004326511455879922
0.0004674910198351201
0.0003632437189260984
0.0003893940489834713
0.0002343678239937197
0.0002576089815693461
0.0002672519254299788
0.00038738547627542586
0.00043476179940082904
0.0004579021058133126
0.000286941769981619
0.00046053939448847947
0.0003456695977034352
0.04051433546475702
0.10072906078320581
0.011938808577644733
0.006276019556258172
0.0003651534825753755
0.000512103183393342
0.0011826663472682686
0.0007221463218996527
0.00037842930101950056
0.0002891452313093512
0.0003247104521986177
0.0002754157014333569
0.00030532498664048724
0.00036970781374712214
0.00031123487329393074
0.0002814853008794027
0.000448654537819726
0.032628661119295854
0.11581497842010996
0.015382908195865741
0.003524406243886946
0.0002318559529816966
6.321158637084823e-05
0.0009846428649765704
0.0004068365892710424
0.00033756889996161554
0.00030650569910245506
0.00033305502103242457
0.00036599077575327765
0.00018850858882718535
0.0003042300504431106
0.00014259561102636376
0.03508942763330131
0.09870268540388594
0.014887448811691462
0.004781709859392302
0.00013242103402466565
0.00022776278175223874
0.0007270650345977958
0.0001980915029395347
0.0002305456232829517
0.00018343529037401218
-5.350917161806024e-06
0.00026877754940823895
0.00020318306709027345
4.2897670928354614e-05
0.0002322166132433523
0.00011035987991814267
0.00015682662787719348
0.0002743104884072034
0.000309085110859475
0.00026186227364149994
0.03596802954354844
0.09915716601688135
0.014645453812565767
0.004962854824095697
0.00038539873606369124
0.0025275957862136433
0.0002032680989373925
0.00031767126731774287
0.0007121326125605343
0.0005508337341796898
0.00037277543049490935
2.4228241011836626e-05
0.0004299141617913893
0.00023073187615740842
0.0002937808922546803
0.00041384909943742443
0.00031247229762843
0.00027603614841958946
0.00040196649529200545
0.03924058980855011
0.10314391432699122
0.012289676058270582
0.005583067942902531
0.00044769123121174426
0.0004883348743614513
0.00013956310599289035
2.621550452186483e-05
0.0002357778652666287
0.00039501565806260297
0.00024080055714342796
0.0005333272404670075
0.00021849672264151465
0.00041972492352759794
0.00034564732277880816
0.00038420526244581366
0.0005025922706493602
0.0005633171018134542
0.03834926354353302
0.09472018068349308
0.013114562740581093
0.0059293374953484634
0.0004339286219894878
0.002192715249928423
0.0004287694971875644
0.000257346591359342
0.0001223797922294545
0.0005548965417643825
0.0005424907625035669
0.0004180275473961159
0.0002996298349390858
0.0004558994085501755
0.03324140814570686
0.1035418672479409
0.017021140026999615
0.004437508270472845
8.138494761916748e-05
0.00021494921178755177
0.0003295761690847443
0.00015142686293384555
0.00020445316212547304
0.00025727369639916287
0.000285616136659117
0.00023299764052342464
0.0002993483332746627
0.03776905901292116
0.09570306579630777
0.012906245122578153
0.005886390161927102
0.00016313888065139226
0.002051735189904258
0.00025063494094818006
0.00017669098902711733
0.0001994138118616151
6.021564686176095e-05
0.00031608557328149933
4.325483173156508e-05
0.00022757107480630978
0.00011612065800942206
0.00019186819691008328
