0.31475824390175067
0.31538721454864926
0.2613293999850361
0.27517560841840255
0.2522176893201722
0.2554206089984926
0.2523971584889526
0.2541892276488654
0.25239239992233475
0.25131758630691237
0.25179893562789296
0.25185660416807676
0.1883635730439151
0.2053277574192629
0.17761143870076357
0.18058948851540757
0.17785510819522754
0.1792471914081561
0.17807234718661036
0.17727683093456237
0.1784093444763118
0.10608545881016418
0.12699863603740696
0.0938625916672518
0.09909564471438703
0.09421007567343309
0.0945970304152825
0.09347113918734473
0.09438018229138084
0.09493781700504816
0.0942170452884768
0.013493196340928326
0.039648664473306894
0.0015744775942344025
0.006698125790844334
0.0011251704782232474
0.003288012544671537
0.0008722048874767463
0.0005122922913209926
0.0011289249414733193
0.0007017713013602322
0.0012989826032160923
0.03976179764433513
0.09381180534712452
0.013010796637067445
0.007684321868832167
0.0010303379898905507
0.0018421104240318176
0.0010136303304258965
0.0008196869319540001
0.0012023295319608662
0.000722323143575343
0.0014323366972481821
0.0012942528251675967
0.0012651358699802273
0.001309771655426728
0.000921027428674559
0.03111758629499839
0.11895701737885128
0.016866146722927466
0.0043039364245007206
0.0008347197310977217
0.0004405252618556732
-4.463268206300608e-05
0.0008602975003189073
0.0008326656472797955
0.0015490743767845871
0.001107404514409105
0.0005741078672814592
0.0008197645581031199
0.000771676491817197
0.001246642921575225
0.0010808061115007428
0.0011594321176296996
0.044190686965960235
0.08680559446721664
0.010063021556133755
0.009120578452305905
0.0007682783030821261
0.000608782735925073
0.002324129508947781
0.0011085072828879161
0.0008100019066470954
-0.00015625190927037735
0.0006189586375953682
0.0004479668784142521
0.0005882941513695727
0.0005193895625939526
0.0003251533660903472
0.03360603760016412
0.11309189613622145
0.01597109074968256
0.004404044043211819
0.0005936806294292718
0.002574190851253655
0.0010593944365141494
0.0008987070662505592
0.0007423870937565136
0.0005376630763126444
0.0009676634375214155
-0.00013986884437189318
0.00027914306266613176
0.0008471836189531401
0.0005519692820072364
0.00020781940552294653
0.0005440612191531802
0.0007634472809318615
0.0011168686262686411
0.0005171865558167288
0.0010573229353360025
0.0008736563011740861
0.03333528561683652
0.11339053947693101
0.014690111930297622
0.0037953652752748535
0.0006319629016068862
0.0007245453775485688
0.00104403937866121
0.0013238793568869922
0.0007487541303222156
0.0003414960880245288
0.0007425580717468905
0.0005611305761477614
0.0009177951530875972
0.0003223866381457108
0.016086942510910307
0.05447626785749804
0.006181506875386655
0.0024351906281523394
0.0004404688271219537
0.0015545434229854993
0.00021219527028587537
0.0008075230531773281
0.0013033893544154296
0.0006954729781353253
0.000626931030663358
0.0010038190191822283
0.0009679526824388773
0.0009142449905694128
0.0007904855040629655
0.000628279251266739
0.0009426838187781006
0.001198275229156387
0.03507440834760073
0.1010419948647972
0.016185668424469724
0.005061089212223868
0.00010826367357358313
0.0008864174857770024
0.0010144785102399467
0.000871525681839791
0.001052850465219135
0.000602140174414123
0.0007112389513335704
0.0008972274718537232
0.0003726717627325349
0.0010213012686798861
0.0007102723314974524
0.04357799982390115
0.08664074099439223
0.010240591350407169
0.008207160125179025
0.0006808615535132678
3.926195848263925e-05
0.0005816076577532803
0.0003351728992183056
0.0008348043142447636
0.0008533434133128348
0.00029024822753759283
0.0007433927252291639
0.0004124824426757212
0.0005001160821776485
0.0011042387044180035
0.012446344435990409
0.062095865440886966
0.007929706628213296
0.001661773109320419
0.00011779273206524721
0.0005745967322598466
0.0008725919952333183
-0.0001553899018074123
-0.00017671356552051432
0.0010870758182620066
0.00012628385658364216
0.0004975082070035608
0.0006561756013608311
0.0008462705283421301
0.016898448354091322
0.051459833353936946
0.004879158050764665
0.002257565019663621
0.0005347570268855462
0.00046016925345221393
0.00121056351709381
0.00044478652342144764
0.00039060161066639676
0.0016043812953840386
0.0008131202343610311
0.000553353973684223
0.0015755900362906528
0.000876083822196394
0.04021452626491556
0.09218988566923747
0.012843246931798447
0.006253952652733763
0.00013992868014595095
0.002384641737809723
0.0015440043487141009
0.000532194791151297
0.0011832780294535605
0.00018737644176419765
0.0009680358245689469
0.0008785728237120649
0.001084793179613297
0.00019475125625673106
0.00048409390656284357
0.0006588490871665131
0.0007904605944493714
3.924508229691259e-05
0.03757939896316553
0.11022479401742485
0.012122577706998094
0.005506344049476641
0.00042238146685930067
0.0009199141365469066
0.0007927024230410251
0.0008503364336156505
0.0007408530098710342
0.0006786594314913685
-1.876140294077011e-05
0.0001957264929121627
0.0006901198424354993
0.000700535446530981
7.623399057821167e-05
0.0010846091892969256
0.0009393137074311109
0.00048261070495525527
0.0007420438533844442
0.00012931649887154562
0.0008716233679019192
0.001091922368672782
0.038138533752519244
0.09629541695859295
0.013731500677482134
0.006387084434427259
0.0007420830722314475
0.0020870685550829493
0.0015051817709348936
0.0009747137434983344
-5.5816637599681584e-06
0.00021147156730694228
0.0003631503518640167
0.0006260078570132221
0.0005957620426317867
0.0006382527815161909
0.03911719426892385
0.10296147494789282
0.012156691531514663
0.006621803812333682
0.0010829490300400257
0.0012677642164528047
0.0002562168877248139
0.0007828425537032002
0.0008591407119747374
0.0002733349187993839
0.0010934444059964021
0.0013998478903701206
0.001201279893210283
0.0011350933022488685
0.00026725173019742643
0.0008469226487052284
0.00032912209187163644
0.0006923522266008009
0.037039060887773534
0.11033976105579002
0.013359507642580593
0.006636190212285065
0.0008252569022920708
0.00030815445682197407
0.001557971815319359
0.0014757308397961855
0.0008781392579450542
0.0005248293878771793
-3.6478925302452225e-05
0.0007914297624709299
0.00012216336410703077
0.0011374429635029881
0.0009592706380997518
0.0011493319120493561
0.0009427351731962075
0.001296106857932855
0.016201346877931067
0.05375383249336424
0.005965932806705099
0.0029663150964721607
0.0007031867552815818
0.001064483087703294
0.0014208326240043312
0.001430759076735455
0.00040144783451734334
0.0007819299113236977
0.0010607030050525101
0.000730175214565365
0.0002997894734062534
0.0008043773510978958
0.0008153380620501416
0.0009618541959005578
0.0011247320131895777
0.0402644148679312
0.10195020558768086
0.012510560500526346
0.006531628424237768
0.0008555104914066969
0.0019498693952776924
-5.954884507530789e-05
0.001621587447104722
0.0008278750237962207
0.0008675245814611099
0.0006608101256629917
0.0017616334470021977
0.0012838804230147494
0.000764617384816757
-5.0238436622995764e-05
0.0005975086030957644
0.00020746017110911952
0.03282161969264491
0.11599440929790894
0.01628721855671411
0.0043252018880508
0.0011545778522351058
0.0037030918737313012
0.0009175566233625698
0.0009088980113318157
0.0012989087260399934
0.0009073273915165547
0.0005893852953514633
0.0011169144157132105
0.0008594256550594204
0.00013482783837170942
0.0009113980138742983
0.0010301936714283144
0.0012354232286635458
0.00016811420371615204
0.000668120818899054
0.0016615755071643923
0.0012151405368668322
0.0003190475251012015
4.710381304501299e-05
0.00043838072331392475
0.0007591769172203833
0.03575052272819684
0.10013169347389694
0.015294193447497106
0.005763631992127205
0.0010371567134922488
0.003387867939383171
0.001785468455411554
0.0005765287275070752
0.00079485967274745
0.001142248369148946
0.0006638217965810322
0.001092735383483312
0.0008581376071290503
0.0008310689210644928
0.0005474416249590663
0.0003946651666687506
0.0014360486277400497
0.038431427845843025
0.09518958773176917
0.014302347771980639
0.006317106169394071
0.0015850187327071663
0.0024422269803303087
0.0013752200498812206
0.0006660690624757937
0.0006160908895737616
0.0010006817629566456
0.0009158910217130223
0.0007774484566659967
0.0008970347528894917
0.0012327809373370857
0.034515257251807596
0.11539449757858167
0.01646859071135648
0.00415406569541743
0.0011175141916527354
0.00040537711263577414
0.0007356761844996007
0.0003409502281659371
0.0005725072666751818
0.0004273374542076991
0.0010692246451858844
0.0015603539875987393
0.0007163340972617949
0.0008049134338538044
0.0339210837953004
0.10348589728462482
0.016965853543683962
0.005183993544818022
0.0007020423242152241
0.0006849873930817041
0.0006986498314956457
0.0003711449568667424
0.0007863188143136801
0.0007593935499800031
0.0009874351997442576
0.0008897620883729918
0.0008353894288520847
0.0011730954298126428
0.03461375268608996
0.10242463689084202
0.016822028924279808
0.005600853225102842
0.0012378990002891999
0.00038809974585729545
0.0034704538903752025
0.002250403800230505
0.0009994581060376873
0.001048104944022632
0.0003703534409291165
0.00020862453567688233
0.0005102031444994548
0.0012590397542494025
0.0013750406231550216
0.0011117688962929417
0.0014396048225739366
0.0010391645335493527
0.03465666049762062
0.10141727109847543
0.016410561179884764
0.005331045167491277
0.0008606642439629719
0.0015667444016050358
0.0004791167229792337
0.0007002106273615305
0.0005237963727267037
0.00057448710528335
0.0004930826222854789
4.225808002805698e-05
0.0014811527917943934
