0.23914334080972297
0.23914334080972297
0.3221900528622708
0.28819299271956034
0.33458960938225973
0.326353403783493
0.33444097336717515
0.3335970390107871
0.33476073547583923
0.3347155362731671
0.33458960938225973
0.46502627782008854
0.4319153253302465
0.48962983058776255
0.48160829577622727
0.4896408874540354
0.48921505543557603
0.4874236747237069
0.4893749043848559
0.4886939778607825
0.489018962544085
0.48921505543557603
0.6736651291669364
0.6188940303885274
0.7064474568625679
0.6931784854449965
0.7064424265866233
0.7063407227633159
0.7038957979875902
0.7057852581299313
0.706213983417354
0.7063407227633159
0.9560899329700301
0.8602011191105643
0.9949852278634446
0.9717549844584206
0.9953256474042987
0.9942364047248753
0.989047537131854
0.9927529664792052
0.9945931435939748
0.9938113061408673
0.9942364047248753
0.8624958621522177
0.7013685053850961
0.9535040551133545
0.9721885512980508
0.9944165740949327
0.9912332972406052
0.994335990627002
0.9944259993115835
0.994382289718289
0.994404724442202
0.9944122296939234
0.994420324054891
0.9944165740949327
0.8804029300508543
0.6747039159239268
0.9424166877129481
0.9793929794036873
0.9945339666488349
0.9942911338375952
0.9945469464953812
0.994510075551441
0.994541740095525
0.9945449527747536
0.9945438996779374
0.994545225559724
0.9945445767489892
0.9945449527747536
0.8515783046017426
0.7184683027319732
0.9608952784607993
0.9680615718814052
0.9955270995388854
0.9955118259656917
0.9953231945766291
0.9955078527632262
0.9955283034469307
0.9955230426585711
0.9955288076283999
0.995528365573447
0.995529046074985
0.9955288076283999
0.8894035353698089
0.663359967520937
0.9383858994108063
0.9836622283979379
0.9960508944865898
0.9959850637769088
0.9937383974637262
0.9953633254810264
0.9952758666573154
0.9956665652057388
0.9954891101144716
0.9953895896376981
0.9953365644028005
0.9953633254810264
0.8756038247712848
0.6838548104377904
0.9468899432727413
0.9780933872787418
0.9952792029581069
0.9927386427874543
0.9950596439206681
0.9953605942355439
0.9953654705380235
0.9953414398179597
0.9953564608455303
0.9953609215342677
0.9953641769838473
0.9953624390770656
0.9953638668016941
0.9953629915476163
0.9953635341113112
0.9953631986071881
0.9953634054426841
0.9953632771183609
0.9953633560633427
0.995363307022551
0.9953633371682209
0.9953633184326203
0.9953633299459821
0.9953633227890818
0.9953633271866111
0.99536332445284
0.9953633261325198
0.9953633250883006
0.9953633257298775
0.9953633253310197
0.9953633255760794
0.9953633254237291
0.9953633255173334
0.9953633254591409
0.9953633254948946
0.9953633254726668
0.9953633254863237
0.9953633254778333
0.9953633254830498
0.9953633254798069
0.9953633254817995
0.9953633254805606
0.9953633254813217
0.9953633254808487
0.9953633254811391
0.9953633254809584
0.9953633254810696
0.9953633254810005
0.9953633254810264
0.8742953303319314
0.6858297540709279
0.9477199832893788
0.9775753009915479
0.995129659633041
0.9938010421969863
0.9896753561080254
0.9944802294549207
0.9945703163135815
0.9942443312181164
0.994083705808638
0.9943377224382275
0.9941842466491272
0.9942673873390395
0.9942210355158269
0.9942443312181164
0.8746187857309669
0.6830870413550693
0.9458258739842146
0.9769935390646002
0.9942462762239392
0.9932226854194981
0.9893434768567317
0.9937129164779281
0.992080767621893
0.992836139337151
0.9934284343868803
0.9930822808088738
0.9933039728660163
0.993170112464458
0.9932541281187329
0.9931999592584088
0.9932226854194981
0.8409482406860926
0.73184846473077
0.9656427002146404
0.9630139193971083
0.9952792588402577
0.9950593275258405
0.9952419543162946
0.9952619046000184
0.9952368069612636
0.995250351600676
0.9952419543162946
0.8518148020750078
0.7195156472243616
0.9617972588881509
0.9685973519892156
0.9960445824006389
0.9945555817539634
0.9956864153527645
0.9962508024387128
0.9960612951477282
0.995823122808875
0.9961263418989743
0.9961786879706321
0.9961478568113735
0.9961117537535848
0.9960933486158433
0.9961048503067688
0.9961174147882755
0.9961117537535848
0.8758554360232627
0.6849829562319836
0.9478599559744117
0.9786677739608945
0.995956391927368
0.9935372830890663
0.9957986665214057
0.9960900098508325
0.9958852143741058
0.9960928772558065
0.9960891816174271
0.9960343704932205
0.9960716156748911
0.9960829637145164
0.9960868783268586
0.9960883123050375
0.9960891816174271
0.8699799613292825
0.693805480649995
0.9515529792470795
0.9763271154493998
0.9961211584008448
0.9898243949072769
0.9950506309962923
0.9959307247371794
0.9961124295685769
0.996127163605181
0.9961121972934905
0.9961248147730472
0.99611821016345
0.9961227538092361
0.9961201015179075
0.996121796796887
0.9961207648099961
0.9961214064780928
0.9961215856904866
0.9961215856904866
0.8786041222404639
0.6808541039212007
0.9461311736697485
0.9797623277436602
0.9961569392598778
0.988103696527323
0.9942386859920422
0.9956021684194925
0.9959927823086617
0.9960825424544505
0.9961385294397862
0.996108154186824
0.996128559493906
0.9961166714899996
0.9961243226673626
0.996119740172935
0.9961226418053852
0.9961208853671524
0.9961219906490666
0.9961213188621522
0.9961217405982917
0.9961214838690862
0.9961216178214287
0.9961215468124647
0.996121570842489
0.9961215979648395
0.9961215800193606
0.9961215903790799
0.9961215835243535
0.9961215874814001
0.996121584863104
0.9961215863745592
0.9961215853744554
0.9961215859517797
0.9961215855697736
0.9961215857902919
0.9961215856443784
0.9961215857286086
0.9961215856728749
0.996121585705048
0.9961215856837594
0.9961215856960485
0.9961215856879172
0.9961215856926111
0.9961215856895049
0.9961215856912979
0.9961215856901117
0.9961215856907966
0.9961215856903434
0.996121585690605
0.996121585690432
0.9961215856905327
0.9961215856904866
0.8544279904130431
0.7173437489593986
0.96146723950292
0.9701900116523752
0.9969541203928872
0.9955744792966117
0.996541322295249
0.9960181291239983
0.9962985673171942
0.9961916165040803
0.9960827683801248
0.996148689572308
0.9961068608681302
0.9961319901704638
0.9961159762010267
0.9961255673936764
0.9961194452289635
0.9961231076666106
0.9961207684239577
0.9961221671942354
0.996121273568709
0.9961218078285811
0.9961214664773272
0.9961216705431049
0.9961215401560976
0.9961216181018008
0.9961215682980419
0.9961215980705792
0.9961215790471849
0.9961215904192716
0.9961215831529744
0.9961215874967232
0.9961215847212436
0.9961215863804078
0.996121585320269
0.9961215859540131
0.9961215855490759
0.9961215857911447
0.9961215856364726
0.9961215857289345
0.9961215856698552
0.9961215857051726
0.996121585682606
0.9961215856960961
0.9961215856874764
0.9961215856926292
0.9961215856893367
0.996121585691305
0.9961215856900474
0.996121585690799
0.9961215856902805
0.9961215856904866
0.8738679161096015
0.6880025791932827
0.9491355736101887
0.9778870706726892
0.9961140302585166
0.9923770534244954
0.9955617920785229
0.995998270595168
0.9961012818849703
0.9961177402639623
0.996121187853358
0.996120687323037
0.9961217969256175
0.996121325772963
0.9961217156132043
0.9961214985536768
0.9961214371954735
0.9961215336085931
0.996121475793627
0.9961215122019382
0.9961214899588404
0.9961215038045598
0.996121495285146
0.9961215005648376
0.9961214973073107
0.9961214963456704
0.9961214973073107
0.878760041496061
0.6806185929877981
0.946032133299839
0.9798240064671084
0.9961587768118128
0.9955970213950405
0.9961138216679194
0.9961255729001984
0.9961668917385983
0.9961590533044
0.9961672659316343
0.9961650189878013
0.9961663505310672
0.9961670744932563
0.9961667104194404
0.9961669844345394
0.9961668917385983
0.8747417432912002
0.68677497096207
0.948649645188147
0.9782617942479884
0.9960368758297624
0.9925152891818457
0.9952583681152101
0.9958222508070074
0.9961216820842824
0.9959669701469211
0.9960743962209611
0.9960427062393266
0.9960340720688904
0.9960396498183585
0.9960368758297624
0.8735691649920052
0.6882828211053706
0.9491972308722294
0.9777150474469757
0.9960347592236158
0.992045857957182
0.9954043417304634
0.9958769487581536
0.9960031217822739
0.9960268535858169
0.9960338003159908
0.9960357442623817
0.9960351612357194
0.9960344098892718
0.9960349165370177
0.9960346282606692
0.9960348198603366
0.9960347095607218
0.9960347877943976
0.9960347592236158
0.8854089011793932
0.6704085444310711
0.941683530619438
0.9824015389675965
0.9962398879203836
0.996103594534715
0.9962939978093412
0.996200120387906
0.9961453453416723
0.9960784500368767
0.9960622002181724
0.9960834280189418
0.9960780315217674
0.9960720451850504
0.9960757537982456
0.9960771628005451
0.9960776168257809
0.9960776168257809
0.8544811866247893
0.7171748715345337
0.9613671313107043
0.9701831826659273
0.9968832796765489
0.9922426264794273
0.9967488392432265
0.9964582654378368
0.9967597397280896
0.9966544481997222
0.9967152069183424
0.9967363461902231
0.9967488392432265
0.8738727556863806
0.6892590448023492
0.9500792332207748
0.978286883520567
0.9967380013061421
0.9926606903668177
0.9960421497044751
0.9965498296599622
0.9966928341626851
0.9967246458212224
0.9967433483035912
0.9967334685112299
0.9967402198156523
0.9967363528826774
0.9967388743995326
0.9967373837666926
0.9967383385474444
0.9967377671927666
0.9967381603149971
0.9967380013061421
0.885746525121132
0.6713158294355461
0.94253078074234
0.9829813178374986
0.9970018953768557
0.996001972379397
0.9968388022019605
0.9969732602516835
0.9969109618115111
0.9969947269516
0.9969534859153544
0.9969829959524363
0.9969662938734527
0.9969772030783193
0.9969706849375963
0.9969747989759691
0.9969720635805812
0.9969732602516835
0.8539892012258885
0.7197219508074976
0.9630310381363929
0.9705565346726803
0.9979292675576299
0.9978902600316504
0.992799172161225
0.9971752999716353
0.9978173628353537
0.9976393647675064
0.9978858011360254
0.9977591866022344
0.9978472525691698
0.9977965732549476
0.9978293266038502
0.9978084094796468
0.9978173628353537
0.8734966695914064
0.6919795076841858
0.9519305520154788
0.978815790870653
0.9978068768006275
0.9954442873453868
0.9973668445251476
0.9976034983866756
0.9968090266065216
0.9971795457902325
0.9970478617101375
0.9970108373525094
0.9970995965617986
0.9970678321675941
0.9970338209808793
0.9970478617101375
0.8758121106809604
0.686934388198003
0.949300330604754
0.9792444373428828
0.9970480626501654
0.9928870860218948
0.9964755147532588
0.9969204172042148
0.9970229695367622
0.9970219895160862
0.9970236171289228
