0.3127681269159598
0.3137880075306341
0.2570764714562579
0.2700347137484625
0.24934813461792765
0.2498187734879122
0.24532206147077035
0.2474185733037127
0.24851617572241697
0.24654841984829767
0.24756174128031344
0.24581899855364098
0.185435500050655
0.20259455611331245
0.17308042413846253
0.17742495477753856
0.17469258833608003
0.17512944325068103
0.17452076763447089
0.17323220709331666
0.17347673114199225
0.17282710246718025
0.10580929551654411
0.1305735166654578
0.0948022597681753
0.09943622762238297
0.09433009776806173
0.09585733267267044
0.09495547780080216
0.09394312860635301
0.09424635299917672
0.09466115754724563
0.09424266498869649
0.014040811220425109
0.03963913895372262
0.0015928955002530998
0.007577681634929556
0.001393199735602757
0.0024644786435808475
0.0016549772232650195
0.0013256876410275842
0.0016812389420465257
0.0014364299374435285
0.050727038447523465
0.07799966926042773
0.007438509254851899
0.01146560234150723
0.00035257189563114855
0.000497197628875623
0.0015277776894934147
0.0007122713284379301
0.000396925317568686
0.00042218855602904615
0.0005184239920178468
0.0005702320056815702
0.00030167447670709224
0.03597467867780113
0.10807070449402673
0.01348678620563698
0.004813750687782392
0.0005795388633270115
0.002633899302883602
0.0007035550148086767
0.0004663625115097214
0.00048096175397804863
0.0005416782982622381
0.0005576088057595574
0.0005285152928992121
0.00043841945085976164
0.0003226253333522555
0.00045446881254707083
0.0005789259968181915
0.0003585961870293253
0.00045649976812761617
0.0003653986671387499
0.0005390080086341564
0.00027625841266232243
0.0004189241421044265
0.00024392849477555822
0.0004203498219162993
0.0003902081079076303
0.00047260276534305534
0.0005060312198399419
0.0005905364483079767
0.0003646627760385268
0.0005133054372798429
0.0005234500655322272
0.03745223076737414
0.09592932582659269
0.013715771793111453
0.00554272280489454
0.0004924744389748215
0.0013041322697010527
0.0006462256891993645
0.0005461084832357188
0.0003978158787174557
0.0005140658977086932
0.0005444122775226656
0.00029950851534571443
0.0005988023678861198
0.0003139522209650303
0.0006111184034513495
0.0005005931397779606
0.0005366015720320028
0.035621039955542666
0.10840563642938006
0.013526207380786526
0.004724543671836445
0.0004366359670127662
0.000596114325792263
0.000476525876740852
0.0005521596781433713
0.0003862776843554516
0.00031235127761747306
0.0003279844585627467
0.000535386087297085
0.00048520868047868815
0.0004371287854731398
0.0005163392647783427
0.0005092073934527264
0.00046024792094195854
0.0003947784832759038
0.00043981021318673097
0.03657405538292974
0.10789339551325672
0.013772110084931455
0.004739522287405096
0.00045909887078937617
0.0004111368180367836
0.002576729209771589
0.0009322361341453922
0.0005524269404865167
0.0004844377475782813
0.0004446129691421108
0.00035957290178556534
0.0006087793614566461
0.00048717467053305263
0.0003519564208550041
0.0004657512009084708
0.00036739622882525635
0.0003138806456990384
0.0006088865077414352
0.014922652345346732
0.052504050781698286
0.005769072695410382
0.0023694798416064033
0.0004614360282694241
0.0007032397536378965
0.000375572398891022
0.0003867673662452109
0.0003580340768175039
0.0006861193250047304
0.00045479751404353674
0.0004895350720920955
0.00042971626719551237
0.0362340723957954
0.09642484501973059
0.014465108538746718
0.0056779742594917915
0.0006723438478427601
0.0027212241233529055
0.0007946589430259943
0.00046779152460590945
0.0005327160912245721
0.0005001227862215796
0.0005037582154989728
0.0004182976298869323
0.0004662547408571527
0.00048632187052316533
0.0005914097402347496
0.000568340636463216
0.00027804564564254397
0.0005146589704176363
0.00046674022022463735
0.0004137515866858843
0.000528403611391226
0.0005720733184321203
0.042849402921371516
0.08705576143463234
0.010559875391980444
0.0077931976244319245
0.000370861242481868
0.0002489749535833363
0.0003960534729964271
0.00016330479498821715
0.0002883703258147463
0.00021697559837052793
0.00019607767431345513
0.0003448929891033403
0.00030120167147457133
0.000335102718092839
0.00029374055182029846
0.017421758676973265
0.048611733527847256
0.004754554659338939
0.0027563743962204512
0.00028988987634581687
0.00020888294596088652
0.00025304694450356546
0.00023965086372318423
6.55635167880475e-05
0.0002573541470468066
0.0001941444400209158
0.00027194145436404416
0.00032583461096807875
0.015496259000433
0.0543625506815229
0.0055940013530487165
0.001972776898071682
0.0003426015192306564
0.00017068152323512775
0.0011238389610343513
0.00020940196015978296
0.0003060983332661693
0.00022853596306710022
0.000309360943618886
0.00018959160846554468
0.00010885365485635567
0.00029658953358541185
0.0002973935433192576
0.00012016554082783237
0.0002359507799944982
0.0003061001501141192
0.0002880681113791028
0.00022535286581143454
0.03776957424001853
0.09480046046800406
0.012941375724841164
0.005846146159616983
0.0002302140008564324
0.000431982837287348
0.0012221091212777369
0.00041396699718038166
0.0003675357974363691
0.0003591307178612557
0.00015487760455784594
0.00022300982888656673
0.0003307081301735515
0.00028439359970194866
0.000175209685407407
0.00021958598520421813
0.00013386516297608786
0.0004886592682007418
0.0001976699516217928
0.0003028548184653701
0.03548804331556932
0.11304457871330259
0.013902988880951095
0.0048333359154460465
8.496105268396281e-05
0.0007092957342413331
0.0003882314240796214
0.00019096031748705444
0.0002765678554934037
0.0003590806680988101
0.00016556553220764547
0.00037353267024919923
0.0003364356971843341
0.0002080530897715649
0.0003622023121515605
0.00037699966045590116
0.00023390290358504817
0.036028643283641526
0.0980049959068211
0.014473894789244823
0.0053080009313625776
0.0002608177720689886
0.0005330489353141954
0.00024157710455102732
0.0003428725070397376
0.0001253978379249232
0.00024158237729682286
0.00029548921294464403
0.00011448699290828035
9.686787705104338e-05
0.00018867973900138502
0.00022084267159333537
0.00036149421138909066
6.761274891081692e-05
0.00027523591497347066
0.00036180873955721227
0.03614206406059356
0.10841419792067719
0.013891562874217556
0.0046477243149514735
0.00018981816494390014
0.0005140286602677846
0.00031542110363869114
0.00035796782593605636
0.00025451941419074586
0.0003503020020443337
6.763530238057536e-05
0.00012192324109888686
0.00023599365212612078
0.0001959326298298092
0.00024209591472368341
0.03670693377203593
0.10976283838298029
0.012920124800741561
0.00496267661940919
0.00035754329648318706
0.0018580578650622681
0.00047075390521372773
0.0002625957202192497
0.00029546228811427877
0.00023359238477899114
9.199914557889155e-05
0.00043406736900997167
0.0002534285417037374
0.0002255282179686735
0.00037199336856857945
0.0002558212447043018
0.00023482733086693797
0.0002877213182357896
0.000212193631805635
0.015055862598036485
0.05438990832305207
0.0053448673598952
0.0018534578670627022
0.0003483271500027696
0.00096469577360625
0.00031916024155853595
0.00020476345728254186
0.00012079379776958055
0.00033562893013294737
0.0002633474916441947
0.00019244069145096798
0.0002867922580880311
0.0002967028242154557
0.00011399148110102786
0.0002490123502635888
0.00010124286898538504
0.0002535186155539493
0.038113845568924165
0.10560484865185293
0.012586604396708001
0.005195974694039984
0.00022668959839938774
0.0007075913319921079
0.0003610055412724966
0.0003375930576357544
0.00019850110556207667
0.00021332993750394769
0.0001132382205008553
0.0002601127638693912
0.00020425470253210287
0.0003550947257700554
0.00011168614035134139
0.0003169875435165559
0.0003053174451634888
0.00028560902790308873
0.03142357689905545
0.11717899587516012
0.016225148794922428
0.003158792547428013
0.00011327361991148033
-5.498803337111724e-05
1.4509028145814895e-05
-0.00014967095526541296
7.94750769547159e-05
7.31610198834165e-06
0.00014354484012463198
6.062288734015597e-05
0.03551741957753357
0.09814033837337727
0.01429120159354852
0.0049658838449470055
0.0002395876974459199
0.0024075888075300034
0.0002545562514129074
0.00025931348215940675
0.000132919556072697
0.0002620387000160096
4.4552307312595296e-05
9.165599890498255e-05
0.00024351676160533353
0.000146101156426659
2.9635008614359304e-05
5.036606097619245e-05
0.00011198700394149386
5.3058189895482943e-05
1.784827448647608e-05
0.03837230298585381
0.09416987440342478
0.012846555928015646
0.005436352706341463
-3.94566615602443e-06
-5.279968523408396e-05
0.0021358363596863383
0.0005281320621497998
7.841975764372178e-05
0.00015642773447827052
8.345840093115786e-05
3.0188413084719645e-05
0.0001568835340163277
-2.282578708301397e-05
4.438829118003085e-05
5.688863767228103e-05
4.661615527745688e-05
-5.997182600336881e-05
0.03672481547122064
0.10559952628609537
0.012789450693997395
0.00488761386641251
3.4473786207300794e-05
0.0008319177455710092
0.00015369252726676885
0.00010465997578273933
3.29782290927616e-05
4.5085044006965e-05
-7.952108610842501e-05
-2.6050743210270788e-05
0.0001925290951836911
3.384727732996806e-05
7.42965781845295e-05
2.866640393700548e-05
2.2491865317553206e-05
8.889159379565914e-05
-1.4849685340045937e-05
0.00016093656458793237
-2.308206942636115e-05
0.03568613976505586
0.09797608542957514
0.014621700568495322
0.004725059713154678
4.330892345333348e-05
0.00022175591705242415
7.230086201071018e-05
6.900636537748861e-05
0.00010725740260125738
0.000138719519664654
0.00015683068318789184
0.0001299057253942304
2.305542484876133e-05
9.90821445157053e-06
0.0001218916580078
0.00010141272135355539
1.6396225655468388e-05
3.3170003468696585e-05
-9.41192767140997e-05
1.9546140976989257e-05
6.452407745694e-05
-9.588219003098253e-06
0.00016511053683726518
-3.737535103798262e-05
9.068402210038462e-05
0.00015013644675648807
0.00014849430948227216
9.070068542260667e-05
8.985250719401039e-05
-1.6289268483515862e-05
0.03587264194361489
0.09855309242948729
0.014603601479478645
0.00492680110483118
-0.00010178600569288321
0.0002764340997159498
0.00018084182382888114
7.80861728081339e-05
6.927223637459567e-05
-0.0001515300378159834
1.1554678806535712e-06
-4.625597163299133e-06
0.00011878195230091704
6.929691415685779e-05
-5.613182160857377e-06
0.000261479319074831
-0.0001355208267213026
0.03742453201636131
0.09442979484107561
0.013098602724544495
0.005874751418944835
-3.707239183470268e-05
0.00021122263922890294
9.077770168147703e-05
0.00013330934584249166
0.00022354520744283235
0.00020266750372455178
-0.00016460541218532576
9.945508919034785e-05
5.375025247000842e-05
-4.435262762358949e-05
6.57840148372002e-05
9.175966816604708e-05
0.00015334062341559873
0.00014842175449414352
4.919714940804232e-05
-6.67634301025899e-05
8.530470235235121e-05
