0.31375288996310163
0.3140215894259003
0.25775543499661374
0.27443588776018246
0.2511650864982899
0.2526269725452299
0.25117903710167433
0.2511539552651678
0.25205685244338316
0.2523085233764627
0.18931196160665786
0.20562530044248717
0.1791070379910898
0.18090638394311154
0.17972455591834258
0.17894636819210025
0.17917554368040461
0.1819946434451653
0.18169371689283126
0.17587733021134677
0.17742072346074683
0.1795007097630822
0.18066727443419944
0.10662555793386247
0.12735069130574633
0.09540699991595597
0.09835246250027013
0.09531524895233945
0.09422380179092843
0.09580537232703662
0.0956347578229863
0.09519071721162536
0.09379129180271611
0.014082135192701795
0.040371380472299045
0.001458928796539194
0.007378129244887954
0.0014851900671596363
0.0015000012231014548
0.0015553419088417675
0.043536104263135644
0.08848557044546057
0.012036280118739695
0.008471219255096585
0.0011356036087794563
0.0014715982528478166
0.0012455506628775703
0.0013856941781658638
0.0011533681399081286
0.0014076296303794367
0.001268290377821002
0.0012853284662679987
0.0010409871541089966
0.033287928953443624
0.1167476029109965
0.016838376214472373
0.004082979910751794
0.0008894812408148378
0.0011462670025794153
0.0015849426118932919
0.001014905812873279
0.0010205491602178762
0.001420804043287982
0.0011407647434177326
0.0011006769880432254
0.0010663283571883952
0.0011858360089798126
0.001324044852498374
0.04458946897306326
0.08486636487858851
0.010673308034383544
0.00891392455041451
0.0007554550179389441
0.00086494178767893
0.0009411297445024447
0.0008140757902469486
0.0008047262911798359
0.0008285283174028213
0.0008686686593198378
0.0008656308836336168
0.0007794735581414525
0.0008891730118517627
0.0007974622374222196
0.0333720587088045
0.11488741787875717
0.01643062292271036
0.004093971056746359
0.0006910329209402488
0.0006885486763038573
0.000798500621348619
0.0006776834067866999
0.0007318153148559992
0.0008442613424807788
0.000560804874461529
0.03808223053373477
0.10523406098449922
0.01324788630577639
0.005379099815932431
0.000661472933376539
0.0025403598363445967
0.0012000473447764115
0.0009153981134742417
0.0008542693255720879
0.0005811243836085778
0.0006267430843787669
0.0006619875019264199
0.0007255762588196935
0.0008743431727843975
0.0006246798538689369
0.0005609206836186265
0.0008220878283534683
0.0007858107162322936
0.0006860206444875838
0.0007934205781289227
0.000763362258729583
0.0007643996800197339
0.0006255983638249196
0.0006661449438156719
0.0006957747921507718
0.0006777776283531933
0.0006859560853779145
0.0005636017083150979
0.0007646619730671267
0.0008368968739668747
0.0007652192375973144
0.0007447779522750664
0.0006522276044272357
0.000619450528866694
0.0007299451170846294
0.0007455296748841156
0.0007122496118653898
0.0007678618744027532
0.0007681494019833313
0.000901040540695397
0.0007726776291753223
0.0006872883226869964
0.0007352295150560573
0.0006583643294846286
0.0008816193550114093
0.0007284381566409204
0.0008459008602026974
0.0007550201980136007
0.0006751217827607459
0.0007512747758333105
0.0007877282266347541
0.0007740449669773053
0.016731178052849738
0.052959200277325535
0.006053316748242665
0.0028181433935560163
0.0005760663483825312
0.001448510616568588
0.001119040521818937
0.0009531281458234342
0.0006427721459784097
0.000882986876252323
0.0007188426503126344
0.0007335242381755758
0.0005076288212621516
0.0006536973120137568
0.0008340116034293299
0.0005206846558684086
0.0008473208568232082
0.0009255805074065981
0.0008796932176841077
0.0006072670780893907
0.0007158322599751799
0.03795395323727635
0.09679219309966192
0.014515795441461532
0.005631624610348107
0.0008509839278956766
0.002752687385083996
0.0010079321866622304
0.0007224973789758393
0.0005748184682146662
0.0006232343140445962
0.0007478519247293702
0.0008203909972305801
0.0007479929189008194
0.0005560907672590987
0.0007378559817241004
0.0008610747168765753
0.000704171554195554
0.028283871471721456
0.11175671785450242
0.020483241320947365
0.002514064892604917
0.0001580175147506968
0.00018446389813736586
0.0006877920790061554
0.00017973364206408382
0.0002874932791163687
6.084886306517712e-05
0.00024575378286734173
0.0002642672654767919
0.00014230032264667125
0.0002550480897360874
0.015421327722908607
0.05343854439940837
0.005736578605651965
0.002156080422547779
0.0001373095884559805
0.0003305079529042909
-1.1476208860994319e-05
0.00017515557168645834
0.0002677307159208442
0.0002636743095322247
0.00032827585406880466
0.00010431846989278348
0.0001439466641741105
0.0001700142797641524
0.0002060050924729273
0.00023742618015154537
0.0002492127198460148
0.016738528674574815
0.05292263674069064
0.0049965039545222245
0.002772856910895627
9.423793514778955e-05
0.000986231443691865
0.0001998780625938057
0.0001283755557133781
3.0776642734209325e-05
0.00013150992475458034
-6.662265931711708e-06
0.00035258203389765264
0.00015283627570161773
0.0003902620116421618
0.036783959486939966
0.0959100332246739
0.013581590290622503
0.005329821670069068
0.00013130314809856047
0.0012096466921220905
0.0002858166500006032
0.0002587791418282581
0.0002521009419726439
0.0003426661845763457
9.147309591450714e-05
0.00020238959165047588
0.00017760221268731113
0.0002507137496394196
0.0003004568776534544
0.0001832435653423281
0.0001310673868544776
0.00015179115252778042
0.00016387970004494434
0.00017067767322348493
0.03636813261660721
0.10899759404022985
0.012598023745376996
0.005247059841737289
0.00021171861921426283
0.0001364682181690946
0.001399581462903754
0.00020167872182880187
0.0005853517784754625
0.0003363699628413097
0.00018906629739134928
0.00032114967158192176
0.00014189647526346993
0.0002546258286625358
0.0001639778295644545
0.00037363242066212887
0.00024844098652992974
0.00035534164772443866
0.0003278858771254556
0.03694765353110874
0.09704016627013934
0.01406148110319183
0.005450076107552437
0.00038594910480743705
0.002397513973036669
0.0005466391280762317
0.00035041154831760846
0.00034630247618350207
0.0002640909602996677
0.00024313998396979786
0.000246504215726695
0.0005006376935204337
0.00037399106138302773
0.0004060217930131338
0.00031265567502630764
0.0002498770816045659
0.0003822445701927579
0.0004204939526894491
0.00035514045713735953
0.03803125963414866
0.10307672412532226
0.012358278929188005
0.005109129007450364
0.00030872545987153943
0.0019172658418795119
0.0004773383031215217
0.00031514523294828845
0.0004004574806262262
0.0001805904074835829
0.00019950097860343963
0.0001618460534131283
0.00028304164683196076
0.00033259199082213975
0.0002257245260430807
0.000173248325795905
0.0003525458845171081
0.0002653524763377435
0.04050497530463931
0.10148243338251606
0.010554659302416336
0.0065345530173132604
-3.4788813360053794e-06
0.0002992539733006616
0.0001690420130702197
0.0001615611742686318
0.00010942690182963455
0.00016785073260222605
0.0001717211594494672
0.0004337071768604761
9.620067373977692e-05
0.014998703943613412
0.05394192937561376
0.0056671544504764415
0.0017689485764578738
0.0002969076579972807
0.0009100245827101672
0.00029773969865776184
0.00019648898596680286
0.0001067074049104777
0.00015548325940151209
0.00028281475270452994
0.00022401189717363712
0.00027105112167546963
0.0001074370887690912
0.00017204813565896426
0.0002648083016837388
0.00012277149002803966
0.0001593745742105579
2.1998407817136467e-05
0.00022131758088617115
0.00036441030741241054
0.00022997266671204164
0.0002708144635409915
0.0002257233035045103
0.0003491836031780937
0.0002687421935094192
8.759666821112067e-05
0.0001981947726653055
0.00020354080020434928
0.00018403617240719816
0.03759066955956586
0.10604985369030245
0.013182945719480699
0.004674160525880877
-9.974460188355572e-06
0.0005545550938814148
0.00030214483026635985
0.00010897622890410075
0.00011018128000328531
0.00029720994206244855
0.0001598281815456959
9.780922974444994e-05
0.000328406101448131
0.0001983434959867414
0.00016391563712847557
0.00021052405057009338
0.00010929434756945522
0.03307807409942981
0.11403490019378187
0.014531083549826629
0.0036875060110109215
6.503906981436547e-05
0.00014345604219584418
0.0005857010496936321
-5.562309086704076e-05
0.00024342026767076863
-1.793412943018602e-05
0.00029935889169308005
4.3124190440391175e-05
0.00018400346900959708
0.0001442312741337104
0.0001553475259060133
0.00018853462075074656
0.00023422155387514687
0.03574652389210298
0.09762549932248654
0.014139943102761454
0.005372013813462029
6.127333188910011e-05
0.00076541381515427
0.00016240623655322528
7.693031232852698e-05
0.00011688749268490284
0.0001364622784183478
0.00025547669473524603
0.00020035168851095797
9.759676095222325e-05
6.178028287673332e-05
9.388477745952972e-05
0.00024255576577225657
0.00023256311321939727
-0.00010047235582821834
0.00020155793730214366
0.00013497350457236656
0.03728489258455836
0.09590944363397197
0.013374138401169633
0.005540356768854393
0.00013216721300740586
7.419164437677539e-05
0.0020612036486095664
0.00028588949754215776
0.0002398432654273086
2.9625121798604326e-05
0.00020133097400887312
0.00014583591166517085
9.91410765402434e-05
0.00021375762360276163
0.0001177840660506746
-8.408534879522644e-05
0.00013753095690827166
0.0002363033025623018
0.0001988163198610171
0.0001914023926485875
0.040515314304222894
0.09816217403840882
0.010779224198207371
0.006182060030711478
0.0001553112024160197
7.846962913676814e-05
1.0783768041644493e-05
9.474740896314726e-05
7.632950898284196e-05
-7.45392982237636e-05
0.00020494576351232086
2.4816346007705548e-05
0.00022183759949745419
9.634345598807936e-06
4.1184274447436664e-05
0.00010264633246676036
0.0002532531847698749
0.038038121966271876
0.09274766849710148
0.013227729835699364
0.005677267202821079
-3.8374410812669346e-05
0.0019438630401406587
0.0001778212120987499
0.0001778870998294102
0.00012070216516713028
-5.7318143680595846e-05
6.994108390945275e-06
0.00015104223311485088
0.00010401255033781753
0.00021016787916339208
0.00011761382091590722
0.00013702322182068682
5.656869260350916e-05
-5.2305232182026096e-05
0.03553867875973149
0.09851678895346422
0.014654353445122725
0.005017460413151098
0.00013680157601436704
0.002339959641866618
0.00023538205227247033
0.000252126509092121
3.619007086752557e-05
3.6546796596925724e-05
0.00011462856481292416
3.453602152592161e-05
1.7604545352878365e-05
-9.388328653714417e-06
7.768914306188757e-05
0.00012910797965420828
-9.11509763557028e-06
-2.8903877849817405e-05
7.354722813907033e-05
6.288038451418565e-05
5.622786976688943e-05
0.00021404978254185858
0.00015609776403313624
0.00016115510830677637
-0.00013546127065766633
8.79327123943785e-05
7.368577112965013e-05
0.00015603687261850352
7.248748121274629e-05
0.00026713875232020623
0.00013260799344760876
0.00029980637182330794
5.572141582532719e-06
1.0867177315021515e-05
0.0001427837628900086
0.00012852089431997227
0.037281548546372
0.09596927895867163
0.01339918953718372
0.005502642957508075
5.13359702959959e-05
0.0019905605154947326
0.0004978908720038588
4.573471134167173e-05
0.00021603993681640343
0.0001465781813460021
0.00019282441839035824
7.194979538577284e-05
6.328066011085376e-06
0.0002737898669344374
0.0001925751385837282
5.592728056280638e-05
-2.5937034885958887e-05
-1.2519172582603488e-05
