-0.004167578474054706
-0.0005626682722632948
-0.02136196095668454
0.016402708084049887
-0.017934355851948632
-0.00841747365656204
0.005028814171580428
-0.012452880866072316
-0.010579522188623389
-0.009090076149268494
0.005514540445464244
0.022922080128149575
0.0004153939299840346
-0.011179254451135169
0.005390583205807888
-0.00596159699806467
-0.00019130496521151477
0.01175001219500291
-0.007478709492938625
9.025250973325124e-05
-0.00878107893240342
-0.0015643417038462366
0.0025657045200129566
-0.009887790487696217
-0.0033882196602919635
-0.002361840308526013
-0.006376550124843013
-0.011876122863852843
