0.4420164864180147
0.4420164864180147
0.5202223244709905
0.4965382586948683
0.531273606258251
0.5265028596142726
0.5310318926900195
0.5307365431220885
0.5311790915361723
0.5312280676525336
0.5311790915361723
0.6240794060939794
0.583435970982485
0.6344395099349802
0.625833047214747
0.6347072492295194
0.6341535745554098
0.6339799385174096
0.6319287631936473
0.6333470193006566
0.6337599756376555
0.6339799385174096
0.7729928945673387
0.7405819137157352
0.7951816100312713
0.7885554797947141
0.7951170377300443
0.7948292821317475
0.7950260389985173
0.7951170377300443
0.9734759432675006
0.9147550010866138
0.9971481138339852
0.9842314723103223
0.9972890707836504
0.997026968563723
0.9972320593456572
0.9971481138339852
0.9016556456867957
0.8176215917686154
0.980604381614634
0.9797595033169756
0.9982313109766635
0.998239566867369
0.9958206059492964
0.9979333775582009
0.9982130171649247
0.9981408204814719
0.9982232525327899
0.9981903673230983
0.9982051091377134
0.9982171759448899
0.9982130171649247
0.9653134516793196
0.8749095657505901
0.9827597108063484
0.9949151398258893
0.9983378458963743
0.9983003654957199
0.9983370387805548
0.9983351676432233
0.9983379620806458
0.9983372269751256
0.9983379522182175
0.9983376684307002
0.9983378458963743
0.9209349764344501
0.7860924167832717
0.9718161053357313
0.9870984249734592
0.9983523796298388
0.9945440421311945
0.9981500430446979
0.9983426350270457
0.9983523464713959
0.9983523911203475
0.9983523649709577
0.9983523796298388
0.9648940384432969
0.8777668717952612
0.9834161473730243
0.9948446259112258
0.9984422305724967
0.9984373526598417
0.998430853599357
0.9984425132965858
0.9984396645839393
0.9984423459081675
0.998442676701061
0.9984425111867472
0.9984423459081675
0.9600850111174675
0.8871722438535736
0.9857730138198394
0.9934736050002246
0.9984420399271379
0.9978558430316492
0.9983525177000235
0.9984223122446081
0.998438626768297
0.9984414987088445
0.9984425173554323
0.9984421059398787
0.9984420241521874
0.9984421971909003
0.9984421298058077
0.998442103018182
0.9984421151400142
0.9984421094662967
0.9984421059398787
0.9883869116737732
0.9615561301309858
0.9947582827244441
0.9972161266718333
0.9984433273299445
0.9983622772233604
0.9984317377859598
0.998430437221665
0.9984401947026069
0.9984355987119675
0.9984333045733731
0.998432349676592
0.9984312491810008
0.9984320430295885
0.9984317377859598
0.9252063974816946
0.7773254798420259
0.9694295667203077
0.9886194256869438
0.9984408080866808
0.9940482424728888
0.9978583573559271
0.9982966152256367
0.9983899792478103
0.9984196718975621
0.9984227858496493
0.9984195269936313
0.998420889641335
0.9984201411661497
0.9984198517450417
0.9984196718975621
0.900608284173881
0.8225413988377299
0.9829045297008933
0.9803339835514243
0.9997285713709803
0.9997283519112926
0.999603755340229
0.9992992803301453
0.9996917087198006
0.9995089872561099
0.9996434936693137
0.999664256407741
0.9996292113670548
0.9996517666673463
0.9996566680818377
0.9996517666673463
0.9884183335465236
0.965855416935983
0.9965195426648659
0.9980954682438322
0.9996600007862532
0.9996608272410148
0.9991926322269868
0.9995818684337403
0.9996450964401844
0.999656920564878
0.9996550643182038
0.9996590853635575
0.9996578155481933
0.9996562448353238
0.9996572723546664
0.9996575087109152
0.9996572723546664
0.9892613404545338
0.9635160504567193
0.9961527189984571
0.9983221521266027
0.9996572575635548
0.9994964020672206
0.9996317239577597
0.9996492338662809
0.999593795522679
0.9996192368346523
0.9996395650943364
0.9996272458189486
0.999634887312701
0.9996300559772427
0.999628998833667
0.9996306992913843
0.9996295447470591
0.9996300559772427
0.9185536918789043
0.7936282365371741
0.9747515353955573
0.9872946585695778
0.9997044115360594
0.9995166963170525
0.9996763557418895
0.999699950225263
0.9996823982668188
0.9996895825134944
0.9996870611728333
0.9996861577975864
0.9996874400590308
0.9996866785015596
0.9996870611728333
0.962732348280182
0.8820034516755075
0.9868224747518726
0.9947750015737878
0.9996854732096097
0.9979130191101618
0.9994915412703379
0.999660528793293
0.9996854261491223
0.9996873959465186
0.9996866057508972
0.9996873110448029
0.9996869092659867
0.99968717441497
0.999687006366461
0.9996871070243991
0.9996870407079985
0.9996870790654582
0.9996870898895445
0.9996870722863628
0.9996870832210057
0.9996870764841392
0.9996870806558167
0.999687078080659
0.9996870796733706
0.9996870786894699
0.9996870792977257
0.9996870788888481
0.9996870790654582
0.9288171768481531
0.7747432024634042
0.9691198424964426
0.9908243699591212
0.9997485709604859
0.9996713633108207
0.9997442193121153
0.9997407054489591
0.9997261895901028
0.9997459889142071
0.999736031482076
0.9997430560759423
0.9997390471683298
0.9997416518234148
0.999740090573364
0.9997410740100748
0.9997404194410339
0.9997407054489591
0.962084592879409
0.8877358656995651
0.9867703260908169
0.9949985133946926
0.9997415291135364
0.9978376577423342
0.9996167754118985
0.9997221872951935
0.9997324873032691
0.9996926569904427
0.9997124746593604
0.9997265655140395
0.9997187060759587
0.9997239243883076
0.9997208909552339
0.9997200691504462
0.9997195533703238
0.9997204022200037
0.9997200691504462
0.9629941441232348
0.8824315588078357
0.9868604704862617
0.9948633466936095
0.9997172952621542
0.9988315752512179
0.9995956513303745
0.9996981407723018
0.9996778724565456
0.9997093828985011
0.9996911722943151
0.9997029032480778
0.9996955918646182
0.9997000282145526
0.9996971836348875
0.9996988716817992
0.9996976652142813
0.9996981407723018
0.9888233390615349
0.9640493860003008
0.9963568955159229
0.9982294235430853
0.9997018770657107
0.9996912053474617
0.9997002133250611
0.9996958989878313
0.9996942617735363
0.9996962894225935
0.9996958740277535
0.9996960496255044
0.9996959238975646
0.9996958989878313
0.96351620468629
0.8843408306770606
0.9860171761253542
0.9953798898010378
0.9997094970201786
0.9993012372586259
0.9996760878633562
0.9995950727254792
0.9996506277557785
0.9996839502715517
0.999685339373937
0.9996831595588563
0.9996844850286264
0.9996846385893776
0.9996849073392449
0.9996847659044127
0.9996846385893776
0.9653648329016067
0.8812251589970124
0.9851860072154098
0.9959246045544117
0.9997436706700343
0.9997416270884637
0.9997408868231377
0.9997446798462453
0.9997443075321086
0.9997445457783996
0.9997441504955074
0.999744043270384
0.9997441504955074
0.9259397166277372
0.7806564706263712
0.9709577404613399
0.989841543670446
0.9997491238787154
0.9997432679496864
0.9981753297390118
0.9994639622789283
0.9996831302319099
0.9997133905366389
0.9996171999663535
0.9996605411145414
0.9996957185584843
0.9997028620359851
0.9996910605144206
0.9996985045191349
0.9996941706360645
0.9996957185584843
0.9211007756125078
0.7890639084961099
0.9735758909698959
0.9881391725630458
0.9997212073288809
0.9985756474789259
0.9995687232544904
0.9996616773626215
0.9996775901652997
0.9997076978992719
0.999685485289347
0.9996717991666384
0.9996806970057723
0.9996754200943421
0.9996791473875606
0.9996791473875606
0.961797371890263
0.8880481635070916
0.9868301830725693
0.9948595741098648
0.9996774340502741
0.9991907282750666
0.9996140699688633
0.9996692338502098
0.9996780515317567
0.9996794370262896
0.9996791783895551
0.999678851333099
0.9996793166495999
0.9996790685440315
0.999679236959145
0.999679138632185
0.9996792016013905
0.9996791635245447
0.9996791894235314
0.9996791783895551
0.9170108236105172
0.7967549158438134
0.9758234598822246
0.986749673195028
0.9998108495226101
0.9994931916799734
0.9998072619237943
0.9998001142335458
0.9997681275059536
0.9998118288511755
0.9997899687918009
0.9998055450279064
0.9998083104693667
0.9998036101603929
0.9998066546200604
0.9998048263285633
0.9998042707052298
0.9998048263285633
0.9280753831306487
0.7757550469338548
0.9695895853807275
0.9906658148904954
0.9998472401171605
0.9993373341820871
0.999803745094983
0.9998331784509682
0.9998173628045481
0.9998098638858692
0.9998067868407822
0.9998055804790551
0.9998044148911128
0.9998051151618881
0.9998046694006111
0.9998049367659222
0.9998047664205639
0.9998048516246245
0.9998048388640411
0.9998048034505798
0.9998048175906569
0.9998048311169014
0.9998048340761265
0.9998048292879498
0.9998048322472366
0.9998048304183085
0.9998048315486529
0.9998048308500636
0.9998048312818161
0.9998048310149784
0.9998048311798933
0.999804831068984
0.9998048311169014
0.9250954658047652
0.7812504442142182
0.9711903408520349
0.9896756537776723
0.9998083695985609
0.995557893502697
0.9992744395940262
0.9996881585741801
0.9997809687148513
0.9997874238014215
0.9997806190187808
0.9997835355811346
0.9997850594201273
0.9997832276785409
0.9997838416035163
