0.30637182866018775
0.3115368574227527
0.2583527204167731
0.26983250295349903
0.24824726411430847
0.25062526004943203
0.24354263128298703
0.24604368003935717
0.24564811411202125
0.24591311737343002
0.24486948657014757
0.2491142443101309
0.1845754893439967
0.205952357917139
0.1752813118376949
0.17850859164426208
0.1750870202002449
0.17400590957591772
0.1766800735852282
0.17703619402187515
0.1751034961834454
0.17606909514670077
0.17546209810727675
0.17587340390221262
0.10288960315443474
0.12358337261037805
0.09126465826071206
0.09417292438105729
0.08925415825122668
0.09193354599339715
0.09159476995146065
0.0902873091496374
0.09116591872851737
0.09067207094349622
0.012650578723336525
0.04301687178842639
0.0018261076043055713
0.008556881854024367
0.0013985211273010445
0.0020743440039502348
0.0018706582890163914
0.0018059491996484933
0.0017209385542467648
0.044776089102676386
0.08604057282059685
0.011276966949430423
0.009479464970429341
0.0013993749960072854
0.0013476549393252601
0.002618805213411124
0.0016809764572067731
0.0013688419437277166
0.0016052933452189722
0.0012720907817828642
0.0013510290357119925
0.0014062105124855728
0.0012741972352345865
0.0014175470022843584
0.03334155640791231
0.11717794604332699
0.017267991339382505
0.0045310432740488515
0.0013248734231106618
0.0012984215977341895
0.0013791092152116158
0.0013101259555348133
0.001209406657530443
0.0011010266589780993
0.0011436696643654654
0.001179213510020538
0.0010687533883559919
0.0011832735950267348
0.04320547059103663
0.08913794231671313
0.01215014013876431
0.008166661323144087
0.0011799308296144284
0.0009871077971005393
0.0012910728590477816
0.0010587495604791886
0.0009948161985704473
0.000985861889726991
0.0011697161379931598
0.0009587565920174401
0.0009382417926382947
0.03482180251232436
0.11143362812571539
0.01572110528334697
0.00477266101678353
0.001031475768020762
0.0010472340108133027
0.0009145492160013702
0.0010461600918170721
0.0011502519600552485
0.0009980784768526818
0.0010605777994002197
0.0010294904701541041
0.0012189724689919967
0.0009960992392053503
0.000911445439578662
0.0011952408473636655
0.0011798618072338951
0.036971301315255944
0.10957381076220746
0.014479226560308311
0.005261965601930985
0.0010863027846884643
0.0010706746865247196
0.0018451940087066965
0.001042763689648285
0.0011423066513105984
0.0010983196703638898
0.0009936358406977819
0.000929956448933289
0.0010298881197626786
0.0010664450183830443
0.016412968379935777
0.05554065875098774
0.007007951042691862
0.003093410106387251
0.0009329798293483127
0.001120811486817419
0.0010643245338434193
0.0010413018184363132
0.0010999773670608004
0.0009594805344362856
0.0013198743564243332
0.001131616431980953
0.0010920428081957478
0.0009303248554526911
0.0009384246897754522
0.0011579849559292255
0.0010236787232002498
0.03859940804446971
0.096583460124403
0.014171490773404516
0.006706157092453091
0.0010918505128137412
0.0010264766261577352
0.0009663244764759882
0.0010433460696156471
0.0009897429330643082
0.001131521618056519
0.0008915971088078734
0.0009930217142692932
0.001028960571925086
0.0009841149044056974
0.049445142005693166
0.07787139995339315
0.0076323233664034595
0.010745119002606551
5.070734635842511e-05
0.00022520950297183484
0.0012331733828519487
0.00039048220454596105
8.896200215119388e-05
7.641172348571423e-05
3.983130458690143e-05
0.00029013711728542724
0.00014617573405711903
0.0001945462003843379
0.015873560514425455
0.05264503252765851
0.005003129152792163
0.0023445497447017183
0.00030071682556459534
0.00014377409403415475
0.0006746437092698399
9.017673137906579e-05
0.00021464655915309772
0.00033474260873417316
0.0002362293460027587
0.00015130148886272066
0.015521535455773061
0.0524124263124221
0.005242593242816007
0.0023484825703808387
0.00027234476553317233
0.00041498203768564057
0.00027726309155773343
0.00028573611950738487
0.00015003486016096357
0.00033326655472237787
0.00022263233436803365
0.00016178375104586307
0.00023239502849786708
3.2537125086884444e-05
0.00023999794586215817
0.00019153203318988954
0.0003375072105082366
0.00033621821216756054
0.00018734246814977595
0.036943528149855354
0.09705955511935238
0.014220470178736178
0.005092257997010241
0.00018459272744880684
0.00033249634951248996
0.000931196773217069
0.00038443544898575377
0.00022791044412967532
0.00014118723587924764
0.0001762064693984211
0.00013034517663113032
0.00024720130604599655
0.00012512108645923448
0.0005507496757620745
0.00018055428288960007
0.0002428395953184559
0.0003330182571882889
4.1415143963663414e-05
0.0003017562160206322
0.036860154369041276
0.10912122437857219
0.012521111179900124
0.005397327359502102
0.00022492417256742003
0.0017742378454225216
0.0003051371288101401
0.00015439411890721955
0.00025910371608428573
0.00017671119659617984
0.00030683046895763066
0.00010653482213429655
0.03821665003700281
0.09544183691047453
0.013330061372918423
0.0057937876168266955
0.00019988460763942228
0.0005480103527874536
0.00032450121747257255
0.0001924241878491495
0.0001235516154197147
0.00026858693669956635
0.00025018906981433275
0.00030594524438987136
0.00013986107489316613
0.00024105141453534262
0.00015980987397762325
0.0001248168185742915
0.00035203149518420185
0.00023678511959634996
0.00020953804269319143
0.0001940210607160875
0.0002579282690611806
4.604118826095904e-05
0.0001919497466925102
0.00014299827323571712
0.0002459571498767965
0.00011865345191031107
0.00036239064220972006
0.00012898578199305177
0.00023090264180558595
0.00026134186876486387
0.00019668880437112568
-1.3057990381204476e-06
0.0002642139866357307
0.03949637381046517
0.10164920096822533
0.011688713886732593
0.005405837580347628
0.00014791727252733144
0.0007604598152739506
0.00018847928881926546
0.00035551116330184707
0.0002200979139188597
0.00027707646489771864
0.0002027648716278474
0.0002498283278118407
0.00022873397926975736
0.00012760626764296568
0.0003204970739282831
0.00025711260155980575
0.0001848814743185545
0.00024808924169367197
7.624875516692997e-05
0.03463042237864916
0.11390118365531593
0.014091127991616215
0.0044059789537772565
0.0001407054594474988
0.00012106993551019851
0.00038610701846425455
0.0001568502513581982
0.00028424672842775056
0.00017266614532768232
3.1426522464739204e-05
0.00014300554122714804
0.00020809797367948857
0.0001974386108976045
0.0003462161165246336
0.0002359552506277507
0.0003582157518457474
0.0002514130150628735
0.00010698948476989267
0.0003396832430018759
0.0003836488350351108
0.00019118572110549126
0.015548246782489339
0.05387276443601463
0.0057091553651516525
0.0018411217147333847
0.00011606905765515485
0.00019313686320743262
0.000372251517975819
1.3140457985671983e-05
0.00019992882090386077
0.00017229004834851125
0.00017231075913060057
0.00015102014993384483
0.00026508437165090326
0.00015973380758327327
0.037572680893434074
0.10325863749669562
0.0122982766319788
0.004925308549234064
0.00015941494618432195
0.0001351851590508657
8.238754931633174e-05
0.00020794099975346425
0.0002170132802458702
0.00034907175113663147
0.00017211987437465437
0.0001626466727396303
0.0002457691766025727
0.0001294960881951801
0.00016447913605094344
0.00016673977993875155
0.0002830209724361543
0.00012064180878235131
0.03546031618221296
0.11078565578114596
0.014397139683158089
0.004374392731312349
5.331250727097503e-05
5.870174243172155e-05
0.0002217042145846726
0.0002560274123648565
0.0003651745279166785
0.0003910745273306704
0.000110900922170587
0.00017646298077456102
0.03780900924772973
0.09449831666019098
0.012920652058730164
0.006016928618512607
0.00015251244254094187
0.0003011955339904948
0.00014605223321578764
0.00014903231934887406
0.00025060075144406335
0.00015686787619129117
-1.173700727696847e-05
0.00023304789015710092
0.00023585278578880375
4.513900682234784e-06
7.774587069475647e-05
6.753077575022415e-05
0.036891860977374236
0.09501580813170346
0.01347461246054038
0.005527337216988337
9.329204186292461e-05
0.0001671352069000931
0.0002838220199258834
0.00018945457194724513
0.00025548529575619705
0.00030652351279597534
0.00023778928368872743
8.055696019815262e-05
9.120885341851181e-05
0.00017015176900619933
0.00018505186623968273
7.118874685774212e-05
0.00014408675400956472
-2.0914358203838468e-05
0.0002805529744075441
0.00016771091985240405
8.381005330621027e-05
0.00019869276599299157
0.00011033499652501888
0.00014373823245056316
0.00014663088946675895
0.0001270608044048882
0.0002470116545151835
8.21997716611289e-05
0.03702693055836892
0.10590392055174935
0.012781407569394831
0.005174020657192302
0.00027905036450498466
0.0005402512131507109
0.00023490405136350478
0.0002393776107201817
0.00025575925132376165
0.00027913333782741967
0.00012193423817252746
0.0002811964293382152
0.0001521151143611399
0.00016778932709726746
4.162231276688688e-05
4.6869297892770945e-05
-8.886805201724357e-07
0.00029660112790363957
0.00011331669816455614
0.00014193890670866072
7.92901415645475e-05
0.00011342619999338277
5.5182471906722874e-05
0.00011926871713030529
0.036049430947946715
0.09566200053526963
0.014066227430217182
0.005278836469776782
9.418604167060751e-05
0.00026768830873930005
0.0001357683857654557
0.0002070307656022452
0.00020604369955973256
0.0001926759046576576
0.00010579148714295883
0.00021486389421360164
1.30027845856584e-05
0.0003226580486861974
0.00018296749354523856
0.0001456955765202217
0.03736137723003835
0.09625279917346108
0.013372994356440737
0.005712477053114395
0.00010635996320834673
0.0003174534587064848
0.00023015428774353364
0.00011144950734792713
2.968507444695012e-05
-5.3577820691042e-05
0.00014961349175485195
9.389853937247228e-05
0.0002414242688260071
0.00013794895179131128
0.0002220345228255982
0.00022602831868367979
0.00025229154524236685
0.0002080539926038183
0.00030027305919477776
0.0002745327861468083
0.03963500973884532
0.09247989197088313
0.012548276304393424
0.006293333261678968
9.319129489127054e-05
0.0006536721280744895
0.0003424750366325391
8.42627273128782e-05
0.00011468240390322126
0.00010624661948743785
0.00017089760796795694
2.691768839585551e-05
9.194138427115472e-05
0.00010751556998528367
