0.4384002729443958
0.4384002729443958
0.5193696636319953
0.4991974142121969
0.5316750301378539
0.5276795748403095
0.531217854593909
0.5308675934194547
0.5314775451129712
0.5310746789609219
0.5313418947530807
0.531217854593909
0.6332540504935927
0.6013118378562866
0.6473150056069892
0.6406662656159284
0.6472735732822305
0.6455696704318624
0.6470622112629731
0.6473185337747669
0.6473357045767449
0.6473150056069892
0.7743088475228176
0.726980977653948
0.7907659797043955
0.7807695588270505
0.7908446314892787
0.7890243495417916
0.7907732027607439
0.7909216738820635
0.7909044692875669
0.7909037717118473
0.7909216738820635
0.9721570034289996
0.9173724095037259
0.9972266057752425
0.9851907808098039
0.9972857023347855
0.9954999520258161
0.997031347516052
0.9972702348848059
0.9972195828827448
0.9972702348848059
0.8941273161291328
0.8308500109094796
0.9847962297078003
0.9773177370572408
0.9993070569313699
0.9993080467131887
0.9971391490556829
0.9989635349479822
0.9992207136570521
0.9992810090270283
0.9993008243854103
0.9993052185715854
0.9993070569313699
0.9627129603646797
0.8851329125218124
0.9858260004976469
0.9948821962056476
0.9993168041513871
0.9972194064881666
0.9990108241846789
0.9992398307897967
0.9992899450177524
0.9993120357164387
0.9993014686818827
0.9993091417970972
0.9993050607446374
0.9993078799955373
0.9993071211090965
0.9993063146406886
0.9993067763466028
0.99930695018721
0.9993070162214203
0.9993070814679224
0.9993070413906997
0.999307031780384
0.9993070473280417
0.9993070480533895
0.9993070450603737
0.9993070464618982
0.9993070469972084
0.9993070476051028
0.9993070472016753
0.9993070474338702
0.9993070473280417
0.9228096651043065
0.7854407332273445
0.9721596492838895
0.9884374351529317
0.9993065488088804
0.9973242999599737
0.9989760115875879
0.9992130435063311
0.9992763069541278
0.9992932686541807
0.999255941925582
0.999283454881982
0.9992874589931287
0.9992808222435745
0.9992837973456248
0.9992831102659662
0.999283454881982
0.9636020171749109
0.8838291325747442
0.9854847357053043
0.9951038102420746
0.9993049963632142
0.9992532410012888
0.9993027352153967
0.999306227490866
0.9993049036122508
0.9992995770176922
0.9993025721787432
0.9992998165944946
0.9992945132854718
0.9992978025561972
0.9992989225380255
0.9992993304289108
0.999299461696881
0.9992996914109034
0.9992995770176922
0.962704393914038
0.8851426818522741
0.9858213001306441
0.9948740435050043
0.9993101293097617
0.9992886821052935
0.9971336343296225
0.9988827263854407
0.9991942833489398
0.9992614815678936
0.9992795852915208
0.9992912338246664
0.9992941577225596
0.9992923795112829
0.9992902781452784
0.9992905427120794
0.9992901705224858
0.9992903854783379
0.9992903854783379
0.989217565064627
0.9629595243673142
0.9957000945146632
0.9980396383619886
0.9992903746094685
0.9991419427926888
0.9992654039671409
0.9992794126118048
0.9992664656853621
0.9992728459833866
0.9992690174168156
0.9992674570943887
0.9992664656853621
0.9242763807636368
0.7820622473333101
0.9712667133390464
0.9888841849887879
0.9992665295988508
0.9952352004906384
0.9984261985406091
0.9990654264463071
0.9992143732817967
0.9992576322823322
0.9992647056439644
0.9992660288823032
0.9992656133937743
0.9992662367676415
0.9992658833022829
0.9992661136808307
0.9992659751902218
0.9992659408234419
0.9992659959780982
0.999265962169974
0.999265983171237
0.9992659751902218
0.91038805952178
0.8077720368044916
0.9789025423393376
0.9842077807724765
0.9997430344979188
0.9997407956011424
0.9996287242107029
0.9997170891679104
0.9997285226629248
0.9996906336173159
0.9997204636727123
0.9997080904660156
0.9997138059259356
0.9997187860889134
0.9997170891679104
0.9881711575614822
0.9671788741418245
0.9968228270435642
0.9980488633066138
0.9997405875058423
0.9997346619274629
0.9997333636239861
0.9997377556015563
0.9997359624170306
0.9997362618585885
0.999735842433605
0.9997360810124577
0.9997359624170306
0.9895999450716243
0.9627478413022117
0.996100029672008
0.9984730650768232
0.9997338918557658
0.9997277073501922
0.9991471405254355
0.9996142453680449
0.9996922611251706
0.9997174087105046
0.9997321500509107
0.9997242459432114
0.9997295925120309
0.9997306412839256
0.9997288999061289
0.9997300035951349
0.9997293212936009
0.9997297510620156
0.9997294885639945
0.9997295925120309
0.9209402908439488
0.7894716824730721
0.973627578793469
0.9881482512922803
0.9997560923056141
0.9997417371155195
0.9978037598276611
0.9993537766767635
0.9996384176465152
0.9997024044766585
0.9997203217897457
0.9997139035777325
0.9997221358449713
0.9997179323424589
0.9997194181610627
0.9997210202305777
0.9997200299004239
0.9997199269067913
0.999720132748163
0.9997200299004239
0.9638578342192459
0.8798767205704701
0.9863152979127159
0.9951485241567569
0.9997218680284746
0.9994208313463703
0.9996694729561467
0.999717123666151
0.9997225981786699
0.9997203674186943
0.9997213646093271
0.9997221851498526
0.9997216859176258
0.9997219947356002
0.9997217999532886
0.9997219306041698
0.9997218680284746
0.9255331222624625
0.7812422952915943
0.9711097784050428
0.9896999083493301
0.9997268414298904
0.9994133598474022
0.9996605691059349
0.9997037768631726
0.9997165195065134
0.999712248773841
0.9997187903019427
0.9997149752618657
0.9997139670788131
0.9997133234423463
0.9997143570204831
0.9997137230841178
0.999714116730883
0.9997142119347271
0.999714116730883
0.963460628044257
0.8846279402047276
0.9860677466204492
0.9953826972445654
0.9997293726460298
0.9995956214335457
0.9997100030347107
0.9997290537373876
0.9997271094456787
0.999729028473632
0.9997293316043074
0.9997292563224601
0.999729346650994
0.9997293131773053
0.9997293316043074
0.962564937154467
0.883538348653311
0.9871439011945409
0.9947208289846281
0.9997274710855015
0.9980390840267888
0.9994579399580648
0.9996821732773502
0.9997239743219071
0.9997314199868794
0.9997285221699588
0.9997302053847049
0.99972703260986
0.9997292491908383
0.9997279893265697
0.999728812135946
0.9997283239113814
0.9997286347170996
0.9997285221699588
0.9893322303892985
0.9634247126479973
0.996238780895949
0.9983818684388617
0.9997227285884477
0.9992603671524949
0.9996851698711986
0.9997238202049196
0.9997274483900922
0.9997280663400765
0.9997263297240132
0.9997270600729242
0.9997277059872993
0.9997273057522813
0.9997275499293157
0.9997276123077893
0.9997275116037626
0.9997275116037626
0.9615658207324531
0.8886815724971433
0.9870177553115644
0.9948228469224727
0.9997265326358882
0.9993089288733032
0.9996564334082527
0.999718624597658
0.9997265948231223
0.9997272722891459
0.9997269051976685
0.9997269750858422
0.9997267941737817
0.9997268638887635
0.9997269323961557
0.999726944515311
0.9997269201492006
0.9997269323961557
0.9677496582992962
0.8758402630621347
0.9839999208713752
0.9966899575195027
0.9998898179028342
0.9998911559812531
0.9998618547360939
0.999887981510602
0.9998868229096421
0.999888371314342
0.9998875593075387
0.999887981510602
0.9261280637601093
0.7801541828533515
0.9709647498927703
0.9900184123326916
0.9998970165995775
0.9955165393115061
0.9994426401497947
0.9997877909113376
0.999862785320153
0.9998848709793676
0.9998938420318337
0.9998970014308908
0.9998931472478958
0.9998938855968365
0.9998935846798248
0.9998934206635912
0.9998936501998283
0.9998935224787989
0.9998935846798248
0.9206302356908798
0.7903035396917076
0.974008677059899
0.9881605324164947
0.999920874689912
0.9999158181993995
0.9959453550476964
0.9992403595663728
0.9997799988165808
0.9998817524278305
0.9999266060450192
0.9999054046439105
0.9999212309443685
0.9999122196625486
0.9999180742095795
0.9999144989880374
0.9999167074242972
0.9999158181993995
0.9626006117427823
0.8872163733559294
0.9868075077725078
0.995264051603727
0.9999152135417938
0.9990825683512053
0.9998193063291323
0.9999030676749602
0.9999176805436536
0.9999184639400467
0.9999171975508333
0.9999179245965344
0.9999168124428571
0.9999175046975607
0.9999170557850208
0.9999173191654347
0.9999171441791092
0.9999172446300941
0.9999171772781585
0.999917215624932
0.9999171975508333
0.9265971625905601
0.7796116839327913
0.9707765350811428
0.9901993123673772
0.9999292080977247
0.9995219007715568
0.9998305788360227
0.9999163557766447
0.9999294957721038
0.9999233558228788
0.9999197629296993
0.999918208533663
0.9999175882486666
0.999916878961725
0.9999172062223602
0.9999170762895674
0.9999171512957341
0.9999171798920887
0.9999171908071255
0.9999171866384613
0.999917193383187
0.9999171892149117
0.9999171917911218
0.9999171901989649
0.9999171911829827
0.9999171905748303
0.9999171909506908
0.9999171907183968
0.9999171908745905
0.9999171908071255
0.9260708730808533
0.779702031929306
0.9708518291476907
0.9900655916182949
0.9999273805422026
0.9997234305258147
0.9998940516732009
0.9999276844964825
0.9999211517703048
0.9999259499191534
0.9999244795075457
0.9999266347601903
0.9999254411331255
0.9999262316962507
0.999925763292523
0.9999260678669393
0.9999259499191534
0.9213575707915818
0.7889133927351146
0.9736189177217043
0.9884370858902659
0.9999469090425016
0.9997422832608127
0.9999283519195208
0.9998778639811697
0.9999108017103832
0.9999206334306593
0.9999239877153004
0.9999227326627812
0.9999247472064429
0.9999235121460667
0.999924279273493
0.999923806621083
0.9999240992933949
0.9999239186247406
0.9999240303653828
0.9999239613369135
0.999924007756568
