0.31841363977953513
0.31143612603129706
0.2597039205521512
0.2716612452959783
0.24625110689466778
0.25065199027241325
0.24205242812455025
0.24654719751952514
0.24737239462487287
0.24882870139365554
0.24655809540046802
0.1840867321039708
0.2019277349260093
0.1716909506829109
0.17653123253865372
0.17312784198429387
0.17223353740057856
0.1715390099716249
0.1737045204188598
0.17416305504371993
0.1717970451590235
0.10440978145499163
0.12892598018568957
0.09379055910783252
0.09927270055111348
0.09453273636041981
0.09464165446430234
0.09394819909465352
0.09365652484975884
0.09447226443223056
0.01339487377092835
0.04073747186346588
0.0012709099377809507
0.007482780014779922
0.0011911719348079441
0.0012166499385305451
0.0012376600114714642
0.0013036167775749008
0.04089262708188529
0.09207349626926259
0.013642125249258674
0.007521460179252093
0.0010535884056254163
0.0020599426441922364
0.0013622825078402623
0.0009514173079799848
0.0011995823600027267
0.0012336898131204421
0.001149859453964397
0.0011546813071617312
0.03716766661947052
0.10698241766099303
0.014284238248522485
0.00580498938487628
0.0012428909229103557
0.0032853589558741736
0.0013824268671079332
0.0012717522834091999
0.001417058125209425
0.0011707121095068662
0.0012987176409155476
0.001258846647306744
0.0011670489626375846
0.0011299906844386975
0.0011092217682054373
0.0013713170234942451
0.001188195222647015
0.0011906446230355305
0.001184728773298116
0.001245343228034046
0.0013571038122631163
0.0011806218231844579
0.0011350842047826437
0.0009963047080696619
0.043031546545084565
0.08830274058703941
0.011078346981765075
0.008429350292595561
0.0010837814098623166
0.001120238943166707
0.0029149776889079715
0.0014126650044140043
0.00131872254884563
0.0009913832253007904
0.0011966692629891695
0.0010771167347903288
0.0012683549275503414
0.0011321734995213273
0.0010905795051890932
0.00101728440765958
0.0011472492399449696
0.036169200855896644
0.10961189076683786
0.015331566233641458
0.0051822836597895106
0.0012197864661491753
0.0013649309601321269
0.00112345132867947
0.0012475314782572355
0.0010444065083822784
0.0013500427377390323
0.0011461262418706042
0.0011341842029887195
0.0011049872303239838
0.0012289814933158505
0.0011962063062099793
0.036351999613512986
0.10842905620197979
0.01418988934528781
0.005442566450627351
0.0009393362731784372
0.0015411089192573502
0.0011333916387426535
0.0012051731378907582
0.0011641439442775514
0.0012490188304353222
0.0010254013433438347
0.0010956558608529177
0.0011957832030626836
0.0010994974502300803
0.0010464304762439758
0.0010996148149968743
0.0010143483019280364
0.016105151869047984
0.05362642288645736
0.006565610141955669
0.0029873914198106366
0.001246255499204929
0.0016820537192998586
0.001184855116706962
0.0012781973516788891
0.0010610343672238232
0.001263112360697205
0.001020111588016459
0.001159328311718888
0.0010567329209256182
0.0011668758923413791
0.001026863738185002
0.0011661472682686913
0.0010857767867345491
0.0012856530071936878
0.0011155240124270938
0.0009962953079905024
0.0012258578243873886
0.001078682210105486
0.0009568693987005439
0.0011072698227856392
0.0011686865383220835
0.0012603241026000744
0.0010283922706116333
0.001220798161151282
0.0011759009603926063
0.0010696957004610042
0.03716467101461807
0.09771089382883652
0.014823242976196915
0.006421797899790027
0.0009809270142845383
0.003125409432531201
0.0013016326512130805
0.0012257114563162252
0.0011932417385641658
0.0012908471476926198
0.0012202753855657389
0.0012182464024456108
0.001044966745507414
0.0013533517785024873
0.0010727707428206945
0.0012420078026852965
0.001257085332459551
0.0011094103275418044
0.0010614794214197643
0.00118440273088255
0.0012433304556584424
0.0010710120147365276
0.04866181977615225
0.08027065595463317
0.008264253067833516
0.010643960333502234
0.0002534287352236597
0.0001892747226802105
0.0004768680977050854
0.0004493803415477893
0.0002120454458320875
0.0004439469482794278
0.0005076565582305959
0.00045744690963850365
0.01519501321046035
0.053225134541451946
0.00560934945394842
0.0023463382815955836
0.0005667139194138748
0.0012162621417435293
0.0006834443323897044
0.00039539594608606343
0.00029975548421795617
0.000320736647396902
0.00022371708426766057
0.0002773305503974144
0.00037147049227470585
0.0002826589638924015
0.0002809948188102762
0.0005915177201986088
0.00044234516611729724
0.0004769053460694783
0.014981089724774521
0.0550900741776032
0.005813680444564817
0.0021159317361122976
0.00020229781001090963
0.000804828943265723
0.00031078290367614336
0.00039817200225017446
0.00034255050086740013
0.0003845796055733097
0.00038514892501545495
0.000456452893274617
0.0003394262489362365
0.0004226789922379126
0.0002887406966037842
0.0003159608915946355
0.00046617349002919806
0.0003488056798958694
0.03605931718135175
0.09715057123108778
0.014234840403371085
0.005472151200917708
0.0003879931617531973
0.0023643749007048465
0.0005263839930170211
0.00043385679591412263
0.0005107554311889473
0.00028662651277894247
0.0004269708891143642
0.00029585545177057693
0.00038629366536496734
0.0003781217628226474
0.00043171205533742985
0.035173078760599774
0.11250737737490313
0.01338608087233012
0.005122927995080739
0.0003008917187286575
0.0005456991310184844
0.0005160296278981513
0.0002603488868889725
0.00045893039986860673
0.0003031089243952789
0.00032811389391457224
0.00032147630705353647
0.00036206936668581324
0.00029172916982395103
0.0003780284748270968
0.0002684558181714758
0.0002977887225452669
0.000380717043379053
0.0004089230708324565
0.03622509653180067
0.09816039774722707
0.01439188518744966
0.005530079414529321
0.0002917959695880046
0.0006300827747737769
0.0003696285061788318
0.00047753066040401304
0.0003948404593977495
0.0004660458883833374
0.0003330309142028365
0.00048477661366280733
0.00031188746418353563
0.0004203051378431355
0.00025911712778464713
0.03790081708866683
0.10425437618597494
0.012530998584820818
0.005279806974995915
0.000350658387663072
0.0006224072835021577
0.0003733094281928584
0.0003314125929804179
0.0006198277514203876
0.0003675301461364411
0.000353901884882879
0.0003699940362081877
0.00046768968320642923
0.0003155763682869961
0.000596691510877323
0.00033324384547561703
0.0004407704148089442
0.0005391021897379611
0.00033752214539706227
0.00041643547010089543
0.00033487756451572315
0.00013157301781885344
0.0003948994254495686
0.0002816561993276845
0.000442735604557265
0.00044927621095497416
0.0002709184156073352
0.00048113221323453637
0.0002593551670863614
0.000487273550598355
0.0003431869964144463
0.00021741525802637662
0.0004054584612105394
0.037178568198262096
0.10801067777744583
0.012378596359965688
0.005656714580978384
0.00044931271368686687
0.0004119507339149786
0.0004515814428380782
0.0004958504441257006
0.00038726895969665165
0.00028451662495176944
0.00036170644448313416
0.0005240983252953191
0.00046891409119548255
0.00023793949275630055
0.00048354100309339065
0.0005174442881900609
0.0003386207353325288
0.0003523095644906715
0.015390272430016005
0.05471820995842036
0.005505779309391112
0.002492318029204299
0.0003212422189194375
0.001059176486646829
0.0004676445533581264
0.0002478788693004441
0.00030778676548914863
0.00044305945688971615
0.0004028240623204504
0.0003071125034476152
0.0003265019185026974
0.0002852877781866492
0.0005427235243055106
0.00045322479511428204
0.00038251580624676373
0.037896037461194854
0.10443307402687929
0.01281506737028898
0.005592109583288762
0.00036916611939613597
0.00021778391974408562
0.0024414136540775733
0.0008526750435562391
0.0004504383452932914
0.000497458856257238
0.0003638444516164685
0.00038777886308560827
0.0002475025322744573
0.0002779656682234677
0.0003815139119210942
0.00042063620073701236
0.0004650100976150151
0.0005356483381807053
0.03227969460579433
0.11773466996600879
0.01610324987659789
0.003567820425198709
0.0003169072798947514
0.0002871103249594831
0.0007171486670522476
0.00017590104856940458
0.0003024432739699434
0.00010200325146991762
0.00013596688156664039
0.0002760137827056419
0.00024643502830340447
0.00025878912931892595
0.0004096571036829033
0.036542464540358255
0.0965616639834671
0.014431621669537098
0.005247291160205336
0.00019962285562319382
0.0006545520041713604
0.0004767724829465858
0.00021914655888044532
0.0002673157229735046
0.0002265679873673654
0.00013744224854572717
0.00025955319313464287
0.00023586710523704202
0.0002858315468002304
0.00028620541963586543
0.0001890780042766993
0.03637657571932579
0.09727821812906978
0.01372978056703994
0.005303550780184962
0.00036616700154329385
0.0024474564440259416
0.0007583218439805584
0.0003432527964288834
0.0002501151018514669
0.00023977587813095447
0.0002515885204122381
0.00013176211859211584
0.0003151970366409018
0.00014395879515632926
0.00018252861325934733
0.0002994810278673099
0.0004543598006159777
0.00017385946829512333
0.00033887555262845925
0.0002936819329986129
0.00031405608801193807
0.00011733341019376509
0.00029657998518339834
0.04032516868949976
0.09827712592555654
0.011472545647338739
0.006148048711396292
0.00010088048120432402
0.0005187168351888927
0.00014485639682160212
0.00010814760070493312
0.0001141426547877078
0.00036879702139896997
4.322207540286005e-05
0.0002379406462409972
0.00016491584325256659
0.03635486338323973
0.09705081389822545
0.014254492463094515
0.005488383606141456
0.0003343744703812046
0.0024171600680108485
0.0007887215726632979
0.00021441318735704318
0.00022515909578801896
0.00012564279783361387
0.00016431765889052263
0.00026946621777618196
0.00025438416212114623
0.00013675314036154518
0.0002044843728166157
0.0002720718643523523
0.03615250633976941
0.09757651495388381
0.013842235944674985
0.005269865942593821
0.00019476197590811983
0.0005331437759452662
0.0001823070439611607
0.00019723756093825706
0.0002354840454856233
0.00022154718561945286
0.00014934038392483417
0.00028672664151435656
0.00031908526832469253
0.00013675189287326583
0.0003580698645870295
0.0002077223497215508
0.00036894618898841713
0.000262009952311848
0.04129285511853731
0.08931234830622381
0.011357700482286293
0.007254326977324865
0.00014072833970912857
0.00010816751203784891
0.0001342656955566346
9.876461556884708e-05
0.00013786167692964035
2.8937617209401356e-05
0.00018266183753329335
0.00018792163648850835
4.234411766146362e-05
9.190440390738353e-05
0.00022962629862577355
