0.247106788547415
0.247106788547415
0.3317784845807527
0.2954920214501178
0.34401007865105176
0.33521923701914813
0.34342206354543076
0.3417870729840189
0.34318695286996725
0.3436279106101384
0.34342206354543076
0.46865895247457423
0.4259032746889628
0.4895098737872106
0.4791517855665088
0.48956593773048723
0.48864858726549165
0.4893013755075881
0.48915061986246167
0.4894187099244668
0.4893013755075881
0.6752321488182567
0.6219209256736006
0.708757842173592
0.6958425436007613
0.7087088141199281
0.7086429010281798
0.7062491825921532
0.7080941992147998
0.7084867019420861
0.7087242191291877
0.7086429010281798
0.9552745857542615
0.8550836483243452
0.992294223031762
0.9680217372365697
0.992836901286418
0.9921691081167427
0.9928094698995511
0.9927211372935534
0.9928094698995511
0.8420496414065479
0.729353559645478
0.9643203529652106
0.9631878866472259
0.994678653262887
0.9943380730151463
0.9946459548598454
0.9942764225224481
0.994579414388056
0.9945726555943465
0.9946163358474878
0.9945945241979137
0.9945859383473171
0.994579414388056
0.8930877804873584
0.6558864368233694
0.9346158650543964
0.9845187260858906
0.9954768548745514
0.9953469172396898
0.9954745547499133
0.9954560429963494
0.9954731103299257
0.9954681973051741
0.9954751541058435
0.9954714680517585
0.9954731103299257
0.8530650980707248
0.7180942696043489
0.9613530264942642
0.9692390283571253
0.9963932089235361
0.9957700529951025
0.9897022502978376
0.9938927914854256
0.9925301909823672
0.9945875760419984
0.9945554430482361
0.9949606501098626
0.994735157952807
0.9946446884398652
0.9946094991603507
0.9945753357178788
0.9945978918873748
0.9945875760419984
0.885376112238939
0.6675422958906564
0.9395200601770659
0.9814705395966726
0.994769046589915
0.9938599655323977
0.9947160028358475
0.9944535489868334
0.9946279246994716
0.9946823733963386
0.994725652560913
0.9947034450090673
0.9947160028358475
0.8725913216054527
0.6870974527246305
0.9478238963869381
0.9764899870367612
0.9947086315773166
0.9932434620390265
0.989041392911201
0.9938221318153198
0.9932142716695329
0.9934814396608691
0.993336833283897
0.9932794872981678
0.9932434620390265
0.8752029426017544
0.6801888399236988
0.9439446785478045
0.9765899318175332
0.9932485093770274
0.9854606181439423
0.992207694962929
0.9930510004938906
0.9932690065850036
0.9931916175009146
0.9932428649181294
0.9932566647790961
0.993249007737734
0.9932456536501585
0.9932469628120555
0.9932454348762481
0.9932461577927454
0.9932458468118079
0.9932455701966663
0.9932457275183433
0.9932456217899133
0.9932456818779871
0.9932456536501585
0.8601348993344277
0.7029358329490452
0.9535063601388156
0.9706252695064794
0.9935362493336375
0.9876767693847158
0.9931066542456797
0.9935276317231267
0.9934997359882374
0.9935192523531539
0.9935339053309717
0.9935304912744592
0.9935247631334895
0.9935287915611211
0.9935264166412859
0.9935276317231267
0.8440853899679699
0.7277278821765731
0.9641129209291146
0.9644494865743442
0.9952196949118097
0.9907322566390301
0.9951040239445387
0.9950407718185645
0.9952165150114283
0.9952074987587787
0.9952197032346075
0.9952203789748355
0.9952187788238815
0.9952196949118097
0.8765167253769026
0.682187564337228
0.9460940619320568
0.9783637301628558
0.9951697000759523
0.9933964901797364
0.9950575490057775
0.9952400053481856
0.9952072122379969
0.9952398423651561
0.9952328632117906
0.9952410511810645
0.9952380627747133
0.995240988354399
0.9952405009660299
0.9952393779513266
0.9952402121859564
0.9952397995196973
0.9952396454750139
0.9952397995196973
0.8723386733820977
0.6885341096171187
0.9487747426507931
0.9767222223723987
0.9952383850994935
0.9911648969313643
0.9945985674182141
0.9950925158924127
0.9951416843799905
0.9949445574068377
0.9950419415036605
0.9951124474345696
0.9950740649702876
0.9951002969684073
0.9950855947300296
0.9950955124956893
0.995089890694433
0.9950925158924127
0.871551984538699
0.6894247366410425
0.9490514777681089
0.9763173112047412
0.9950987438162016
0.9882833096242689
0.9938505482600952
0.9948370393607222
0.9949909153050743
0.994546761405509
0.9947387905835348
0.9946702649648546
0.9947781607400668
0.9947133198307077
0.9947540974489189
0.9947291642929244
0.9947387905835348
0.8674810341450099
0.6948564503894
0.9510999879593833
0.9744810712671543
0.9948023193350619
0.9885351206366844
0.9938143278759832
0.9945649223752364
0.9945575632306174
0.9945721702402607
0.9945649223752364
0.8805841917951588
0.6747292203065995
0.9425256105960823
0.9795588526634369
0.9946925764412284
0.9946178631092
0.9946506218511466
0.9946328378379231
0.9945992329872198
0.9946109792271618
0.9946237681289456
0.9946152675767197
0.9946201456436181
0.9946168766465513
0.9946164210333468
0.9946173309682274
0.9946168766465513
0.8452704871741545
0.7281337604239587
0.9650051824174201
0.9656096745551577
0.9962784778965255
0.9959719791752975
0.9962685686871873
0.9960611893573648
0.9962563986121273
0.9962789325079632
0.9962799483106763
0.9962757590434801
0.9962793683082768
0.9962784778965255
0.885362709969487
0.670969298461996
0.9420806826229731
0.9825378522918884
0.9965437336027632
0.996440432688332
0.9938860631542671
0.9958681236784357
0.9952650374019919
0.9961456111701802
0.995660244317829
0.9959827041077829
0.9957920010302389
0.9959131426160481
0.9958395260176416
0.9958899681773667
0.9958681236784357
0.8758540915225324
0.684494127550979
0.947493091847108
0.9785126955128047
0.9954890607833649
0.9925991482078401
0.9947182696255622
0.9957530883423624
0.9952432727265631
0.9956073045055953
0.9954022742913479
0.9955367634360375
0.9954569466847824
0.9955076517886153
0.9954769453547382
0.9954978515912433
0.9954978515912433
0.874608752339066
0.6856277371785202
0.9477242085069213
0.9777847338289534
0.9954999278426715
0.9945893697241659
0.9953656133342695
0.9954871808727538
0.9954559226906712
0.9954948918034443
0.9954774555964427
0.9954905408295931
0.9954837892105683
0.9954885247575531
0.995485932507453
0.995487703017224
0.9954867109164667
0.9954863387153965
0.9954867109164667
0.889222462900221
0.6635484496733521
0.938437224629652
0.9835638304862162
0.9960087414011525
0.995972193277249
0.993822095621242
0.99552979313284
0.9954773886465633
0.9957540765384283
0.9957369896458877
0.9958585149793302
0.9959100057207615
0.9959368415990179
0.9958915152956653
0.995920705813647
0.9959029241031931
0.9959100057207615
0.8783710430789553
0.6807796117161465
0.9459596838481265
0.9795358269982195
0.9959518665607435
0.9879052315254193
0.9948931006383539
0.995810239719478
0.9959273005154845
0.9958788604978992
0.9959073367549502
0.9959100057208072
0.995908996001221
0.9959096214624955
0.9959098591543831
0.9959099497676204
0.9959099843529747
0.995909997559637
0.9959100026035833
0.9959100045301191
0.9959100052659787
0.9959100055470502
0.9959100056544097
0.9959100056954173
0.995910005711081
0.9959100057170638
0.9959100057193492
0.9959100057202221
0.9959100057205554
0.9959100057206829
0.9959100057207615
0.8860541105721429
0.6691833643250338
0.9410859501293773
0.9825778666065597
0.9962191417620133
0.9860180588379708
0.9953643657628821
0.9958264799522745
0.9960804916928414
0.995982770782504
0.9958792508769244
0.9959389148655919
0.9959560923727975
0.9959280352817009
0.995945538246632
0.9959347829761249
0.9959414538405404
0.9959373400881739
0.9959398859907833
0.9959383138595337
0.9959392859954324
0.9959386325983224
0.9959389148655919
0.8665785437248933
0.6986365733850222
0.9534838581929144
0.9748850342427773
0.9960596715041108
0.9958809184762324
0.9960257194877566
0.996022174981074
0.9960457289250526
0.9960537439278577
0.9960477636843592
0.9960500951793599
0.9960482804057382
0.9960472356405619
0.9960477636843592
0.8729640253459383
0.6892181101196543
0.949597532933127
0.9774823546758485
0.9960074293083893
0.995923038848598
0.9960270962883973
0.9960477636843714
0.9960422174745305
0.996045987795909
0.9960471353364613
0.9960475309689749
0.9960476758589052
0.9960477302932443
0.9960477509527352
0.9960477430701625
0.9960477447245841
0.9960477381931182
0.9960477412077795
0.9960477423588658
0.9960477437021509
0.9960477427984815
0.9960477433115686
0.9960477430701625
0.8850420332457534
0.6709884268815881
0.9419358491777563
0.9822645172672289
0.9962984477379226
0.9909591678949654
0.9948701966728721
0.9959112944966237
0.9954282059137673
0.9956351153177531
0.995231143949052
0.9955105038708899
0.9953552811420043
0.9953087610865821
0.9953706177355349
0.995379462946286
0.9953706177355349
0.8460490751963832
0.7284772309884265
0.9656489275542778
0.9663960829933078
0.9970184811042364
0.9924332772401554
0.9968668120780395
0.9970140790661657
0.9967752194538826
0.9963861614457411
0.996858631948459
0.9966481332206674
0.9967298169907163
0.9968091392952796
0.9967583354155602
0.9967884760919672
0.9967673580806445
