0.0005056170714293956
0.0049995133323782895
-0.00995908931106865
0.006935985082913117
-0.004183015200269101
-0.01584577235112124
-0.006477067671218505
0.005985751739673773
0.0033225003260996437
-0.011474766329454798
0.006186696890268814
-0.0008798692834027545
0.004250723964870215
0.0033225314537233537
-0.011568162609191428
0.003509971530825316
-0.006068872830974021
0.015469793290157272
0.007233416087478579
0.00046135567230164804
-0.009829916534185322
0.0005443273886515768
0.0015989293507262803
-0.012089481591289206
0.022233602169111685
0.003942952147143916
0.016923577152381537
-0.011128121538537731
