0.31195201761256347
0.313116735237265
0.26335275776698985
0.27949862830988237
0.25428809109314104
0.2580054280956817
0.25279976538953486
0.2571656301813301
0.25563304391980235
0.25257753964537966
0.2554748530232932
0.25236408895379403
0.25062828887680233
0.19051730062947086
0.20751081571985325
0.17896301741679743
0.18301308149269346
0.1786563734125557
0.182139505840947
0.17826372663449158
0.17795358545144602
0.180750465638916
0.17824034356289403
0.10610032307462836
0.12397387607584232
0.09217756733780486
0.09713242330921523
0.09257794445793899
0.09526336983705891
0.09374978906369319
0.0922952362905925
0.09294005020030693
0.013167073315347555
0.04054069426414614
0.0008992673705357501
0.00705043449177295
0.001062961777105298
0.001117343348838895
0.000990635792465444
0.0009893116701525928
0.0008625390297157254
0.03901090897786119
0.09413822207896938
0.013023975265731402
0.00676888410371429
0.001033312248363616
0.0011450130087520827
0.0008213587536481382
0.001065950402686422
0.0009607204436655747
0.0008932141917827874
0.0009512162583068529
0.0010036428551017385
0.0008934496068787046
0.0009716896002526232
0.000928652671699226
0.0009912082600175287
0.0010553120873667554
0.0008503260861666417
0.0010636621862430418
0.03690065862504799
0.10966038593145633
0.014189801787520995
0.005136163107343383
0.0009364161154119532
0.0008269629081833485
0.0009252949582499448
0.0009608745168875332
0.0010960490066352913
0.0008941547405823536
0.0010841183539230803
0.0007937595121077501
0.0009664560698642854
0.0009792793691528745
0.039092405864072366
0.09423273084059086
0.013420128035715295
0.006774478193736944
0.0011978038477972186
0.0012226093418898354
0.0009839364480161983
0.0010058635932558846
0.0010442039090227118
0.000979268152972057
0.0008629919582651691
0.0009254948704988664
0.001125671622436153
0.0009984056704976374
0.0010060722571575975
0.00108065848388178
0.0009838875192966778
0.0008868716615071381
0.0011425247492530266
0.0010724719390657889
0.03312340274948716
0.11671169535680648
0.01657450402441135
0.0043619185308361175
0.0010139256037573485
0.0007880429152976598
0.000937831103430542
0.0008230893040774845
0.0007938847266312776
0.000826253235398311
0.0007573666024329184
0.0008957036189594092
0.0010484151325827473
0.0008372044678530699
0.04202549448643084
0.09791912228952337
0.011379022656729132
0.006506818490216393
0.0009141161607310044
0.0008691433143735439
0.0007744113659434726
0.0008356064277259545
0.0009673964781690692
0.000772316132502282
0.0007561727695827303
0.0009672392818895759
0.0009402949896147872
0.0008684534439388769
0.01637010119247373
0.053621869300998604
0.006520107757287952
0.0028775758790810513
0.0008077749416516289
0.0009463616604823422
0.0007740147299514777
0.0008470646146005456
0.0009753232576423243
0.0008207904973933089
0.000990894630464867
0.0008841454987089659
0.0006363276290152764
0.000953586510866411
0.000734815585059001
0.0007436088105929883
0.0008463544462573025
0.0006838207492333437
0.039246338437118666
0.093689447795472
0.013213844244175765
0.007128289382303754
0.0008606928894196453
0.0010616540992735568
0.0009803176463797358
0.001098160181662533
0.0008751516848534147
0.001012038774175772
0.0008674029451695153
0.0009895267351593406
0.0009292744656638208
0.000929137885293474
0.0009799399129760133
0.0009501127606936222
0.000888725351002595
0.0009255555576064278
0.0008006170226915188
0.000821663127066774
0.0008837449541219677
0.0009138235959396113
0.0006569930425381343
0.0007078860912239637
0.0008711146382832657
0.0006323616146496902
0.0007427900173432311
0.0009134703635605979
0.0007897105560638606
0.000795650496766831
0.0007279642940262732
0.000821344364590193
0.0008687435893094397
0.047052916077323315
0.08240208599255566
0.008495575925712484
0.009602273832058361
0.0002923565974081721
0.00030405956941614853
0.0016662680062081714
0.0008953527599027677
0.0005043117555789678
0.0003936899128935134
0.0002086303159228864
0.00014561414441466303
0.000391604555518843
0.01820568346939183
0.04720707171265631
0.004720269722805759
0.0028442565267611797
0.0001641677736621272
0.0009304440581360818
0.00030492591394426505
0.0001559841370845083
0.00019892576579699783
0.0002516971951314617
0.00021886396662573748
0.0002517045940100271
0.00016194128124541463
0.0002857997968720438
0.015143111699947809
0.05353155818508387
0.006036099589366295
0.002211064624487613
0.00026710905574611754
0.00011975041429096445
0.0005201488950771771
0.00040233810988982155
0.00015510102797167136
0.00024896516132666413
0.00017426496362987764
0.0002490931927855433
0.0002204037662642544
0.00023563765804907044
0.0002910584775313585
0.00011316842937858507
0.0003334849325236644
0.03722885858841596
0.09705833818038112
0.014079183298197517
0.005544375245061406
0.00023423857162735429
0.001331904008816609
0.0003998231988486811
0.00021928141663429823
0.00038655555823879917
0.0004124534165428906
0.0004520347833841254
0.000231185755377894
0.00026091976217290647
0.00016175813607005596
0.00031001244471517975
0.03552546524488781
0.11333118006973797
0.013380057918433108
0.0050687130096078725
0.0004239290317833988
0.0025392369192015485
0.0005568202193032556
0.00036736993730246414
0.00048766009973716384
0.0003277622771232225
0.0003839924266007544
0.0001478787032711537
0.0002827336308543482
0.00037668132338669613
0.0002461329483713359
0.00011247607868980491
0.00010881178807742309
0.0002195266124726536
0.0004643022043340772
0.03817506631866646
0.09368365284625074
0.013086348471982756
0.0061460080121234495
0.0002666451225470934
0.0020038935583024386
0.0006640092403184528
0.00028350003676447244
0.00037635285416676156
0.00021565502752146637
0.00038811785652720365
0.00035532382857589306
0.00018682022205335214
0.0002700234188521833
0.00024094910672084469
0.0002487746251282341
0.00018824629484437416
0.00036752105811332925
0.0004082730722240746
0.0003347121070114145
0.039915148917807286
0.09943715028919647
0.011884429260189788
0.006256817066007725
0.0002364871463383933
0.00022907728450038967
0.0002877102028228107
0.002107877882134679
0.0007185325885882277
0.0004079712673864533
0.0003008726943660722
0.0003225410392706518
0.0003023183684724984
0.0002610797752887195
0.00033797721580020035
0.00018139450068166418
0.000370908514438939
0.03555417310552256
0.11358765654187619
0.013869359682418592
0.0048449103364568424
0.00011911568164629793
0.0005752125837714117
0.0003339311980262716
0.00029445749714984704
0.00015614785319983948
0.00041164384604086557
0.00023674896736902706
0.00026036131112477934
0.0002236916242456255
0.00019731720669335928
0.0001983068757142048
0.0002813652108190623
0.014824167150438827
0.0556328019624765
0.005276994838753657
0.002139389698747496
0.00037173892659192465
0.001228628920054875
0.00041563544632039484
0.00011301636775840063
0.00024969161862520295
0.00031320194394618417
0.00018249411246779035
0.0003691526187247218
0.00033803447842939427
0.00024111272839194564
0.0003170255714820547
0.00018516423622949585
0.000262775752447042
0.00024282012658627394
0.00045659825731830805
0.034842779159492965
0.11090745300214344
0.014159496102042035
0.004446673433689319
0.0003027574455646276
0.000338484043382159
0.00011973929248404458
0.000317188151689074
0.0005106428188602075
0.000307925862741254
0.00019222433202642497
0.00039788127557377484
0.00033983658105485315
0.0003115003644151293
0.03322408072748462
0.11351133340066671
0.015042004856819113
0.003675134694042237
0.00014861624420736685
0.00020903437607333597
0.0003095098802255447
0.0003669916802372386
0.00017946927991457917
0.0001737516898982494
0.00033610496852037874
0.03733232120400848
0.09578063471973636
0.01345201960261122
0.005860608335594264
0.0002779954956929065
0.0005811481542298269
0.00036031646162149045
0.0002823252532204723
0.0001832227442183365
0.0002154851677205749
7.781139921431146e-05
0.0001071609082182734
0.00036429357242662164
0.0001587980110869247
0.00010700225895238225
0.00045979217774810843
0.03870431323842105
0.09306696025620997
0.012469971889806308
0.006138106189425008
1.4521676333978384e-05
0.0019445851962581195
0.00031064572291966686
0.00012437697111006285
0.00010887678000998102
6.365588202839056e-05
6.172339049204112e-06
0.00015287759250692812
0.00010783512402090523
0.00021271259201927073
0.00021594512646622155
0.00023654179602478065
0.0002968152274909208
0.03710385410149403
0.10464578639135785
0.01294426903145307
0.005019025535869137
9.779960936656673e-05
0.0010809167446254042
0.0002468385887829383
0.00026302222779905904
0.00018689413971506585
8.113113950697359e-05
0.00010013190659330373
0.00020659906712938714
0.0003041982133076826
0.00011200716486547968
0.0002318773074492797
0.0001536377530838018
0.00014058748108719543
0.0003660114920366886
0.00020517305173778366
0.00017915398397050364
0.03927809209334021
0.09160524852137553
0.012405407453369988
0.006315748189883397
6.073076037005354e-05
0.00037351199681656677
0.00020196195605781675
0.0001092046604889152
0.0001464284427968865
0.0001661719694684427
0.00012181504563157919
5.214172146472684e-05
0.00020951930324664136
0.00021797215184288232
0.00029229588350448976
0.00013905170737438244
0.037638175365294624
0.09568639704394172
0.013334609248485674
0.005424948074391089
0.0002486671508078464
0.0005846838789987374
0.00017478217174310418
6.023838958624239e-05
0.00021117429413675115
5.070103236015644e-05
7.430745265335492e-05
0.00010715886060425062
0.0002253155180648725
8.062024377369914e-05
0.00017283015641506028
4.7491935675436636e-05
0.00010172389878687627
0.03851471157047981
0.09360296459303263
0.012917354829759364
0.006326952253879248
0.00019226026956836728
0.0001800189580978273
0.00019936465297376582
0.00011403130722498211
-2.322796913267755e-05
3.7316099139261816e-05
5.6859275040621604e-05
6.417582540790834e-05
5.926313940418648e-06
0.00014685898838118217
0.00020065133417823677
2.2286973017149325e-05
0.00024126015409869916
0.0003011112889508283
0.0001955691411787419
5.316994333215419e-05
0.00013029165502032036
