0.43222365203429675
0.43222365203429675
0.5066512729385074
0.4815997311222571
0.516478340447283
0.5113505725965273
0.5165039924106867
0.5152426105299764
0.5163552835916673
0.5165092179401088
0.5164895389555463
0.5165147424955262
0.5165147424955262
0.6178194189430538
0.5898164783292167
0.6326298846155108
0.6268783942311442
0.6326194489721622
0.6320194840887355
0.632499453558137
0.6324133277348893
0.6322865743121064
0.6324133277348893
0.7722280249666804
0.7401234368242323
0.7943865110541243
0.7877625130069148
0.7944222970083374
0.7907465246897756
0.7938685420856663
0.7943224419699494
0.7943865110541243
0.97413889909999
0.9170179981830904
0.9983839109798687
0.9858186962606019
0.9984861958044648
0.9981329313525715
0.9984533954070456
0.998277239394632
0.9983839109798687
0.9195601940801544
0.7894212130335652
0.9726374731746223
0.9867061447827133
0.9984153286695494
0.9981254007225662
0.9983769809184884
0.9983077506988234
0.9983544556939816
0.9983744036631083
0.9983797379806771
0.9983780451436783
0.9983760056094121
0.9983773890388902
0.9983766097134165
0.9983771370433349
0.998376839324792
0.9983770533319456
0.9983769809184884
0.9622170383368642
0.8828294525706291
0.9845995268465522
0.9940987918150692
0.9983960164091902
0.9983224192918196
0.9983123261103031
0.998375091443243
0.9983463309744166
0.998332106669919
0.9983246267134084
0.9983201781746243
0.9983172247189778
0.9983201781746243
0.9182353548074236
0.7905909403959142
0.9731842359516798
0.986190048283133
0.9983813348717393
0.9977508697190677
0.9981724068675373
0.9982599969985035
0.9983531513337138
0.9982995315900363
0.9983096190066278
0.9983102162555808
0.9983052023681998
0.9983079470565881
0.9983089825751436
0.9983093762319163
0.9983098474200048
0.9983095093284426
0.9983097286038918
0.9983096190066278
0.9659768705085588
0.874828868105831
0.9826589395892256
0.9951917426147223
0.998461308856672
0.9984472350116564
0.9984212687857659
0.9984465352473194
0.9984546014417965
0.998451172942427
0.9984478853468699
0.9984491914191296
0.9984485275808873
0.9984478853468699
0.955889352977357
0.8959025411117687
0.9877728384546645
0.9922471064740241
0.9985235804487749
0.998439414416695
0.9984944229429924
0.9985098996606163
0.998485044243745
0.9985009682580182
0.9984982274265997
0.9984978525434536
0.9984985997157807
0.9984982274265997
0.9878894391245439
0.9625997519139391
0.9950494861013551
0.9971115440157927
0.9984961074688872
0.998366836067533
0.9984692754340964
0.9984839014336819
0.9984387827322632
0.9984588846549445
0.9984754384611519
0.9984654896547998
0.9984717136339314
0.9984731685229369
0.9984707946013962
0.9984722740405398
0.9984712626964848
0.9984717136339314
0.9181517869212609
0.790594444536705
0.9735616500565027
0.9861862487203812
0.9985484465424521
0.998275865481812
0.9985088301255167
0.9984110182707864
0.9984505887718116
0.9984873076903527
0.9984639450086966
0.9984778767452422
0.9984687901039753
0.9984740978918702
0.9984706033382353
0.9984726287395389
0.9984712904715014
0.9984720638151319
0.9984715521363607
0.9984718474849061
0.9984716938773488
0.9984717647741177
0.9984717331697375
0.9984717452422978
0.9984717272858481
0.998471737781156
0.998471740631101
0.9984717360197672
0.9984717388697444
0.9984717371083678
0.9984717381969608
0.9984717375241745
0.998471737781156
0.9016025798215039
0.8201894796693048
0.9823001437454026
0.9807249574553593
0.9996545524833017
0.9996563403750788
0.997069324416304
0.9986062530529958
0.9994818221362815
0.9996462595344532
0.9996553953369325
0.9996559778555518
0.9996559778555518
0.9879623629854225
0.9670740792927672
0.9968055365487587
0.9979428050850905
0.9996845615111124
0.9993053845159159
0.9996698337061422
0.9996853729896182
0.9996854098651835
0.9996851271763062
0.9996853062029665
0.9996853980175561
0.9996853500333261
0.9996853729896182
0.9895039552793932
0.9629919504378834
0.9960870306693711
0.9984083025395593
0.999684412228203
0.9996719527535567
0.9994355003858779
0.9996165032232804
0.9996558297216557
0.9996696265878121
0.9996783476244369
0.9996746341313333
0.9996730117892894
0.999671085971281
0.9996723623527779
0.9996716248429236
0.9996716248429236
0.9241106707474125
0.7824264140158113
0.9715835236665216
0.9892134257280673
0.9996717258750287
0.9976256099176395
0.9993755880310979
0.9996018385246795
0.999654493715124
0.9996003776149947
0.999626131828873
0.999611727753535
0.9996057048761624
0.9996033283249054
0.9996033283249054
0.9638523386333471
0.8792616908230138
0.986151444914963
0.9950516993539761
0.9996061064189005
0.9976188967039558
0.9993433518824346
0.999542333478975
0.9995849493630725
0.9995981628880266
0.9996016258687507
0.9996046319633811
0.9996052877808548
0.9996044493839265
0.9996048959774311
0.9996047347794592
0.9996047224783302
0.9996047079560054
0.9996047224783302
0.9208433692348066
0.7898810440798743
0.973684081901321
0.9879785762607606
0.9996353786830692
0.9959393175354141
0.9993818945416715
0.9996226377541952
0.9996340782126433
0.9996302068262544
0.9996229699359089
0.9996331361268598
0.999627806916798
0.9996260985195178
0.9996287767562664
0.9996271746709146
0.9996281851178239
0.9996276524701981
0.9996279598200466
0.999627806916798
0.9588462645359168
0.8943168143267912
0.9882215647982717
0.9939400677029213
0.9996564339367932
0.9996227873845966
0.9996408814583209
0.9977164725559463
0.9992389171349542
0.9995262449270648
0.999593222260039
0.9996125616126601
0.9996304779795913
0.9996190372067248
0.9996258386014268
0.9996213776651692
0.9996213776651692
0.9640594944395967
0.8795905317843229
0.9861271110611369
0.9951347194594228
0.9996260770841237
0.9993077806854263
0.9995741317595647
0.9996195795227644
0.9996263491981747
0.9996262630946854
0.9996244966783208
0.9996256049355547
0.9996259159266248
0.9996261536363539
0.9996260183268013
0.9996260770841237
0.9893109610586538
0.9624362787511551
0.996036228603536
0.9983072937739014
0.9996259553497752
0.9991314833176559
0.9995325299249671
0.9996050435928361
0.9996193529822568
0.999583468619434
0.9996114477797433
0.99959769394078
0.9996076267775404
0.9996023662118259
0.9996060502749058
0.999604039876785
0.999605467863536
0.9996046149938256
0.9996050435928361
0.9641438341907185
0.8830606271474675
0.9856149527657423
0.9955016314902763
0.9996345071275766
0.9995770845686216
0.9996261704449616
0.9996208770271213
0.9996309586007596
0.9996282365245367
0.9996243012271708
0.9996269942262257
0.9996254787404399
0.9996261704449616
0.9661052550843834
0.8788813949560998
0.9846881498950033
0.9961025621106616
0.9997145285916893
0.9997065687199207
0.9997106509488376
0.9997139877375061
0.9997146542397257
0.999714346808363
0.9997145285916893
0.922124038650088
0.7869457153638257
0.9729479957718565
0.9885225263348068
0.9997254880134228
0.9990562955667601
0.9996303527801206
0.9997178574040118
0.9997243943710901
0.9997239168999494
0.9997250793111071
0.9997254133806028
0.9997251745091438
0.9997248545220383
0.9997249988234279
0.9997250793111071
0.9194305923604593
0.7922100546029792
0.9743271371332194
0.9876896149585488
0.9997772142356237
0.9961520033798841
0.9994249136937652
0.9997324305796365
0.9997718441222561
0.999768472962477
0.9997767924834686
0.9997760305739621
0.9997765402211287
0.9997769891076079
0.9997766925218696
0.999776884018309
0.9997767924834686
0.9617312129964621
0.8886189969626599
0.9869894986435518
0.9949225285757439
0.9997768794903716
0.9989137445811489
0.9996496668677166
0.999746338931361
0.9997720423906857
0.9997760270236693
0.9997763367289965
0.9997748852485331
0.9997756463637997
0.9997758897152051
0.9997761532705529
0.9997759757568746
0.9997760764056128
0.9997760031445109
0.9997760505814612
0.9997760270236693
0.9180602858407926
0.7952354741791932
0.975471209118027
0.9871427492393607
0.9998804774295482
0.999783427316316
0.9998761015954654
0.999874392977075
0.9998774435473705
0.9998825009064607
0.999882143340278
0.9998794701368411
0.9998787539345241
0.9998798769987907
0.9998791560205199
0.9998794701368411
0.9231371507647566
0.7843521591104127
0.9723264195354708
0.989047554184382
0.9998812796160637
0.9989260697404057
0.9997215634149146
0.9998360307409896
0.9998394220744977
0.9998005558937065
0.9997929147034019
0.9998181050818389
0.9998075126042232
0.9997976779933604
0.9998032501091223
0.9997991784377478
0.9997991784377478
0.9193845406446601
0.7917532538378922
0.9745392771715258
0.9876471202674575
0.9998606321137077
0.9996974120319253
0.9998164868023276
0.9997660607902924
0.9998011075588952
0.9998072526986151
0.9998037079566795
0.9998021076775959
0.9998003743314987
0.9998014905703924
0.9998008280207565
0.9998012540021859
0.9998010008621269
0.9998011635165429
0.999801066815635
0.9998011289359203
0.9998010884199282
