0.31362352347936806
0.31465339573224993
0.25763464121082025
0.27076745776549727
0.2482268843887248
0.2510029355038947
0.24802564759886947
0.24845176219414883
0.24733769502466507
0.24840161448334086
0.2479598913527803
0.18662427709622004
0.20768926746783334
0.17779908859655486
0.1822560834170358
0.17714322439488317
0.17880852112639845
0.17771996124888828
0.17723049321611073
0.17769965186084552
0.17688267256370815
0.10492957630186223
0.1259391679774623
0.09380953136549736
0.09926042515997924
0.0941078192580479
0.09360005590990911
0.09378252596704473
0.09458380890235146
0.09385348196059479
0.09398397701621364
0.09334760267438696
0.013947200971139495
0.040742468964028444
0.001373720076792151
0.00800120983862157
0.0013460843125638888
0.002409512621144194
0.002154230299298565
0.0018339701706422407
0.048144407167736825
0.08150858617862378
0.009396199828914598
0.01045011131854523
0.0016567844235754192
0.0009983626207288876
0.0008672022966261239
0.0005629605139724769
0.001737076647310376
0.0006455415760536765
0.0011753579562980843
0.0009115201310722076
0.0019783688917827114
0.001102228340525535
0.0016665692182251668
0.03194384581718429
0.12045109438820067
0.016527978757155226
0.0038932204316061148
0.0007848967823744224
0.0010221314294294181
0.0009734794169948269
0.001801526942764975
0.0009384075305555184
0.0009116250721526442
0.0008562230159733786
0.0006332824790559743
0.04589894349077245
0.0826170779316599
0.009672870546668322
0.00983765902845668
0.00042786417617557415
0.000580832822626054
0.0016897289349689926
0.0005462303142030334
-0.00021735938809619437
0.00012430880512337428
0.0004610550973140892
0.00010928999413994944
0.0003179169849150121
0.03325482185780321
0.11353142719980802
0.015237762434614
0.004368698502807078
0.0006346437833347207
0.003962469693646109
0.0003496213572464768
0.00019392155199460248
0.000490085105270488
0.00031998315213899176
4.6907084497505025e-05
-0.0002549338407181745
0.0006395136179530581
0.0004086658912759722
0.0010290633953625727
-0.00016242838178903707
-0.00029848690597966687
0.03814027414065668
0.10448629761214234
0.0124901696899683
0.005566674329269827
-4.556701179692091e-05
0.0007247719119070073
0.0007965888594325676
0.0008163086649429219
0.0005215209692563394
0.00024237287747691516
0.00019586261266424376
0.0009114595344183463
0.0012058848433733615
0.00026109017678060953
-8.907861962903496e-05
0.0003035165761819947
0.0005504106126056341
0.00020378382781455207
-9.34644815104857e-05
0.0007844684066031227
3.466460901641044e-05
0.00037678754412090454
0.0008795605291099795
0.0010787872204256477
0.0003185785890267856
0.0004981516669863573
-7.180280152008223e-06
0.00025184994128713
0.00018509789344023364
-7.059786456764527e-05
0.0013542732158292603
-0.0005893220293503587
0.0005367760165478908
0.0008596954709738647
6.713332417912499e-05
0.0005034891070056502
0.00036432906384703534
0.0005851461306322636
0.00020679692698810648
8.551978258847237e-05
0.0005791747836119687
0.0005240375558861476
5.901822641951604e-05
0.01596494532269177
0.05264065657646516
0.00540470360819123
0.003074752246932211
0.0011461650019201075
0.0012221563884617925
0.0006617552970262786
0.00034528287412355363
0.0007493122515219164
-0.0002735088376514261
0.0013281523850444676
0.0005489620057353983
0.0007584423087467762
7.3258933458997255e-06
-0.0004391713649559703
2.743171600461114e-05
0.0010872230871821764
-0.0004391565505390549
0.0004911217878554863
0.0001512060473110588
0.04284032606463434
0.08693197508221556
0.010598014379372134
0.007994656035554715
-7.646519245974037e-05
-0.00018200057680251014
-9.505927121233881e-05
0.0006633109410570381
0.0004499947560641093
8.085931155565884e-05
-0.00044050977968124183
9.435921763506494e-05
0.0007488809904444005
0.0002948279676940335
0.03628357250086062
0.09644526213951643
0.014534125574112988
0.005650256250111285
0.0002005397862200331
0.001324813212924325
-8.036994171656264e-05
0.0004905319902172578
0.0007095781608734142
-0.00016323182142485848
0.000592517225840361
0.00042782335221352996
-1.4693703890289456e-06
0.0002791864210794359
0.00025148524541890316
0.00037138779728213
0.0002527078431437957
0.00030900659785565443
0.014562314516990249
0.05447917778497807
0.005663408848434304
0.0019138850958848597
0.00043770136156662254
0.001723227291792584
0.0008494003888390722
0.00040829704126105204
0.00024105225691062326
-4.3390917580876653e-05
-0.0002310929481695867
0.0007686917183777897
0.00014644945023223332
0.0006269748888926285
0.00016688735357961448
0.0006281765270476081
-0.0001247445424266136
0.014793176579933953
0.054366730614196945
0.0060923623607310184
0.0023206057854192053
0.0006708594984489169
0.0009416876590409018
0.00013278401346794588
0.0005138217626993735
0.000646118357517711
0.00041940838591442153
0.000596398807396481
0.0004744320018731929
0.00018314219047166347
0.00021822033082757875
0.00022467169259599018
-1.297844281400451e-05
4.3446878263464495e-05
0.0008266372220715468
0.00032410223804624216
0.000970447220427828
0.00025725280856303545
0.000528618579757556
0.0004373562499156991
0.00039437633481897993
0.0003100667876493879
0.0013484445916359111
0.00023930896328638873
0.000392753513989319
0.0005550975163372551
-0.0003986295093256764
-0.0002466706478193581
-5.845428410578002e-05
0.0004283264475735127
-0.00038001535138920683
-2.4233552060271002e-05
0.0006712758416609343
0.040268492587178795
0.09051763552820391
0.012694754318936297
0.007065420437048497
0.00027280721889200166
0.0014242166572189796
0.00016807905617166607
0.0007359549901407303
0.0014331903297594706
0.00042521351712510036
0.0006993239524950012
0.0004532910147489466
0.0008958255584757824
0.0003267019326504417
-0.00015785454142558386
0.0007213677299263144
0.035313444593986276
0.11171268429015241
0.013112338194003315
0.005171103591444737
-0.0002761496933398888
0.0018914671850094322
0.0007497416327696405
0.0004947343058355202
0.0005996522279653194
0.0003522682760075946
0.00022587149313518795
-0.0004146472394220835
0.0002148910962539996
0.0006530999342876376
-0.0002761531776050985
0.0004154219322131669
0.0372275838331943
0.0958284461803009
0.013972373898678114
0.005868145581123196
0.0007016782046352921
0.0016140189272869643
0.0005996613227832737
0.00043662944820827
0.0009053227341868086
-8.379673764125073e-05
0.0006565972554391508
0.0003823298872018266
0.0005245872140956509
0.0001814502700266396
0.00022483546385387854
0.0005943543886695046
0.0002695388553533573
0.00028638205189857047
0.0008813003299989464
0.000525909396477342
0.03828669511133631
0.10368460117893302
0.012376819325088051
0.005423749544366807
0.0005140962452707121
0.0003014342215446608
0.002260876435679793
0.00026741616935482826
0.0007383924604648651
0.000410998468856838
0.0003834736941062955
0.00023818676837034092
0.0006763235293489323
0.0005077733853156019
0.0005098587236386787
-0.000287614138879011
0.0010184205813033587
0.0014186729245989627
0.0007689854975525545
0.036558904043009766
0.11248696251725382
0.014129555813906458
0.005117851999884515
0.0008043101858230539
0.0007792597010662927
0.0010671464351867943
0.0002666246460785171
0.0012998194689325948
0.0006599834717172515
0.000938703055218093
0.0012991643394703045
0.0003845804820507559
0.0009686763626768347
0.0006215721292062715
0.0007756243391153217
0.015808485963355934
0.053874018831488735
0.006571992990616837
0.003184958287360762
0.0005247678213788909
0.0017903855506129496
0.0010567595337105384
0.0008594265170425719
0.0012842143739558165
0.0009535782584328412
0.00042414197207896187
0.0005848167657494519
0.0008773898120790768
0.0014828171671248391
0.0008582102694005833
0.0004411016024336023
0.0012994932736924425
0.0013446460042515485
0.0008577396743129628
0.0012592264289164046
0.027723996822479335
0.12589620870316143
0.019241738779303408
0.00178859139353571
0.0013132542922693613
0.0004899745984241477
0.0004000205518433497
0.0009211089074371293
0.0001602236468650764
0.00028035427713329897
0.00034225020679307105
8.997628421653081e-05
0.000399582602214843
-0.0004112891403557084
0.0008342306405183519
0.0011797240483123472
0.0002727064090618514
0.035019403733568044
0.10987312236250396
0.01446513536625732
0.0051083790496622705
0.0007778142787078779
0.0034413665535232285
0.0006632386245866706
0.0005187510137648621
0.0006340559015112213
0.0006150080151223203
-0.00021909972667399913
0.00011321558329352444
0.0003044058587533538
8.935034953339027e-05
0.00021519741391484715
0.0004466217340970413
0.0010566991137446191
0.03725173270600507
0.09668733825315579
0.014246932504424548
0.00497371240492378
0.000347961312509526
0.0008190492834515561
-5.5065840720569526e-05
0.0009546177389054833
0.0008648163062874858
0.0011711820332581113
0.0004028236589974088
0.032124281761961304
0.10421665264898111
0.016673564608388702
0.0043825771332341446
0.0009928080085772062
0.0036076819419887385
0.0004490612726463783
0.0009141201549439093
0.0006812608927923014
0.0004542718887478592
0.0007050771495217267
0.0009775280400476372
0.0008832936432738303
0.0006896677645990001
0.0006101474802908124
0.0007303057620707265
0.00047396968002044737
0.0009650293599686721
-8.821373623624229e-05
0.0006692411629412587
0.0004662992910333674
0.0007453796273529378
0.0005144262180593051
0.0012301418246969398
0.0007127123470977992
0.0014256945438115287
-0.00026126010402816036
0.0007397978105851966
-0.0002972259168988467
0.0006866882160547205
0.03563975468975433
0.10966815685459474
0.014032307329228777
0.004454493719778185
0.0008480978774744186
0.001662657087633912
0.0006896710429209474
0.0001680626370017535
0.0009422462876377269
0.0005762731871777338
0.0007633732538362414
0.0355145022180266
0.09793820760524274
0.014734088242198184
0.005597092500598255
0.0007602606602560291
0.0005218521714308033
0.0006234618416187665
0.00020205822733454504
-6.959629361480424e-06
0.0011791036911836805
0.0003998174412195299
0.0008712440926785803
0.00022911368021610867
0.0008578863193149933
0.03222145791220121
0.10372294883945365
0.016611291669754058
0.004309035576401332
0.0003014263686467178
0.0002717075458850693
0.0006200969380495414
0.001550914723114638
0.0006586597186095666
0.0008258676671232812
0.0002618504318002146
0.0012340523292475591
0.0010021309942064849
0.0002553558932931188
0.00018162252386921818
0.0006001961355818763
0.0003761022730294772
0.03555562661113865
0.09920590818966818
0.015592436812401411
0.004623572493486217
0.0006909108974158529
0.0029204358801296904
0.0013721828172872375
0.0007544026952079896
6.003592597336738e-05
0.0003225808825494392
0.0009677188184618601
0.0012232954181191635
0.00016483226779556714
0.0010696102501385751
0.0007904686573723119
0.0004185275355639284
0.0009507797278606178
0.0003901084503490915
