0.236462382107892
0.236462382107892
0.31724559562965005
0.2822774992627798
0.32882747468646084
0.32035602359977056
0.32871047578549506
0.32808592810435444
0.32907909389839035
0.3289614315970515
0.32902417358173064
0.3289614315970515
0.45441365299900427
0.4190281037794531
0.4771821485056011
0.4686095646165862
0.47711364765602227
0.47379774936791785
0.4770260743441005
0.4771709431710994
0.4771709431710994
0.661363614667645
0.6122878203167365
0.6955206222712605
0.6836314084270217
0.6954656130302548
0.6946279490951515
0.6954437338796219
0.6955118056133779
0.6953276743455006
0.6954437338796219
0.9518198793601874
0.8680450535976921
0.9954528047420159
0.9751573240517946
0.995513830707591
0.9893479568031673
0.9947872308026404
0.995311510791063
0.9954397703306692
0.9951231731052017
0.995311510791063
0.865663139777767
0.6987541422611523
0.9531175855167661
0.974124596359893
0.9954305133248309
0.9938228065150494
0.9953877160016962
0.9953662545524985
0.995009680053828
0.9952640578535596
0.995309179208787
0.995257283045889
0.9952820569015681
0.9952710443753041
0.9952640578535596
0.8935928045298931
0.6565035887469363
0.9353288540012483
0.9851529874950853
0.996096207182767
0.9960283381298428
0.995816355338784
0.9956364561468545
0.9959095299021439
0.9957521721839044
0.9958537253297126
0.9957925008309304
0.99583088916557
0.9958073402083181
0.9958219446646506
0.9958121349985387
0.995816355338784
0.8521539494880326
0.720161048028242
0.9624490795444887
0.9690960040716776
0.9968268991341069
0.9968232194181706
0.9913430679311762
0.9958546637943462
0.9965332475536206
0.9967233674842211
0.9967590209050317
0.9966608632822302
0.9967134159591682
0.9967376807189099
0.9967233674842211
0.887607093603199
0.6684781427871792
0.9413284468083322
0.9837087098156755
0.9970704831109201
0.9866196329165625
0.9961190464804215
0.9968734108030195
0.9965267934100324
0.9966532815685132
0.996785370887449
0.9966973263872904
0.9966923090142794
0.9967077735829166
0.996701333635187
0.996695413713869
0.9966988594670808
0.9966965963643903
0.9966979123287075
0.9966970476240911
0.9966975912609566
0.9966973263872904
0.8872287436360161
0.6689967291704907
0.9415291476345578
0.983542386538638
0.9970255794384703
0.9969118227401017
0.9970405865386588
0.996995271470744
0.9970356063273778
0.9970159204506912
0.9970087657055897
0.9970198896354341
0.9970132944468619
0.9970159204506912
0.8743916197720597
0.6890140167120221
0.9501532055409192
0.9786617452330648
0.9970062226727244
0.9902192964188228
0.9960571036181209
0.9967492951021228
0.9944517637089965
0.9955351683298026
0.9963719797213334
0.9958710610404589
0.9961847393165508
0.9959879851709408
0.9961069303704406
0.9960309862878978
0.9960767134498918
0.9960571036181209
0.8815633869874516
0.6762576946740977
0.9441566474212126
0.9808931172514809
0.9961580232268619
0.9946457629778944
0.9958641329820814
0.9961759562911083
0.9960871790496472
0.99617311360754
0.9961370055109028
0.9961603220711641
0.9961508767573785
0.9961554221405178
0.9961580232268619
0.8526522069209085
0.7200973969021363
0.9626486991961901
0.9695100206374732
0.9971722782832984
0.9969559545301856
0.9969176585271121
0.9971036309174786
0.9970220846291995
0.9969826324444042
0.9969416946203193
0.9969663515335917
0.9969505614002637
0.9969609684403657
0.9969559545301856
0.8949737746199331
0.6578280343113174
0.9370064615071028
0.986773020109567
0.9975378751703067
0.9968979076035209
0.9978059379765303
0.9974548577354054
0.9973197965654667
0.9971734539164424
0.997383145743942
0.9972958087339844
0.9973444852110875
0.9973197965654667
0.8703317129740891
0.695753976092867
0.9531872446454599
0.9772470256604487
0.9972545474450685
0.9928096203823001
0.9881626095683054
0.9957984615005839
0.9949362984404484
0.9945849224950543
0.9949776813272766
0.9948048744637651
0.9948865060002983
0.9949362984404484
0.8636740476087601
0.7010003635309108
0.9538130434687888
0.9730990187079103
0.995081576893567
0.9897319702920886
0.9945482048078615
0.9951238093628878
0.9951129729998394
0.9950372707090575
0.9950907082909419
0.9950662854052796
0.995075974168736
0.9950851720248184
0.9950794715821958
0.9950829657586892
0.995080593193081
0.995081576893567
0.8710901496238966
0.6900997561769018
0.9493279310289124
0.9761275128105114
0.9950762593667197
0.9934974095352065
0.9947946234316456
0.9950677854581604
0.9950917017613742
0.9950872177791603
0.9950769881783085
0.9950737324613583
0.995078850203847
0.9950757824525227
0.99507771403051
0.9950765331539183
0.9950772675624545
0.9950768151800917
0.9950770952047951
0.9950769222164115
0.995077038220868
0.9950769881783085
0.8718284721964062
0.688976142116887
0.9488526521774774
0.9764169339738832
0.9950783646965135
0.9881109385928876
0.9937831181266492
0.9948529201892837
0.9950318544944003
0.9950174847159834
0.9950501000987669
0.9950331373065927
0.9950305548852212
0.9950318544944003
0.8708477982616911
0.6903653641190644
0.9494066187108319
0.9760000147523756
0.9949508068888995
0.9942118713358028
0.994979908070692
0.994788982550934
0.9949583551496046
0.9950045426486303
0.9949902830259599
0.9949720427558788
0.9949839786651765
0.9949769573573005
0.9949814786146444
0.9949787888141948
0.9949806285299656
0.994979908070692
0.8706502496854402
0.6905588691948152
0.9494535290867077
0.97588884513932
0.9949687580540582
0.9946793398179987
0.9909208988186634
0.9937447613472101
0.9943955284336632
0.9948404047314297
0.9945816108997523
0.9945146118815203
0.9946204979422935
0.9945566145788095
0.9945966917186242
0.9945721499698036
0.9945883109916721
0.9945816108997523
0.873775195203726
0.6850398339555974
0.9468700681405026
0.9768734796773694
0.9945818520556147
0.990693198935386
0.9939763391927599
0.9944790414865545
0.994561328687226
0.9945370582523722
0.9945682052986429
0.9945531029283791
0.994558339150923
0.994556397312595
0.9945595032905385
0.9945576059289949
0.994558339150923
0.8680004984714591
0.6937088420993459
0.9504981072343808
0.9745722794714858
0.9946042275297154
0.9879163538567561
0.9938399036331591
0.9922667764413527
0.9942862425324126
0.9933397656407426
0.9940329096483843
0.9936635723489602
0.9939169105118899
0.9937746967227103
0.9938591013367981
0.9938204633445153
0.9938399036331591
0.888089708754004
0.6619402101761318
0.9366702165475058
0.9820706790215653
0.9943323834413256
0.9830161335471508
0.9923821006430154
0.9936311603190827
0.9940861106819487
0.9939424211837955
0.993797009255264
0.9938622912619073
0.9938237081120898
0.9938485094191967
0.9938537944214747
0.9938452302489895
0.9938505311460569
0.9938472580471911
0.9938492820930176
0.9938480316068092
0.9938488046189434
0.9938483269357923
0.9938486221848907
0.9938487090215404
0.9938486221848907
0.8771851931588845
0.6784162362274394
0.943600626552537
0.9777586673832106
0.9938935282954298
0.9857051197353479
0.9926974715463919
0.9936695361814387
0.9936876243864471
0.9933873792653044
0.9935747702878653
0.9936352368864119
0.993656711946654
0.9936765311884581
0.9936646781636709
0.9936616507724964
0.9936616507724964
0.8668920172086556
0.6935752821563694
0.9498478750658461
0.9735645746100163
0.9936572648161754
0.9880074331068376
0.9926256134467897
0.9935553559222308
0.9935460210331599
0.9932809791821351
0.9934590477654983
0.9935247608387532
0.9935405170852052
0.9935460210331599
0.8875753752413441
0.6621244015824261
0.9365529182535477
0.9816806097538584
0.9940767096269818
0.9940815961954033
0.9939798604252469
0.9940624563213412
0.9940689272903301
0.9940384396057951
0.9940543816959523
0.9940595324237014
0.9940650756402678
0.9940624563213412
0.8871328562965937
0.663832803638592
0.9376130977717989
0.9818329978488992
0.994471414770863
0.9945261171410593
0.9945314732805903
0.9945332028108905
0.9945389570085897
0.9945363436031642
0.9945308202289739
0.9945345400514596
0.9945322191397223
0.9945332028108905
0.8822786326612082
0.672107850456306
0.9414028713383806
0.9802096296501753
0.9947260619649448
0.9943246693942824
0.9845359846857938
0.9921256512697598
0.993709924016765
0.994179325185012
0.9944131073791195
0.9944149956031105
0.9944634087429629
0.9944339636801017
0.9944223101960323
0.9944177996589091
0.9944163144721909
0.9944149956031105
0.8819913917171125
0.6723032304055678
0.9414066687625589
0.9800209148162349
0.9946029241215629
0.9944746390745127
0.994580024656778
0.994555617587739
0.9945841384577875
0.9945760463844945
0.9945809700705464
0.9945785403127776
0.994577601170086
