0.3175315782198086
0.3190005783819664
0.26490806256260974
0.27362251006946803
0.25340344598699377
0.25503512507111686
0.24829880068593346
0.25086006364125846
0.24879324937811825
0.25059559496903105
0.25122790079853646
0.25094799544133906
0.18813175052830378
0.20668989528254722
0.178802824416589
0.1825868311384855
0.17642925610693938
0.1792652230532743
0.1786989370621208
0.17678586710861416
0.17782370920813623
0.17773941013339511
0.10354991832278365
0.12023590491810682
0.09006651873393495
0.09359802674930706
0.08908163463542063
0.09122158989968593
0.09032087456403654
0.09010935569282119
0.09008322239167077
0.012339716484479346
0.04227535458437193
0.0011051136833388209
0.008254406415099724
0.0011457993110233211
0.0012347863607721221
0.002862349278527243
0.0016598375134014298
0.0013312599969002026
0.0012529126970559634
0.047221425060689826
0.08098156932373574
0.008996841718345971
0.010174630686281771
0.000653145511332831
0.000786556147828521
0.0021748597060704533
0.0010922750844494233
0.0008400819306159657
0.000665257682835263
0.000739357986152156
0.000670596448043459
0.0006339710717366831
0.0007556718593002554
0.032446036501593944
0.11719070950346655
0.016293183831801727
0.0041005174481782425
0.0004502725945548236
0.0006413594588339788
0.00044609523465399814
0.0005011761505682721
0.0006438395060741064
0.0006059038799727801
0.000690359197078827
0.000800114177310296
0.0005889949382439363
0.0006307367082649673
0.0007349272566596343
0.0005680460807312993
0.04123859706380989
0.0892282903460393
0.011151864379611132
0.007539793668065786
0.00048018834051238857
0.0006256279959204192
0.0021671436394826715
0.0006683396632097272
0.0003764783303170094
0.0005822565437783034
0.00038843668399379805
0.0004944111596910106
0.00052332283280071
0.00044948472692379893
0.032397740542909115
0.11588261014896017
0.016068060981594356
0.0037278764993166624
0.0002916392560450287
0.000222593586308939
0.0008190011461512436
0.0005358050824952332
0.000623359304712523
0.00033760599801441193
0.00045855221691615267
0.0002503022216966966
0.00043003929970497623
0.0358987451123956
0.1083825778019526
0.013828703855644886
0.0047503736824730525
0.00021043666367870362
0.0006438157366129849
0.0004695340582170915
0.00042422518448403945
0.0002645167963845618
0.00045415631783907173
0.0004593283065256193
0.0003110653516023576
0.0002508331262519037
0.000317181616261486
0.0003172992584453693
0.000216926040918497
0.00031234674012570185
0.015614438128615293
0.053600137399966497
0.005221600224018297
0.002489788654049585
0.00042462292688516534
0.00046434167433617723
0.00047588613328869434
0.0002969740434302648
0.00038539745779903045
0.00018487396298405567
0.0001631069740830049
0.00045180569675951077
0.00034411772125525486
0.0002973642452098746
0.03687880592944587
0.09656465410157639
0.013948549456824388
0.005334472557509351
0.0002804738718544253
0.0003755690860730021
0.0004487995692806779
0.00031168993695090963
0.00046297140627954425
0.00038603918829627215
0.00039877354448841773
0.00029863905804783375
0.0004273720746653664
0.000510216931561891
0.0002589362174279519
0.0003693081473286619
0.00015937894023188015
0.00033794433039724403
0.0004041396669212105
0.03982135627653555
0.09195530724737311
0.012161792100502056
0.0069049288746653725
0.00024821329077678866
0.00034945894935978217
0.0002619652955758167
0.0003330821319497135
0.0001606770695980475
0.0003665897414159014
0.0004378228985844057
9.249348023265824e-05
0.0002517191480924663
0.016051610926938575
0.05227783843806594
0.005388198614167228
0.0022494883748270245
0.000319275321196133
0.000745998915653745
0.0003143549906239329
0.0003041388466882289
0.0003037516796386974
0.00037497371539158
0.0001307269402465172
0.00017163287940058503
0.00014223255518897027
0.0002497033994115494
0.00026913400009476174
0.0002758499217976884
0.0001873160827944309
0.0001766459171595458
0.00029280672703735355
0.00019475458518503075
0.015097459229191534
0.054691746921182616
0.005557318769827679
0.002204353374896273
0.0002660500073632388
0.0009937053092309855
0.000473518288125252
0.000430281532415977
0.00028960779994890995
0.0003201914801592709
0.00032292906485348327
0.00026254938407194173
0.0002806455393599139
0.00039351271765186713
0.00020799226918905012
0.00034146678207019887
0.0003372391168588451
0.00023593497124502205
0.00024709172192444173
0.0002581001843844355
0.00025550696891313285
0.00018036576832536344
0.00020671203651401182
0.00040403699395719084
0.000338360356147982
0.0003429383977099909
0.00034970702746350835
0.0002096173002250623
0.00034572788800496523
0.0002746715782329656
0.0001815200902243186
0.0003109407503125716
0.03622527896844846
0.0973222291919924
0.01424142013030344
0.005060663960080314
0.00017291577983619133
0.0005938543165452947
0.000389242754791963
8.946992740149762e-05
0.00012823970248093675
0.00018563318489278613
4.592643741452296e-05
0.000316524305231658
0.0002901003532909119
0.0001316263922601646
0.00016638384832212694
0.00022337672074629333
0.0004246644986854453
0.03505082177968194
0.11339990293480129
0.013751472273783927
0.0046313062718939535
0.00041931763576413816
0.00023642848429855645
0.00031252588156466254
0.0002261414397012329
0.00033514314748978036
0.00041558272708047683
0.00014838404773104275
0.00037167100662777175
0.0002690658690445158
0.0002050638245949532
0.03685045498251199
0.09579586128010276
0.013663699646572103
0.005631993081713693
0.00022232765328761284
0.0003458381632613361
0.00035784312073183777
0.0003901271410755025
0.0003657812613413469
0.00047746520020836014
0.0003488711536914213
0.0003588484250380275
0.0004973365984388689
0.0002307220698744561
0.0004094667935696239
0.0003734003677141051
0.0002838804003842954
0.00023206999889502367
0.00038351918343487723
0.00030411901575172484
0.0002429570654291502
0.00033905654909249794
0.0001963546638515945
0.0002932322704202739
8.409086831956403e-05
0.00013638773657209668
0.00021077194795893206
0.0003290886094833856
0.00035120746051414686
0.0004431622556833048
0.00031739408308278927
0.00026536123150311397
0.000335441606934328
0.0003138421123938806
0.03750039359648388
0.10501295766695073
0.0126840951874726
0.005182367692922019
0.00025585469892636103
0.0021504351088758034
0.00036462634560419094
0.00037372606674285214
0.0005032986023882913
0.0002747082368296794
0.0002118254341058612
0.0003381231537304963
9.996616357726973e-05
0.0001718069542066547
0.0003491714714827232
0.00025054491671983037
0.0003041575003913666
0.036620460558626666
0.11055096963547206
0.012566663051660931
0.0052581888413992806
0.0003346916513708442
0.000410329625016137
0.00025087432999015835
0.0003485338978098107
0.000306480449822899
0.0003444993537955465
0.00022474784491149924
0.00023188821167985374
0.0003747577101618771
0.00018404519279452414
0.00037245976763083943
0.00028796862468810636
0.0003336013747006761
0.00020519597125662203
0.00023541615402633553
0.015688785081027945
0.05288180524663805
0.005719569123436907
0.0022351467773966682
0.00035094308879451974
0.0008645084450365492
0.0004574910878922811
0.00043481422311847373
0.0003007217758482783
0.0002237937730885653
0.00045941177447317294
0.00021696372397500552
0.0002973281133208383
0.00036369372508610054
0.00022355299972681708
0.0002564956795952922
0.0001555566826010879
0.0003504901656787296
0.00029149104883074983
0.03672564915983728
0.1054548743531577
0.01326796413739112
0.00509538456477987
0.0002555851806421705
0.0004817535990530031
0.000326617657039896
0.0003673873407206707
0.00033850160815329655
0.0002814075110316727
0.00027712087757908455
0.00033804806739329285
0.00024091003588905258
0.0004121603329418355
0.00030226016812062717
0.0003753134467961994
0.03354992187878175
0.11346459501811457
0.01530532805848539
0.0037050771124943482
-2.456997903077518e-05
0.00017124890325659337
0.00022873424960895283
0.0003638768865823483
0.0002838773498326508
0.0001932954464812231
0.00030313202774212566
0.0001660143061860131
0.0003130917886105533
0.03638711943795975
0.09574299768860467
0.01367147542989211
0.005493586939391726
0.00026297835589006446
0.002324272850259601
0.0004049204404807938
0.0002813813722032932
0.0001431471684265051
0.0002936062767658343
8.504315603929946e-05
0.0003694955049355908
0.00023083387627026442
0.0002463942325743873
0.00019907228692284118
0.00031068145356927257
0.0001821951887951423
0.0001918571581550621
8.041920590617924e-05
0.03737074358940584
0.09620040215069564
0.013924323322988208
0.005600469078796022
0.0003467126579327351
0.0012234933197750597
0.0002965078529598708
0.0001624527758172789
0.00022697133179955253
0.0001240066052271005
0.00014940156589171583
0.0001608842212964534
0.0001578233337436452
8.797819399014584e-05
0.00019031981386746777
0.0003783812403432285
0.00017811218260155304
0.00018862168781325073
0.00021579908674534964
6.240578524840945e-05
0.0002895733714587956
0.0003745276277205001
0.0002534346838889978
0.00017675056778782006
0.00026126616704824634
0.0002187642946483992
0.00017513565741189563
0.0003360629151507588
0.00010161567920180525
0.0002259219555043046
0.00025825378231192353
0.038534225807481004
0.10425447728328596
0.013033585764745781
0.00521408822374686
0.0002486548933325339
0.0005408200756790715
0.00014229909172314148
0.00044542721405221863
0.0003893803319946487
0.00028929064806187954
0.00037636993489925663
0.000262874444903638
0.0001884239224096973
0.0003980236434336093
0.0004437469727172072
0.000378366172969935
0.04155327202107412
0.09024187887521168
0.011068418995863583
0.00702993893507764
0.0002278970796045776
0.00014673190523256663
0.0018728356156457182
0.00032231179501218676
0.00029824587635202127
0.00011689459883373887
0.00012707065171535525
0.00016091680523316887
2.1076325621482983e-05
0.000139308996127685
0.00014247653661891846
0.00018358843738541797
0.0002514047537308661
0.03680614714501418
0.09530118445318625
0.01335432998448477
0.005485472113402223
0.00024510842714114967
0.0001339147704393362
0.002425710695509231
0.0005285641547004283
0.00027265520696068135
0.00013855172053633957
0.00016465718969094212
1.567592821655195e-05
0.00012870949283649846
0.00013713921977792642
5.0411139179917797e-05
0.00021631918414033446
0.00024496856095501673
0.00011929791926595934
0.033323758620751875
0.10086185726531116
0.015858320469025633
0.004509979925596652
0.00024263163023979795
0.000556957936543867
0.00017591467635602598
0.00032172376362604727
0.00035304780948541836
0.0001393570853731596
0.00018499436790558876
0.00022397363218146227
0.00031787845389502634
0.0002588747330503627
0.00018804146744572092
2.4122076079713395e-05
0.0001154889343704113
0.00029840399425690167
0.00022880547101006288
0.00015230224356749256
9.719626487603161e-05
0.00033242425098939377
