0.3103955777601405
0.3106230203593876
0.25710143845268374
0.2706149046965857
0.24660458290105425
0.25013292814812255
0.24635308298457775
0.24649501668749108
0.24791057646144649
0.24747051634867628
0.24742288861805567
0.18603451869691995
0.20681350351861427
0.17646731423509915
0.1825347033150853
0.176918781863396
0.17655975375773936
0.17751137436170983
0.1765086209211139
0.17684394154027927
0.10444483177164926
0.12361539402398591
0.09196838063760532
0.09569852153434438
0.09158124339712631
0.09245381508826395
0.09192449047838813
0.09151068802914641
0.09207853564770396
0.012918215940522282
0.04113573381245311
0.0006021246194607421
0.006788993345002214
0.001276847318019081
0.001287004214236831
0.0017429687398222704
0.0015995989929021293
0.0008033756279635651
0.0009429519550235299
0.04387732685010942
0.08693349667790023
0.010676285277109787
0.008404062885273733
0.0008334662640456791
0.0010008257656219932
0.0016188772075687585
0.0015020728237633008
0.0005116516433497642
0.0006803149301263245
0.0009222339799102031
0.0014280769413442251
0.0008480385702062665
0.03302608144541447
0.11604967216258771
0.01591432812218524
0.004888024731470542
0.0009375022162687596
0.0008316829502616474
0.0007384243578365535
0.0012792705260691317
0.0010484990457133025
0.0015535491342218433
0.0014902448533002932
0.0008245991244416606
-0.00010395437752364067
0.0008989953232869663
0.042713124216928855
0.08878204706147325
0.011035433710658904
0.007542376170681486
0.0008182472187762135
0.00026063265192205476
-0.00012476126028559964
0.00022900829678768053
0.0010532781579625228
0.0012470130997513929
0.001002025103160109
0.0003508007750778752
0.000940441665285896
0.0005287231066294362
0.0010242042513771143
0.03290652993250587
0.11438947259906823
0.01528797208285848
0.004235358112520793
0.0008168078506089471
0.0011229852312391042
0.0008483516442365779
0.0004137210060968788
0.0009775505333920465
0.0003938340559405673
0.0002509748808039447
0.0008639739117325407
-0.00020246011912650186
0.00051132236973922
0.031285139434501674
0.11876658218252778
0.01611786815438432
0.003749976771179664
0.0006864364841834281
0.0005974323098513756
0.0010150538949840193
0.0008871151882233752
0.0015995980351655725
0.0007472101430958666
0.0006367083550837815
0.0005438636890434667
0.0009851457989495938
0.0007938933616322696
0.0009067577135040139
0.00046003816668926945
0.0007015058980496813
0.001319412063540304
0.0003090456022494803
0.0008842070136618196
0.0007392732888046316
0.000911575099384998
0.0011413497156086416
0.0013703593942644976
0.0011860648342112423
0.0002012603457564044
0.015466021731800672
0.0540463117101202
0.0058584220381726615
0.002461371573132254
0.0008566354849978697
0.0012186112316460718
0.0012314635630687465
0.00019426912309061795
0.0006789992442932102
0.0004402864653942351
0.0006684888830575941
0.000801629173036722
0.00015672942863781403
0.0011837986008035872
0.0007957365641987346
0.0005351833258088745
0.0005453668534561307
0.0009897281644107858
0.0350102385854158
0.09961996970813797
0.015370969919636823
0.004963173788891939
0.001189421053148898
0.0022988254876992187
0.0011583690821339032
0.0007271616139944426
0.0015784638593379086
0.0003828446560762977
0.0003369163815831189
0.00045578954249769765
0.0002608207988569755
0.000490062443386341
0.0004147099799249321
0.0012203176180357045
0.00043795643208910384
0.0008603187876998764
0.0004475541846030717
0.0433257338678546
0.08689110649914888
0.010563194300030387
0.008281260110626354
0.00038870523972522886
0.0006329443814528934
0.0012170013575934502
0.0002996594352461246
0.0013618715773279222
0.0003014211842423675
0.0004510753235384968
0.0008072641608576903
0.0006718298366380493
0.00024994929264687826
0.00048787183269155543
0.0002736370795913823
0.001089808642121437
0.016455258876571566
0.05228281880804092
0.005152500290197537
0.002611304159630179
0.0006553337999476438
0.0015628882778069841
0.0008474924755294544
0.0001048299945097253
0.000532047631510213
0.00026386286559437755
7.705974833899232e-05
0.00025289722697163786
0.0013637712064798468
0.0003577118882611141
0.0012794498285552125
0.0013318122251013143
0.00030446435649045256
0.017067528439356994
0.052545289088590075
0.005617410221598118
0.0027225385222161558
-1.84783681000944e-05
0.0007098300381190858
0.0009136983703855739
0.0006059567568779123
0.0009003352726841274
0.0013516850853407258
0.0008101900521274574
0.00030962487118191273
0.0010868559141745116
0.03143807714829072
0.10597676240018811
0.018149727478189992
0.004529780804718941
0.0010040575756156134
0.00021550215977100828
0.000758499855187833
0.00034333992352741927
0.00025932048976246014
0.0003217487214573489
0.0007241164584455562
0.0006943555043135707
0.0001604994342194188
0.0004293455264998691
0.0372795658969427
0.110588302750811
0.01323531012689777
0.005307351010159611
0.0008369473067576516
0.0018564479001491607
0.0013886381707315931
0.0009012296679020704
0.00010558572367508345
0.001078168867085838
0.00031397849437647674
0.000693338299252777
0.0006609932653541262
3.844705034977691e-05
0.0006203748495278161
0.0003337483603821356
0.00043164467813422425
0.0005229913109009998
0.0006128837137379106
0.0008624717901542511
0.03484747019481188
0.10126929633547965
0.016048083565931015
0.004966092422685142
0.0008987004635451212
0.0006986987336101702
0.0004618056524199887
0.0004286660616709126
0.0006445070441030709
0.0002283759945764796
0.0009356032592666153
0.0007458976468592282
5.9625498898097096e-05
0.03053910995872977
0.11991313210335164
0.01718852142082622
0.003240029155576918
-4.600462443449249e-05
0.00015421669512477587
0.00015716594165421371
0.000726256099721212
0.0007884639800461724
0.00038861439042242596
0.00020914621085049712
-4.00188358502529e-05
0.00034692147881904
0.00018192554785878556
0.0002188953490143697
0.0002551434788395368
0.03441477648324903
0.11413197509475037
0.013471280445565725
0.004323365116589095
0.0009160109154917606
0.0025830263391399266
0.0007006543638264362
8.91196112184911e-05
3.000854071649739e-05
0.0006010674565477547
0.0011226180734788538
0.00040446831983431686
-5.424970252354555e-06
0.0004205128640672462
0.00018942863164489454
0.0004311753148808495
0.0007637949146900858
0.01683812686836972
0.05109136788418461
0.005433793736933479
0.0028564366032675648
-5.534235792103992e-05
0.0006034245786071257
0.0009795004565706922
0.0002903320875064508
8.854978818606529e-05
8.00162469706267e-05
0.00041725889329996546
6.631941497953209e-05
-7.330715769626739e-05
0.00019237030404051225
0.03630187406147439
0.10741027315233304
0.013691326048499874
0.0038599634517964
0.0006489812461056288
0.0021959908175094855
0.0005590817184168984
0.0003649089561777452
0.0008745799253802033
0.00018709369973179957
-0.00012159103632969348
0.00015935600695493601
0.0006002584931156796
0.0005884235704621821
1.999735526819757e-05
0.00013124071360737233
-1.8204774509422705e-05
0.0006409121962887565
0.0004878606695797316
0.00032594304360433757
0.0339752660252563
0.11154652909839458
0.014661575217541967
0.00422380425401947
0.0003396589145234774
0.0002369188527235888
0.0005789456817823502
3.452592147001887e-05
0.0007149482497941229
0.0009996123775117827
0.0005300880420053833
0.00012307436094266544
0.00011878599105891174
0.00017598547194125347
0.0006530279399265537
0.0005363249477599585
0.035490677380908275
0.09798306678982877
0.014483822698454274
0.0051953040490527735
8.795739727840424e-05
0.0007359170594192221
0.00030234763192166225
-0.0003326402278864826
0.0005943393953328213
0.00013561584381938108
0.0004082718776365901
0.0001037311440367783
-0.00011597477188773908
0.03504398463770608
0.09971321022198087
0.014902590485825096
0.005020949915727713
0.0003617873289017415
0.0029340737167826703
0.00039537036154108085
0.0005855829359550646
-0.0005486353424627444
0.0005147887861048916
0.000529261317182228
0.0005704024713951705
0.0006187274688220779
0.00042877348675640636
0.00013180416776753523
0.0005670233807288927
0.0005701858723145548
-0.00012887190987553865
-0.0002676770301245357
2.9892907717432582e-05
0.034461587209572264
0.11101121111576895
0.013890815230702958
0.004836871549781185
0.0008652024958010207
0.0026765345114599937
0.0006707160358472297
0.0013418357555748384
0.0009123380176053186
0.0009543511539329974
0.0005773425481889749
7.545175888723499e-05
0.0002916058725301873
0.0007109817736116186
0.00028217580360279104
0.0002883244711931465
0.0009638515439622797
7.121681079580444e-06
0.0007483022708865694
8.97153194913125e-05
3.963175184412693e-05
0.0002848265900727287
-0.0002713046003400832
0.0006470808874906586
0.0005072167683123907
-0.00045902512988305055
0.0013022163910665352
0.00048670195516742343
0.04070758114714185
0.09175440239129085
0.011627554801057927
0.006516320776457307
8.73170453480343e-06
0.001723759883265119
0.000509912297779358
0.0002351884311968533
0.0005555738231674545
6.172668249931901e-05
0.00011244131030979654
0.0002653707871860256
-9.773803656520919e-06
0.0006382202102956924
0.0002203717418711726
0.0003781196059216563
0.03458707926495175
0.101227156957996
0.01522563618437539
0.004930816427671181
-0.0003217413082124976
0.0003205981495038035
0.00041576372571072717
0.0004966987692546776
0.0006851939171438892
-0.00040254332243894186
0.00039976755638393424
-0.00013279636159424513
-0.0002414194839726047
-6.349199471145095e-05
0.0008762308988123912
0.0004156395382364231
0.0010682741160935594
0.03982766980501329
0.09277855017936043
0.012807782068990914
0.006964841719669157
0.000767597050839175
0.0013474488295252551
0.0007844326145752811
0.00019063783817480084
6.982149688045114e-05
-0.00025332687598567105
0.0002839997041199638
-0.00012940221883839254
0.0005738002462246095
-7.722834427614789e-05
