0.4293661070548891
0.4293661070548891
0.5086136473551126
0.48909845988987444
0.5207861187734429
0.5169479926304342
0.5207548110723319
0.5202410865839224
0.5193388856905132
0.520680075718535
0.5206058607123246
0.5205132215376523
0.5206058607123246
0.6275965471618554
0.6045803839005839
0.6449989591941687
0.6404628888529212
0.6450745213736223
0.6446221151789644
0.6449309055411424
0.6448328849697885
0.6449309055411424
0.7787830921710551
0.7391376825900242
0.7985756376530082
0.7903787568940202
0.798549563756471
0.7973975690053927
0.7983087951466429
0.7984950544388452
0.798549563756471
0.9749065646881137
0.9136609901195786
0.9975585213691858
0.9840647123605379
0.9977768589199245
0.9976633207202149
0.997767636464937
0.9977513203128373
0.9976902412027144
0.9977513203128373
0.8976301299292345
0.8265972085202031
0.983633087628966
0.9788582112113162
0.9993626152080872
0.9993526209150484
0.9991965764632637
0.9993147591727829
0.9993549378312852
0.9993579015871221
0.9993549378312852
0.9636296533893931
0.8838480647966288
0.9855253661918708
0.9951791859916791
0.9993782101618569
0.9993777299287809
0.9987446069581678
0.9992732188891761
0.9993469269135665
0.999370854674643
0.9993758166317884
0.9993771030768197
0.9993766514124032
0.9993773576791176
0.999377510221054
0.9993773576791176
0.9117461196365124
0.8063050786908619
0.9785259642182594
0.9846926027478766
0.9997880498253566
0.9997586535857501
0.9997747201100828
0.9963491152386467
0.9991262974043841
0.9996144722489074
0.999717774121567
0.9997451093278182
0.99976553077908
0.9997537821754119
0.9997613884549396
0.9997586535857501
0.9663763256351544
0.8787357681410628
0.9847105418674588
0.99629632453449
0.9998562869899187
0.9998412522197191
0.9998521528851906
0.9998563637929919
0.9998558832687852
0.9998564576715396
0.9998564401343012
0.9998563637929919
0.9611563208720536
0.8904663430022793
0.987474441315391
0.9947853242393799
0.9998579067402708
0.9998470958717424
0.9998576860711479
0.9998574661283104
0.9998577958644479
0.9998576101860359
0.9998577317298363
0.9998576582710798
0.999857704054169
0.999857675625422
0.9998576679810897
0.999857675625422
0.989741255399728
0.9632961413980028
0.9962768187869914
0.9985883462427134
0.9998578218666301
0.9993513187204772
0.9998005835994849
0.9998478050740468
0.9998561440656722
0.9998572873411389
0.9998575922858906
0.9998577648209656
0.9998577145588452
0.999857646000904
0.9998576263271121
0.9998576539679671
0.9998576386092515
0.9998576339648992
0.9998576414505669
0.9998576368421251
0.9998576396971569
0.9998576379352702
0.9998576375181081
0.9998576379352702
0.9224195978213818
0.7872011661667287
0.973024577305375
0.9887329011804034
0.9998664110224391
0.9997913148643242
0.9977942685916349
0.9998230951508809
0.9998318837886869
0.9998436928293377
0.999832372222187
0.9998315418821591
0.9998318837886869
0.9233991913742113
0.7850631436262877
0.9724052873785245
0.9890494953992996
0.999833687819588
0.9998064235883309
0.998005911035737
0.9994515321450625
0.9997193297776612
0.9997802243871697
0.9998196891997381
0.9998208268910087
0.9998149277814112
0.9998118663950193
0.9998168285039755
0.9998137857077771
0.9998156657598212
0.9998144955270121
0.9998152114100406
0.9998149277814112
0.9895556574403833
0.9629688752549961
0.9962229026463927
0.9985172825291702
0.999813338600147
0.9998106329251205
0.9992578430350809
0.9997095809828183
0.9997776543853609
0.999778655495235
0.9997557474457885
0.9997698829100449
0.9997747728766941
0.9997765664269633
0.9997776543853609
0.9895272515263279
0.9632617522573588
0.9961604539638431
0.998502688511139
0.9997742333778701
0.9992205930387859
0.9997383066868497
0.9997677971153126
0.9997588212902928
0.9997706313931443
0.9997647023244215
0.9997689345558511
0.9997666636823074
0.9997682395808818
0.999767371283084
0.9997679672896155
0.9997676267019501
0.9997677971153126
0.9212261846291248
0.7883037754725474
0.9733614948562521
0.988301464339458
0.9997873810292797
0.9959437903100075
0.9995348147855114
0.9997500263931804
0.9997800062400927
0.9997863917895415
0.9997855698034976
0.9997879502006398
0.9997868359299682
0.9997877366027346
0.9997872991513255
0.9997875370049017
0.999787457407945
0.9997873810292797
0.9644762337255981
0.8778126254443186
0.9860129967078257
0.9953872063340645
0.9997932580831408
0.999746129555937
0.9997937361489316
0.9997962658354682
0.9997958673412118
0.999794720155065
0.9997941205445657
0.9997935579562176
0.9997938921796882
0.9997937361489316
0.9208277533558473
0.7901148365907487
0.9738597695679205
0.9881362289916003
0.9998248904841456
0.9995495406923166
0.9997844474556672
0.9998074987089752
0.9997948595813395
0.9997903305972566
0.9997924561215285
0.9997932502533727
0.9997941676883167
0.9997935509956212
0.9997934362912407
0.9997933652956272
0.9997934801290612
0.9997934091827446
0.9997934530393937
0.9997934259380905
0.9997934426889905
0.9997934323368898
0.9997934392969321
0.9997934392969321
0.9609517978246337
0.8896921500935222
0.9873680950498036
0.9946846570611599
0.9997935387236951
0.999316253889743
0.9997106997489887
0.9997694723938083
0.9997698479794691
0.9997510244694741
0.999763009089641
0.9997663930423801
0.9997683166356568
0.9997690339168148
0.9997694723938083
0.9623973321455638
0.8835177437983064
0.9872630993600169
0.9946870165260119
0.9997728638641614
0.9995233745045266
0.9997209114032809
0.9997216747930904
0.9996628326787766
0.9997012595133811
0.999713774380734
0.9997182391823779
0.9997198985662977
0.9997209114032809
0.9891804954900882
0.9631331065950148
0.996169668264364
0.9983670677818509
0.9997128321011284
0.9996071669138075
0.9996868801347252
0.9996859514237957
0.999698889818359
0.9996917736182669
0.9996887939684054
0.9996876176751688
0.9996868801347252
0.9592554686304091
0.892885350679833
0.9879874985717005
0.9941242341850893
0.9997037081624158
0.9996924104993469
0.9987493293361045
0.9994954807491977
0.9996378694114159
0.999671665658192
0.9996600967408936
0.999677988144605
0.9996674421226874
0.9996741552240802
0.9996700809128212
0.9996726274718999
0.9996710644973079
0.9996720346263914
0.9996714366417926
0.9996718392392264
0.999671665658192
0.9656870791234673
0.8797996894329412
0.9848700282171612
0.9960435983665719
0.9997480822183494
0.9997224697820628
0.9997487208731293
0.999733344837485
0.9997469371792842
0.9997476980394696
0.9997483680469674
0.9997479243610525
0.9997482278111243
0.9997480822183494
0.9209799099511489
0.788828142630329
0.9734667135221701
0.9882124486444748
0.999769418038491
0.9997698185221089
0.9997684194714208
0.9997712893047014
0.9997712995400653
0.999771020065173
0.9997712291467511
0.9997712725536898
0.9997712893047014
0.9245331835586967
0.781242218617817
0.9713561354783603
0.9894491136107826
0.9997721129564966
0.9976924940310907
0.9994822901514171
0.9997086228973127
0.9997516510273561
0.9996414857259773
0.9996857959759596
0.999727831251812
0.9997003147814352
0.9997163644416541
0.9997055094408773
0.9997116389365639
0.9997071631937079
0.9997100661030113
0.9997086228973127
0.9615730694939257
0.8878160588475947
0.9868628148230917
0.9948314814948016
0.9997085833555919
0.9985693151134756
0.9995482816525153
0.9996708191899027
0.99970398804173
0.9997082812525893
0.9997087007563773
0.9997086830306746
0.9997086503003492
0.9997086087010114
0.999708634011258
0.9997086176071818
0.999708627236845
0.9997086208959756
0.9997086245686367
0.9997086255930613
0.999708623932257
0.9997086249606995
0.9997086243258545
0.9997086247185034
0.9997086244759449
0.9997086246258969
0.9997086245332379
0.9997086245905107
0.9997086245520069
0.9997086245686367
0.9215809358027335
0.7885616283060245
0.9732733286958407
0.9883560539318499
0.9997249529567942
0.99599180776639
0.9993610558473334
0.9996765408897959
0.999720599734331
0.9997252561694996
0.9997249018858643
0.9997250829238218
0.9997250046642512
0.9997249529567942
0.9191975092113653
0.7912851872823794
0.9742469210260547
0.9876245304916267
0.9997791363961374
0.9996560613638721
0.9997569747122445
0.9997019275861028
0.9997388445337574
0.9997166378396976
0.9997305013225242
0.9997218468629585
0.9997271075892721
0.9997271620105153
0.9997260676299822
0.999725643229425
0.9997265137751616
0.9997262382644405
0.9997259057227975
0.9997261328389577
0.9997260058160344
0.9997260925423229
0.9997260440234003
0.9997260787182798
0.9997260565405267
0.9997260676299822
0.927537110143126
0.7760375986332747
0.9696550373415094
0.9904513589781387
0.999762170129088
0.9949532517301064
0.9993599512823419
0.9996661350050358
0.9997226060124672
0.9997465986638403
0.9997408789414997
0.9997551211899866
0.9997502296433306
0.9997464346012306
0.9997480403840749
0.999747157348603
0.9997468132291228
