0.31163577526093345
0.3118908991878134
0.2565553541722417
0.26921850790449325
0.24642729452442202
0.2480012228653477
0.24709698668062918
0.2476908596113258
0.24649466712168377
0.24509777755730283
0.24690182179620268
0.24620723854935256
0.18504306383205193
0.2045906225652931
0.1750377831279195
0.17946591600867307
0.17509001251844247
0.17515716082456367
0.17491307862989403
0.10196216977928285
0.12193580604346627
0.08936628417923015
0.09420246212596695
0.09001329405473796
0.08996397164413794
0.08974417831795806
0.08997889374404172
0.09008600197068783
0.011425516147228865
0.04111388850163028
0.000808777527933624
0.007832849849685464
0.0004167276414999699
0.0014206653868181762
0.0011177258180922744
0.0007946297996205276
0.0006984888744356876
0.03890510795683527
0.09297154244307382
0.013283228398028146
0.006561723258450336
0.0007530620573857338
0.0002018257984980898
0.002210349686521118
0.00030589450168222454
0.00013595823819900765
0.0005817175444798317
0.00040189637798798694
0.0009681226835265844
-0.0003674970334159866
0.0011139713560395226
0.0007668763971861448
0.033926790406824725
0.11428686128301258
0.015351957686280338
0.0034358970331747063
0.0004044044967588811
-8.56557693772464e-05
0.001105887390309812
0.0005788534139390955
0.0009714206721909147
0.001509460812676111
0.0005498415770325282
0.00011807141992498105
0.00044419854517879775
0.00012865343591494938
0.00024453073806390835
0.038471105384550563
0.09397819286391501
0.012576653512499258
0.006531886695091638
0.00025252590716406953
0.00033352341309983435
0.0013063869391081728
0.0005235960602958389
0.00028077413017491004
0.0008112466802953078
0.00041259064706811177
0.00012287536756755424
0.00025901146361312355
0.0005567428350106707
0.0007733921473495053
0.00033345717335470093
0.0004648165229656498
0.000580198309644564
-0.0003277168617897841
-0.0006867828707936008
-0.00058092708667834
-0.00026693892851281653
0.0006534318633156788
0.03399231352581211
0.11150559001194887
0.014658739956484923
0.004543162463298445
0.0003670349060354572
0.0005833873607877238
0.0007551076733636752
0.00034402087882673404
0.00021424875934189513
0.0008964947373378274
0.0006231060793542853
-0.0003355164191063409
0.000256101620637772
0.0014980720765020439
0.000181165732501265
0.00046512988594216154
0.0004191319846679753
0.00010494946415717799
0.04135445353813305
0.09820435863172444
0.010568842105724674
0.006145535646261857
0.000730147526464664
0.0005947499577094173
0.0005185702968367178
-4.520153744691502e-05
0.00022590927002935635
0.0003033510075115542
0.0004902440760435889
-2.772631105307788e-05
0.0004329078154403643
-3.1722419616686537e-06
0.0006186124255643799
0.0006474584330655175
0.0010789336965158491
0.0004898443760374405
0.0151942536291102
0.05411485314233533
0.0052144400952280345
0.002443364231054568
0.0009749754528178833
0.0007378714699349254
-0.0002568937976569208
0.00024775201710591777
0.00038519872613290707
0.00025015281243506715
0.0007559125310891424
1.7215617997945465e-05
0.0003242320891925776
0.000660182428520506
0.0007682216253286356
0.042746751996457555
0.08894777227844336
0.010881311156637652
0.00798723877136337
0.0004839230680186435
0.0004283084374729351
0.0022159342526903436
0.000322015960685873
0.00038834243478486075
0.0015545035434159638
0.00043603714106449365
0.0005405346472022732
0.0007484728345425462
0.0003397689209356236
0.03963354295051419
0.09295325447037545
0.013174721680708656
0.0068486360696325965
0.0007021711219076798
0.0013834901978280745
0.0005858141078617374
0.0008526189543128782
0.000607148413389047
0.001092500100507432
0.00011311435103855683
0.00040839727794156344
0.00036565048762871033
0.0007895112946381122
0.0008940817374061827
0.0004956491357193116
0.0005041848325607612
0.0006499001740835619
0.0011719001399164153
0.0006778539553511931
0.0009131042661703059
0.017811579953511736
0.049110783307430905
0.003666944116595794
0.0032630010812606525
0.0012253409996432207
0.001503916811204098
-0.00044923246702499586
0.0005033732764080923
0.00039454627894836003
0.001351306683771758
0.0003813156760727465
0.00033986591297491264
0.0005897410078483656
0.0009496443242683061
0.0005787011263367892
0.016440447228473376
0.052461262189681
0.005707832866783891
0.0025320300756316305
0.0007680640675284955
0.0005832291511662091
0.001177401651221044
9.409563458140369e-05
8.032943003610793e-05
0.000323284057139106
0.0005748139777093653
0.0005971451464730215
0.0003147010347187007
0.00031403408758728935
0.00011874049989180069
0.00046930365840774924
0.00037112444427206404
0.0007825510583435724
0.03917105263927251
0.09322579946053156
0.013132488484483451
0.0071847300444699
0.0013248204377574457
0.0013097505098592088
0.0007516487784503534
-0.00030961957397934725
0.0011803537374215356
0.0006982011784709696
0.0006391314996442299
0.00010954205415081297
0.0011612748123527306
0.001107929786533568
0.036565326891070615
0.10957260036776129
0.012661039810675956
0.005544444426510142
0.0002319043943300736
0.0023792705123917846
0.00028332361768512726
0.0003119394164474709
0.0008663294361964113
0.0008903155985822697
-0.00025933015453394326
0.0005093869644238191
0.000989315934063928
2.5636255298111532e-05
0.0006862301133348514
0.0009566229393060954
0.0007142546006814743
0.0001751861099176799
0.0005435870644049379
0.0007291614590523299
0.00032998265623268574
0.029235646572504215
0.10861750132269082
0.018268590816564456
0.0031245547044619904
6.752028289763734e-05
0.0006022198106552801
0.0006873635372177667
3.590473341130718e-05
0.00020807878314410555
5.828629384857509e-05
0.00032656164453659375
0.0002976367392631962
2.515421008070229e-05
0.00020567200690746468
0.04104116707586214
0.10018983567277662
0.011684146812927065
0.005847611235914207
0.0009040490238763632
0.0012349046179782053
0.0009706373718775807
0.0005915957728214183
6.32808235223048e-05
5.784957318161199e-05
0.0001782852405903257
0.00026362250755057604
0.0005555295474201083
0.0007460330026487494
0.000371503626102887
0.0010429888546272248
0.00013467816746609573
0.0002892608280155029
-0.0001252302163078367
0.036502780704932514
0.10958749040246496
0.012945981734333867
0.005559350975550326
0.0007340895600158048
0.0008891037447632533
-0.00014871847487418766
-9.952320519990288e-05
0.00019711529767196811
0.0008383062616692527
0.0005592226786114152
0.000172585723452523
-0.0001029629343091143
0.0003447295717390886
0.00038681273934776383
0.0005005262203514049
0.0005352934416313904
0.00029470958075755727
0.01588681672544534
0.05389018832899295
0.005515590525549063
0.0020579200632171446
0.0014822053927488477
0.0007599091626500631
0.0003989501496260428
0.0007779772822392172
0.0007280413446438816
0.0005698966746626177
0.001177825019856138
0.0009385642044933973
-3.2911726534079477e-06
0.00037289326876172035
7.745252973584416e-05
0.00013177288316934543
0.00018934479714743935
0.0002900149666875129
0.0003918386252049211
0.0001299072038140059
0.0006399236250939078
-4.141491441034262e-05
0.03906247598965806
0.10259377722904928
0.01183983195868571
0.005429780570477161
0.00014952970929255072
0.0008644356472291559
0.0005407047879527616
0.0004484501137113628
-6.731003049931239e-05
0.0005713287334035977
0.0003680243240868353
0.0004450478130440527
-0.00028921807436943503
0.00040877602392724866
0.0002827496167435717
0.000997865698475764
0.0008742880837617206
0.00035588545319337195
0.00016531803484853835
0.0004103451583792328
0.03620175242830298
0.1095110938425442
0.014245446103012593
0.004474943235710183
-0.00018726749249675656
0.00047003632199266177
-9.421175207524612e-05
-0.00012115145128699378
0.00021066687582654842
0.0003181326308407395
0.0005918138368341541
8.904788785663031e-05
0.0004107265424733719
-0.00018883353420184879
0.0009189860978450759
0.00037369939775272476
0.0004359732641245895
0.03919871128618141
0.09267862878339406
0.012406911816282673
0.006572385681752668
0.0011345678705456663
0.0009858374708728856
0.00024954027053591954
0.00044968377434745355
0.001674554370299508
0.0005957215159200224
0.0005173123091744003
0.000636064660767266
8.169090184251271e-05
0.00017728475795020238
0.0005254377233859242
0.0008673876078046927
-2.8243168700758936e-05
0.040577795283693874
0.09105885541778114
0.012061053786659282
0.0072908143572814055
0.0005966178162009617
0.0013998024991430658
-0.0005041121478994715
0.0005574956705969303
4.163281014807341e-05
0.00034554734170405554
0.0003133555272566979
-0.00016240779716825138
0.00045492086941351095
0.000711328940112943
0.000445070448145235
0.0007071183165378581
0.00010716249914671794
0.038222141720954395
0.10458864992782868
0.01292418874611656
0.005205509884944004
-0.00018695470014029603
0.0026161041872393986
0.0009424701852340234
0.00045136646086080257
0.0001506349368134985
-3.1622852853407935e-05
0.0008888684390330748
0.0011713420592019408
0.0007684093600079933
0.0009285195737113172
-0.0001210733361525218
0.00033788271537749104
0.00023222473642392494
0.00039602205268740587
2.0446677312269124e-05
0.000894673129361756
0.03621769193803803
0.0980781572592338
0.014980071661864214
0.005167854850068654
0.000566710489219302
0.0006007736562684829
0.0010482272076839383
0.00021480011602120763
0.0004172060466315908
0.0004851946761660342
0.0005528868118588881
0.00031165102740732253
0.0004480027111438134
0.0005945262030504495
0.0005434925677260116
0.039686378044453574
0.09225201564862412
0.012242226944973122
0.0064748482023496146
0.00042072265532938635
0.0013534478807805117
-9.912275230017364e-05
0.000738011578290787
0.0007510489175252544
0.00033950865691195764
0.00017257813350340934
8.635875537243987e-05
0.0007700201275205321
0.00043678933379714957
-8.761604715412652e-05
0.037715980284157735
0.09475762992780057
0.013909744899176457
0.006155773231859618
0.0004025908719746951
0.0008278086803762963
0.0005764920476755697
0.0007558465635092437
0.00028844195709687437
0.00022314267632611573
-0.00010589158690155198
0.00027320398438029914
6.581881801959177e-05
0.0007781998147050051
0.0011331634420476688
