1.1085547122109733e-05
-0.0028954406925019885
-0.011160663030644143
-0.00012882756745794294
-0.0037836146420791813
-0.004811353628769039
-0.01517331178795672
-0.004908719812217465
-0.002406805785026728
-0.006479474602216036
0.006358910802468317
0.017401173052851767
0.002966822177114033
0.007075036618518883
0.01822815763118237
0.004307690294988926
0.01542729625488087
-0.009007211714166888
-0.0013712501037800534
0.0129757901208005
0.006752711674321854
0.0003195811696669851
0.009181458962974814
0.003805094664402412
0.0051636748723790735
-0.003552394583461037
0.002087770012272209
0.0032841107596844445
