0.24886185560538596
0.24886185560538596
0.3320202507174562
0.29333015707661225
0.34326166018332066
0.3338885094752859
0.3426232765868991
0.34281625494980683
0.34357330853390144
0.34362884201759364
0.34364482900084065
0.34350303261442194
0.3434106672315491
0.34350303261442194
0.46391103313039883
0.41621511220354895
0.48229235703645423
0.470737434096844
0.4825086742111848
0.4799533964967816
0.48236258824331685
0.48251413006688537
0.4824735640035749
0.4825086742111848
0.6657043273903739
0.6129769754815698
0.6986861936075137
0.6859123450081471
0.698666329897596
0.693450252076535
0.6979127875851884
0.6985352622715227
0.698666329897596
0.9549764239147759
0.8695408117556399
0.9981728115961458
0.9774749849658961
0.9982517838123652
0.9922355243692719
0.997711432210463
0.9979354095387455
0.9963112626467137
0.9972776329418855
0.997711432210463
0.876476804458417
0.6872680894403163
0.949880227516894
0.9799285509280782
0.9976470061362249
0.997696037991656
0.9977015881684816
0.9976810728168668
0.9976908708727583
0.9976985035048765
0.9976941444363395
0.9976970022766318
0.9976953264055832
0.997696488864839
0.997696037991656
0.8806390389134219
0.6809549083109413
0.9472166901219176
0.9815667839328321
0.9977475475940863
0.9895067488431728
0.9958985388972516
0.9971384448748567
0.9975535119028892
0.9975078141443664
0.9976200140053626
0.9975805065684215
0.9975366144816362
0.9975640553763533
0.9975471390117145
0.9975575730619501
0.997551089543888
0.9975553682952916
0.9975535119028892
0.8626551868045794
0.7078112325772952
0.9584095813371665
0.9743558327461161
0.9979050473045179
0.9923133940454916
0.9976045041214214
0.9979096219228023
0.9978717512356043
0.9978804662804891
0.9978686077870851
0.997875214349209
0.9978717512356043
0.8908275350602815
0.665931175654841
0.9410188527302451
0.9857122881148549
0.9983466697517032
0.9976940830726326
0.9979769886622646
0.9948809334133105
0.9968775986016389
0.9974198892178814
0.9972271409562228
0.9975301198250695
0.9973483654786327
0.9974627956273927
0.9973868696981153
0.9974198892178814
0.8863125718419282
0.6718353264926498
0.9432009010865521
0.9836379926341338
0.9976651462336112
0.997598139660949
0.9950804686596432
0.9969447140636212
0.9972587120875906
0.9963667050076032
0.9972006866361757
0.9971093141466421
0.9971667193139057
0.9972232886297507
0.9972006866361757
0.8777724780981797
0.6842834629532493
0.9482874391833604
0.9801175708094925
0.9972159656196948
0.9896121731303119
0.9953270247209088
0.9967435394249633
0.9971473522214166
0.9970756917766379
0.9971722414599093
0.9971229727306696
0.9971575181193414
0.9971384766732226
0.997151331402913
0.9971440257615917
0.9971488861621126
0.9971460909202722
0.9971480750067985
0.9971473522214166
0.871853420704397
0.6931097889976972
0.9519616787455842
0.9777401421590293
0.9971688521730542
0.9949259322321797
0.9967272976589394
0.9971021977331572
0.9970568783428525
0.9971222924708301
0.9970862480329714
0.997110288643413
0.9970963040255476
0.9971053487920065
0.9970999755033146
0.9971034101728093
0.9971013531430138
0.997102768683058
0.9971021977331572
0.8691739275608861
0.6970630397283095
0.953593255389081
0.9766505779659627
0.9971721551408611
0.9909994188051601
0.9964961557607501
0.9970974279948311
0.9970619922746741
0.9971600911251136
0.9971267831869601
0.9971245179266292
0.997128998723884
0.9971267831869601
0.8792981674724909
0.6818318032597943
0.9472080777922043
0.9806747729639589
0.9971463665843009
0.9891481021134919
0.9950084179697941
0.9965350097512419
0.996925197770358
0.997070016505508
0.9971080522200988
0.9971350565861481
0.9971200592884689
0.9971300590708507
0.997124277724081
0.9971280513474822
0.997128824678763
0.9971292986379537
0.9971285302334345
0.9971290060744618
0.9971287123479381
0.9971288940181887
0.9971287817922359
0.9971288511717162
0.9971288045342629
0.997128824678763
0.872147601381351
0.6926284459964844
0.9517471019178106
0.9778448673822686
0.9971342106976515
0.9930778628811262
0.9964165030395572
0.9969786800686429
0.9970892680610621
0.997145737775222
0.997124661275482
0.9971374523288924
0.997132436368687
0.9971272841325381
0.9971302503574054
0.9971282434983326
0.9971293759706593
0.997128603746213
0.9971290362355814
0.9971291368429865
0.9971290341259916
0.9971290746968695
0.9971290509312536
0.9971290600107321
0.9971290453187022
0.9971290543995714
0.997129048675574
0.9971290509312536
0.8798053894995003
0.6810708092493676
0.9468897455929147
0.9808770413782382
0.9971781124547712
0.9956962643740439
0.9969613664282556
0.9971517478171723
0.9971336001171498
0.9971668474507893
0.9971582618641104
0.9971504864593728
0.9971529797036529
0.997155070771502
0.9971529797036529
0.8729390958001413
0.6914824902838197
0.9512814772959748
0.9781735749639606
0.9971623343697554
0.990508037435063
0.9966624732607587
0.9965817090128536
0.9969981477228209
0.99710494960408
0.9970444552896722
0.9968913804723611
0.9969604959080545
0.9970167346408726
0.9969842226322547
0.9970053784544057
0.9969928954327082
0.9969981477228209
0.8697210821810755
0.6960275688865254
0.9530891239895258
0.9768012149301357
0.9970388104735222
0.9901632625497937
0.9961666943781633
0.9969700450238936
0.9967622393301858
0.996975483486419
0.9969668153197191
0.9969700450238936
0.8579955399137784
0.7136686049241165
0.9604847748703644
0.9721407678997174
0.9975908492648154
0.9959856673707463
0.9970564472110812
0.9966216030832451
0.9968460224546372
0.9967291512873862
0.996867897601595
0.9968447256059857
0.9968544162643818
0.9968492341847499
0.9968473181820925
0.9968460224546372
0.8831510781764427
0.6754508404227246
0.9443402347460014
0.9820221975279186
0.9969633298218571
0.9965168891620584
0.9866943429042683
0.994257668899176
0.9958722398840477
0.9953388713584808
0.9960716981375405
0.9956806761029631
0.99555476436279
0.9957556220210324
0.9957394109954293
0.9957717280042135
0.9957556220210324
0.8701981901797461
0.6928040572952139
0.9509110964490504
0.9762019284833512
0.9957837938718376
0.9892993336740947
0.9951653777833673
0.9956492524040212
0.9957704045187098
0.9957842240054021
0.995777535636652
0.9957847670886969
0.9957820603423659
0.9957842836274446
0.9957845133727898
0.9957841137763136
0.9957843779593764
0.9957842099075199
0.9957842836274446
0.8550022244983151
0.7157974577315486
0.9605938771185034
0.9702034076467652
0.9965627089702866
0.9964702585788692
0.9913007731990525
0.995799421485253
0.9965625417889488
0.9964532435480979
0.9962730448450738
0.9965216255608917
0.9963945610810578
0.9964832395036004
0.9964323093854288
0.9964652665236058
0.9964450676390657
0.9964532435480979
0.8758883529542381
0.685621296435469
0.9483544943522358
0.9788974302799466
0.9964556275817104
0.9891716060053788
0.9949152252964952
0.9961312159024374
0.996382999862042
0.996436520598839
0.9964512634452681
0.9964542629096347
0.9964525305812115
0.9964536487747425
0.99645297754587
0.9964528092372209
0.9964530800727568
0.9964529136102735
0.9964530168423306
0.9964529531760875
0.9964529925754307
0.996452968244947
0.9964529832895179
0.9964529739943286
0.9964529802446189
0.99645297754587
0.8803282271278767
0.6789195465217318
0.9455376703279954
0.9806551887117385
0.9965160194774183
0.9963974866365503
0.996526965198373
0.9964857496334433
0.9965248016919691
0.9965066467887337
0.9965200453054903
0.9965221185055765
0.9965186055201772
0.9965208746088688
0.9965193897989002
0.9965200453054903
0.8703604428781824
0.694099300437175
0.9519619351891216
0.9767510808658586
0.9965576065314751
0.9932637349344724
0.9958957425680866
0.9963691310848277
0.9964759769499176
0.9965451845015185
0.9965540515363494
0.9965371567086007
0.9965491728314307
0.9965423478792372
0.9965467956542908
0.9965441345242647
0.9965458127091025
0.9965447883358309
0.9965454263232428
0.9965449991407032
0.9965451845015185
0.8759599365129764
0.6856984932158159
0.948447854305816
0.9789840956338631
0.9965226896216606
0.9940796762753668
0.9960572541511638
0.9963545290607463
0.9954804466481595
0.9963150721174443
0.996342948302549
0.9962453179376749
0.9961787995506873
0.9962730322301379
0.9962206857493726
0.9962560600456228
0.9962360224360645
0.9962453179376749
0.8899829781121622
0.663929001708197
0.9390997784803738
0.9843461698535343
0.9967269919939616
0.9964348663847012
0.9938496134040646
0.9958682255255331
0.9964123912756669
0.9965759057567516
0.9965048260143908
0.9964625134765137
0.9964348663847012
0.8723466863585879
0.6909297973705602
0.9505734041551711
0.9774834825985592
0.9963458715006581
0.9944860834626871
0.9959134761915911
0.9962472442971815
0.9963472220088219
0.9963914629301807
0.9963656909022544
0.9963545056084209
0.9963500375227808
0.9963485498471092
0.9963472220088219
0.8774528981138303
0.6830462802404191
0.947202008253403
0.9794496429966819
0.9963677165837779
0.9950700633542915
0.9961852923037395
0.9963174951905543
0.9958789258272948
0.9962837462203455
0.996085727003821
0.9960134032681072
0.9961000504882671
0.9960590745947802
0.9960667987169377
0.9960420012714232
0.9960512526589617
