0.31235259642029145
0.3122621211614684
0.2574662439952414
0.27064089056581975
0.24740198404268693
0.2503237970760174
0.24765695304751428
0.2496360160805397
0.2471357041756066
0.24776869799118106
0.2476572439782923
0.24801723811570264
0.24732198187808063
0.1839320737676962
0.2005723468607386
0.17246165212485842
0.17793682087747348
0.17290529773113178
0.17291882746352016
0.17280358510325783
0.17299977313251835
0.17343177538054144
0.10379566619990604
0.12841316344265968
0.09389304445690405
0.09914770444783694
0.09296176276449464
0.0939635401188651
0.09317671012162021
0.09367416952619001
0.09323404230357729
0.09381340620166001
0.09321580140332275
0.013279388357729849
0.03978387587249038
0.0009449356082408267
0.0066109551800280775
-0.00016167111223464037
0.001960029313275713
0.000762350392055744
0.00011712948973335857
0.0007730253699025358
0.0008581793350284639
0.03520375185778468
0.09901365700617193
0.01515211354323387
0.005298101697684132
0.0008159620497240061
0.00023486103523612245
0.0010721155121149462
0.0006779354870717902
0.000840714621050398
1.6632253894477422e-05
0.0008099874935173501
0.0002002068981605265
0.001279506819503451
0.0002060358025493536
0.0004991355173979972
0.0001435699228959364
0.0011398394186137306
0.03599744305252356
0.10592290229312856
0.012733077617279542
0.004755175478229012
7.704174446382384e-05
0.0007791045423011789
0.0004771171410894448
0.0006595539073946388
-0.00025864818528265054
0.00037241318277880797
0.0008459170979249198
0.00040454462992722817
0.00048825391504481175
0.0008670868854371849
0.0010805321206551755
0.0004885904545300912
0.0004191221422975566
0.0011338546775018221
0.0007184236519761633
0.038340272116140994
0.0944232073996546
0.012708271965724549
0.005870238287856988
3.086548897823782e-05
0.001418742691886743
0.0007010568915404858
2.8730061137516305e-05
0.000633449633139993
0.00036545046812208604
0.0011286368367291466
0.0003430000921568199
0.0006881042270386328
0.0004857811523394373
0.000508015265011208
0.00017898221645595846
0.0005498266440059352
0.000881905388890214
0.0002603130621308125
0.036658159445760674
0.10895689842294864
0.014267575626323803
0.005509578819132777
0.0008185704137104732
0.0031182424798534836
0.001538049828161303
0.00030002098564024804
0.0012078745640155542
0.0006941055373130278
0.00025175009933126047
0.0009189636931373202
-5.307473878302105e-05
0.00012353061627468076
0.0005716535342962237
0.0005012367498826165
0.0001041986768128833
0.0010510189665296488
-6.249466030727735e-05
0.0005747251139059939
0.00017690190558700136
0.0001466674903600751
0.038435433649339656
0.1036830229913615
0.012750993657705434
0.005678501414563442
0.000330397970768892
0.0010225365271342435
0.00020551843209998255
0.0002471297473217726
0.00012404579615915567
0.0003369109969335038
0.0003046244299936829
0.0009003653606207696
0.0006817577125445284
0.0012542326224643796
0.0014012516453197343
-0.00031965825560786865
0.0003897142361270478
0.00020054000184149823
0.0007380309540056529
0.00023141415461114256
0.014594527087393172
0.05326881269191541
0.005914666953035885
0.0015418216805641038
6.083181503802049e-05
0.0006224245384528482
0.0005227630322726662
0.0007065955014632364
0.0002716374664008536
0.0005296418882807519
0.0007153333380977567
0.0003870932979119779
0.0007331768900303848
0.001033953859295611
0.0005371310781041028
0.038674265057421275
0.09456659194059208
0.012684416053950376
0.006136162755333852
-0.0001505381974895581
0.002908188973124004
0.000839733981529589
0.0013720723325246764
0.00017609664222550947
0.0004903206404081595
-0.00010313492757330067
0.000687289289127313
0.0008284905285176336
0.001276808873914348
0.0004677213272006875
0.044095715284485526
0.08778696613124504
0.010778774612719755
0.007695067058892002
-0.000386117966120203
0.0019667108767066344
-0.00016936365163111589
0.0008949652111223116
-0.0001060289463066244
-8.079818778483627e-06
0.0005034292806966878
0.00015927901129270117
0.0004601513637408905
0.00040289944313998127
0.01697712919465133
0.04982209968411716
0.004925902194931664
0.0025888959500270925
-8.857689165786553e-05
0.0006271382061647235
0.00011938357319213333
0.0002359812164137165
0.00010964493161075284
0.0004176335225922201
0.00016257088929549912
-0.00018442562070242197
7.069924068486833e-05
0.00048331664543693753
0.0008555006246820929
0.00022579991841870095
0.0006920864362440216
-7.139490805985194e-05
0.00023705257301237515
0.014719255256484709
0.05467829547061581
0.005104239660905507
0.0022876818628811413
-5.1912082232763446e-05
0.0006105649784336475
0.00039852590427391643
0.0004893341430296516
0.0003373443916839802
0.0005198211943356346
-8.59670251285305e-06
0.0004429768238964904
0.000702026686695556
2.2115081283635707e-05
0.036869449111051666
0.09613889919754687
0.013929173945921358
0.005977661899458087
-8.286938281298895e-05
0.0018770719017804915
0.0006773239374082141
0.0001593620956776287
6.355368915028636e-05
6.717983753012913e-06
-2.7290229493548424e-05
0.0011715048279469231
0.00011157822657797967
0.00012557407500529694
0.0004587020076656234
0.00038660261940809404
5.563384577006447e-05
0.03571848046807813
0.1121275759226622
0.01316175002411818
0.005692248412910272
9.724471519501066e-05
-0.00031964759287916866
-7.124522750301399e-05
0.0004529965530568614
0.00019138487995390419
7.098433119412384e-05
6.50497762648139e-05
0.00024242450306166674
0.0009440712656607064
0.0003647856478778966
-0.0001552422417889776
0.03674299254182112
0.09805248948787226
0.014557009905196927
0.005163532750253275
3.8213273813147985e-05
0.0022739966615811236
0.00013183081629086768
-0.00038062751100020886
0.0010844363016188074
0.0006167143411788811
3.3179469070443446e-05
0.0006585570917733152
0.0004768326521465971
0.00023904475753350196
0.0006659555500084235
0.03833629461871507
0.10382282915844127
0.012963826154464175
0.005833079667956154
5.678480413950915e-05
0.0027261338990477446
0.0009409298325576132
0.00050728083201107
0.00012883509356659273
0.0001827743745919097
0.00015942488462816762
0.0008690227420987129
-1.4609207725335693e-05
-0.00028533408300468466
0.0005451027270326203
0.00019641565715478038
-0.00018286593561900322
0.0003433638049639143
0.03815804625126673
0.10755620199649302
0.012797764588690475
0.006032656355965893
0.0006621427910243893
0.00032087937975844305
0.0016720764852601877
-0.00039786064500180185
0.0006843086418589772
0.0006926447931575597
0.0003894414972101523
0.001354475755093676
0.0001772624632824793
0.0001841159345795651
-0.0006103791718152785
0.015011557096416384
0.05466953502059019
0.005328650991726025
0.0022421606108644077
0.0005038860598400863
0.0005739596481497689
0.0007078768653591694
0.0006598781485283589
0.0008983555156159007
0.00031486603249963885
0.00016005190806284153
0.00019013718215926678
0.0013978496971637222
0.00011499087564642574
0.000726058457142742
0.0010238744171225944
0.00042218726029996656
0.0005444544441214338
9.229132453969502e-05
0.0004914015314841369
0.000558098585673017
0.0009250694816502203
0.0007046910959319086
-2.0322592289123698e-05
-0.00022250527543410392
-0.0001755813738388845
0.00032932411157365893
0.0009733951453879675
0.0004539854007596378
0.0005777901582359468
-0.0001401310576530923
0.0012283430800298367
0.0007959617955242693
0.0005796839375536433
2.9290815112548163e-05
0.001236835354758714
-0.000471495101210917
0.00015349713710299806
0.00012736133754626122
0.00037110071458296146
-0.0003189995329713202
0.0005488296290623862
0.00043524290445656755
0.00014241016915556015
0.0008202676732808611
0.0004890768581703453
0.00012540709299924124
0.00040763199195020805
0.00033426840042383166
0.0006666663818871155
0.03793841927993136
0.10688257086610192
0.013032081252411454
0.004903261867835851
0.000710443351968626
0.00024477323778498983
0.003688621040953133
0.0008986117289203066
0.001073716740963515
0.0007404068681585718
0.0004666694202304922
0.0003892902024854039
0.0006591055561006032
0.0011105939272083587
0.0009936237526029235
0.032334111696255385
0.11727494001493466
0.016777656339386993
0.004100159943361048
0.00039571689708883806
0.0007209955548435065
0.000484938938630497
0.0001325054951358262
0.0006294470668272156
0.0009829570449319536
0.0005087203605789736
0.00048122494921920556
8.010844266986838e-05
0.0004569285001982948
0.0010457996925130608
0.034179754029437515
0.10146566974673238
0.015995596236089482
0.005208760930121625
0.0007040921499302799
0.0007843318241445019
0.0008562117999691976
0.0006050826097898088
0.00010362935163549247
0.00017609993110351274
0.0006713649024132073
0.00022425766627620636
0.0005505335160128078
0.0008570541277519994
0.0007823743545539719
0.0008794626693608976
0.0010436170467387207
0.00021561290768828956
0.035832415899747616
0.09806214570603672
0.014677243997189116
0.005567966842511929
6.928276798012778e-05
0.001180414955621878
0.0009456127728387775
0.00015896185688812903
0.0002366902538119553
0.0001666025134151039
0.0005176996652003218
0.0010697934496899375
0.0007383443163954673
0.00022499824242627753
0.00017842935647210956
0.0009039163256592819
0.00011017371801508302
-0.0003757964228794375
0.00046778171011679914
5.532925887896667e-05
0.03951217368115706
0.10154222282725656
0.012263954600179872
0.005545920062461851
0.000421915593886546
-2.2540418689875885e-05
0.0015280829524416673
0.0005794105078170131
0.001629658523101818
0.0002876114199408808
0.0006422779506783938
0.0010595727428370783
0.0005595124918745253
0.0006398086808198644
0.001161658573240576
0.0016885951679390665
0.0010890863604693934
0.0015624006315991812
0.038073204857914045
0.09672149923072848
0.015213185060496792
0.005940861126379926
0.0013948168295818686
0.0017808606547493055
0.001509730128822051
0.0007628392693208585
0.0015367819535577198
0.001566289845231994
0.0014026418520768913
0.0007995265347314207
0.0010231272727746488
0.0006567994563238533
0.0012755401504718211
0.0008471745233435413
0.0011721417257749
0.037307230057624596
0.09789181301396882
0.014693136043483768
0.005271680071943952
0.0013465675893802875
0.0027722052548022624
0.0006060330795515378
0.0017897564014281997
0.0015440366577687548
0.0013928398530468344
0.0010686326460490059
0.0017439541075139342
0.0017379704338880142
0.0010319547115214545
0.0009008589541983913
0.0012447939496058602
0.0010687950380971478
0.0003641002040596364
0.03502070013086667
0.1029043333585381
0.017419218707113437
0.005719859541797989
0.0014274097308045741
0.0035967080428854215
0.001743677252365683
0.0012385350227276382
0.0012147517523659612
0.0006421509777496115
0.0009574183174294593
0.0006571566995857703
0.001264604377897216
0.0014058851008454942
0.0013821048841320405
0.0011851902958160965
0.0009811145170454671
0.0013261194408707433
0.0007534704218485899
0.0008169219381507498
0.0018069682383983765
0.0015494776999717685
0.0007249217525486795
0.0006405309705970197
0.0006212520316058456
0.0017456717607428618
0.00033389883542966903
0.000827818992515994
0.0010465364703263202
0.0012393321531187773
0.0005984473181356309
0.0012160981035401752
