0.309509616832502
0.30944656755007527
0.2543420711981221
0.2692393366469257
0.24502910370165615
0.24708952182860666
0.24558132924276038
0.24682847855640389
0.24467683185920625
0.24580195828237955
0.24484802424821828
0.24389386197134894
0.24433473354869006
0.24531472672768195
0.1846422108344284
0.20707694991478887
0.1763622990037586
0.18112778303657823
0.17548651643379626
0.1775705930923655
0.1764232051435699
0.1758551883497511
0.17552170966010644
0.17588682945359296
0.10494012646465067
0.1274856571429147
0.09324000058626847
0.09830020156847191
0.09289522123468197
0.09491695015088802
0.09353009011284646
0.09307608220419877
0.09275197317137046
0.012896930345263402
0.03746484651905685
0.0006505783210756233
0.006057411619101838
0.00038715727571558833
0.001976239537295754
-2.4754069077315144e-05
5.4096538254555515e-05
0.0011265748595172265
0.00011634628015183557
0.0005325249730062653
0.03597176341258451
0.09805572353616732
0.014438075434592967
0.004733695749345179
0.0005289940359829437
-4.812625597383491e-05
0.0010669022180092025
0.00048336987319497204
6.560087179413587e-05
0.0006309939464630987
0.00017195707669975802
0.0003129703654352056
0.0003965911917865883
0.000497346061127335
0.0002608677058862918
0.03534853253136211
0.10719845297191222
0.013716386567218464
0.0047742953676251365
0.001163388826977363
0.0025232034903492906
0.00041301182327230235
0.0004074204486629873
-0.00027808339756185685
0.00032404140672892545
0.0007102696238492356
0.00011243987683401402
0.000977139078046474
0.0005385141712480057
2.2873686077284905e-05
0.0003491971054725984
0.0003604442115034967
0.0008479873462766685
0.0009892604156780949
0.04081007038669654
0.0909492047664564
0.011402267266874822
0.006851817054076892
0.0004327692875115696
0.002161185632851448
0.0009214627279707233
0.00018920756157647656
-8.636700128894503e-05
0.0005674485974676013
0.00023846733470567205
0.00043606789638273025
0.001055014164856538
0.03326856848757642
0.11433773811027076
0.016007040781073956
0.00379327140048219
5.798677925650253e-05
-6.294561167996537e-05
0.00016713304456461575
0.0010814289349826423
0.0003440353532017104
-0.0006093451969720887
0.0014341258224236375
0.000328382679750272
6.881907255867903e-05
0.0005382601504192452
-0.000123903909407308
0.0011452041565128135
0.03410219607065995
0.11109184119231957
0.015192003680668142
0.00428759778720228
0.0009719324677007202
0.0007869341053884371
0.0010124525192671263
0.0006708499351135155
0.0009596950258658477
0.0008237293686189084
0.00031524997960552525
0.001045223750579971
0.0009773100526387357
0.0012204313189340676
0.00027040409098944007
0.014922251787133578
0.05474072036653399
0.006318077272204348
0.002370491013502063
0.0012795660118020136
0.0013615550183169733
0.0012744925062602719
0.000403727053198244
7.826867454907571e-05
0.000887579745503686
0.0005049218219531082
0.000987095518691472
0.0009062146610361865
0.0005844958660428112
0.0009255669880444684
0.0008419821783403614
0.00035203413872764155
0.0006335302693361577
0.0002686876405936234
0.0001053563847807637
0.03804814175408955
0.09633031438894551
0.014010625568374901
0.0059006338609900455
0.00038786623445608015
0.00132992386305808
0.0012071845114725588
-3.816802753264792e-05
0.0007347199443841212
0.0012710572100965156
0.0005576927749953997
0.0008070330366602985
0.0002515888388796017
0.0004839462489699131
0.000969294078840166
0.00010518490218136556
0.00026035609437286
0.0006022250461482637
0.000866027424593574
0.03858985530307346
0.09427779410931453
0.013319240693325074
0.0063994726436658045
0.0005563473306333666
0.002054811241244958
0.0008407183300988552
-0.00014474771831585187
0.0006534425309059899
0.0004252433575658854
-0.0004310994881152608
0.0005773406553800098
0.0003234643764877254
0.00013378094528687656
0.015284188528483678
0.05778965983576928
0.006295907189789451
0.0023856787134503565
0.000875538782160068
0.0013418397785984748
0.0011520777084810252
0.00026323595736782446
0.0010201372928489993
0.0004947442765315113
0.00020574818127305772
0.0011849588137155531
0.0006864515668187354
0.00037870496179137625
0.001237634304573021
-1.637502574625138e-05
-9.908598742935926e-05
0.0005635340112931653
0.0010164387462887614
0.0002481872463580004
0.0010381441366623667
0.0002259754439845607
0.0006759139632798727
0.0007408080628846792
0.0009038891085896283
3.8458025898302495e-06
0.017441634969820374
0.05379147878585777
0.005958195346726203
0.0027451154580425685
0.0012966041461331956
0.000977068255564928
0.0006552812734415547
0.001128352200700511
0.0004214402502891734
0.0006319577183012681
0.0010025021959036984
0.0007359820101522918
0.0007472949087742875
0.0001598714977808502
0.000917686987353783
0.0006162126538720725
0.0009890807806650637
0.0008595200915159085
-4.1055245136867313e-07
0.0006492922951464308
0.0005462562076558042
0.000593425211166676
-0.0003490485433208512
0.0009571135377133833
0.000704744218590625
0.0007796211521730045
-3.761960173609413e-05
0.0012221748726053971
0.03669759155533292
0.10014007811072162
0.015241236124128976
0.005728088263731279
0.0007721669748548821
0.0016096780587903092
0.0010164856462069882
0.00027826644896827846
0.0007665910608308235
0.0014072698482559542
0.000401573412514622
0.001425989421291629
-2.576837606649285e-05
0.0007809353866258251
0.0010853920360480718
0.03704017048858721
0.11102803941154854
0.01303446745460235
0.005911675067064359
0.0010268518861491494
0.0025510676054451564
0.0007306173578322528
0.0008423128670977387
0.00012146636656229504
0.00015415565503790196
0.0005816308699878592
0.0003015332249642899
0.0005596684495096094
0.0014786084161023672
0.0006145540106622382
0.001205732341373944
0.0001431333707113125
0.0009107426212175973
0.03762569266115556
0.09435504819491008
0.012872302472127173
0.006968295623995535
0.000180872646257213
0.002273008059585635
0.0012602311038048541
-9.259591302357428e-05
0.0007197892047282051
0.0009577121708294056
0.0008505216086562295
0.0002858686194125992
0.04402970286308955
0.09472132908713393
0.010121420137665316
0.0066607466145841565
0.0008368878965284154
0.000636878390571527
0.0005031222435034621
0.0015449980223971593
0.00011099515447321462
0.0003893326718130141
0.0005769934140364419
0.0007036647431674647
0.0005959529447545076
0.00023337314683630206
0.0010690510108230522
0.0011826076247674622
0.03323719476509679
0.11862452124034734
0.0143969877925898
0.004342946110888202
0.0012860079502974853
0.0010706606557720488
0.0033054543074194087
0.0016082325871774605
0.0009439959517850149
0.0011390500745463439
0.0009763283408263934
0.0007926667543396992
0.001556112589792491
0.0007611295735502899
0.001129075002212876
0.000767706541782931
0.0006797147493285416
0.017466706331038695
0.054736040699630284
0.006125704598940851
0.0029871561560809168
0.0005113676600755901
0.0021760155727326147
0.0005300981468279176
0.0007732026825216232
0.0006876280183541472
0.0011237855454667156
0.0009474573987524604
0.0010634822627297313
0.0007345435135647227
0.00031634339247599286
0.001078139622773755
0.0015266708845434462
0.0010837398477249738
0.00037615786777678295
0.0007083947332470752
0.04513344523842944
0.09415777214954724
0.01060684400424644
0.007868347284845312
0.0006325683745356248
0.0008145814527749651
0.0021353569002903194
0.0007117177398677232
0.0007983488608713785
0.000348641028011909
0.0007763750724444907
0.0008242816802457309
0.0008151931286421443
0.0008806841733828841
0.001049937554207736
0.0004050494363573298
0.0005512451445469635
0.0002764566669831159
0.037281521979024346
0.10667711709081268
0.013114648848293609
0.005100809184977906
0.0004142079973717405
0.002292886592957788
0.001488447440160745
0.0009557855334156318
0.0012369541868705314
0.0008188598025234972
0.0015761692526075621
0.0007862517429316207
0.0011003296814268704
0.0009776135583192125
-0.0001342623839662993
0.0008371342916470015
0.0005607589339738928
0.00026396194333944134
0.0011987551670312735
0.00038685345890326905
0.0015982983894974878
0.0010699972300147187
0.0008360891965880635
0.0003651474378997821
0.0012813554574742092
0.0009304144815782123
0.03530356200952234
0.09980281207289388
0.01601394919775051
0.005185162498761997
0.00081722647899235
0.0011999978629231856
0.001040289909739478
0.00125173535277473
0.000977102606353697
0.0015872210774017237
0.0007984212270401581
0.0010458469682678162
0.0017405863876387984
0.0012387116578845836
0.0010165782738650875
0.00021334443351150867
0.03880495709859022
0.09589386126352245
0.013748503869407624
0.00627786719102541
0.0012420624674134295
0.0016366408578383784
0.0008122552548924244
0.0006321661260251243
0.0008725175762843707
0.00011073545428114118
0.0015267438912471842
0.0005706770980785092
0.0006242626591018707
0.0007931929809526506
0.0008489129143063878
0.0008532325975465493
0.0008376233821964507
0.0006994773149547329
0.0011679050413083147
0.0010738767201895483
0.0012564528290295862
0.0381453986723877
0.10774335858096801
0.013275311704012527
0.00509695210599681
0.0006184658757594774
0.001452986051181715
0.0005847363264980254
0.0012141598192061953
0.0007400705132063479
0.0004981031914486067
0.000521615585885038
0.00034326452436755917
0.0012676376714192417
0.0006093557547889317
0.0009666249780689862
0.0007471619449913591
0.0004639606834316301
0.0020478001093162113
0.031935054189715206
0.10563335301231103
0.0174031148518492
0.004542160316024169
0.0014591193369483113
0.00046719013903295803
0.0015998811530866797
0.0013332721542403947
0.0011829744481436921
0.0008155981892163933
0.0008682483453810175
0.0006842134181644366
0.001136384598685758
0.038070771337971765
0.09571206089629608
0.013636672012997786
0.0051752890348895075
0.000842633761025946
0.0011083226074617425
0.0008616315933839269
0.0013143263328579957
0.0004252097721975656
0.0011677915074795875
0.0009588322957477802
0.0009834583017367948
0.0011322889708409445
0.0013196373180966448
0.0010706395938264168
0.03717162926517109
0.10014725501457311
0.014597619679095897
0.005742546986258146
0.000864606944322388
0.0017738708719545748
0.0008253034721278363
0.0012593025766640675
0.0009054808618187971
0.0009326914414983234
0.0004557672878554575
0.0007287674225079366
0.0010715780884736903
0.0003169609248812044
0.0006877247388248908
0.0010951983405023125
0.001188427314216034
