0.31451694782447326
0.31951697714830624
0.264398335797822
0.27612914379718745
0.25482987021769
0.2560756632165789
0.24975500126399786
0.2556041924623953
0.2540666630992018
0.25451677680980844
0.254369579245716
0.18882459725087858
0.2076232845083093
0.1799245121649964
0.18450161513702495
0.1794245061139879
0.1820734806712772
0.17819488116256582
0.18143373385567146
0.1807863774935644
0.17980649389960712
0.18111837302237577
0.10664641350075887
0.1237605584296077
0.09367440617167588
0.09545536054662218
0.0928379715655086
0.09370303460882584
0.09284921575286992
0.0928274077755854
0.09316261840369228
0.013821755315575057
0.04142950320618455
0.0019654737770156694
0.00841887805646202
0.0017706165006367014
0.0019138585463593372
0.0019440053468532392
0.0019660823993034038
0.002001229468449106
0.0495393242632432
0.07941432045005653
0.008359093118374794
0.01116222072639933
0.001191916061460352
0.001068140453957811
0.0009382621041196804
0.0014848546900486648
0.0009722145648577429
0.0011588467685534343
0.0009223427395549377
0.001004160979043045
0.0009154209484776299
0.0010616316309674523
0.0010999663615656186
0.0009533778411803806
0.001023672499733952
0.03727361869449486
0.10852026449554636
0.014252128722550939
0.005456592838841479
0.0010822329978695255
0.0013919770757541139
0.001186373768959803
0.00099752953429888
0.0013691271502522806
0.0011123724005704383
0.0010214817247873875
0.001078404723928561
0.000903224297502947
0.0011221860880098466
0.0010785528497763153
0.001064267872065372
0.0010527009441366197
0.0010233898457180368
0.04814926128521202
0.08054820886306696
0.008685329330309521
0.010303592332551126
0.00040081536930763884
0.00032797537095324847
0.0004571111421788343
0.0003850398676837896
0.0004957223528820331
0.00028258264029473734
0.000351780957547676
0.0003529932805475533
0.03131720214844563
0.11592625039325155
0.01547027124525252
0.00337310686211717
0.00013875692935089168
1.7553138635384435e-05
0.00071296821122252
0.00033177094139230645
0.00018886115968580475
0.00029015246588304233
0.00021306795155517921
0.0002647945709980948
0.03624440782395599
0.1074724300485117
0.013676821282494533
0.004287851412150656
0.0002746156380326048
0.00023219252380229927
0.00011881068811747664
0.00024487848845572424
0.00025106193374868635
0.00019355541829890743
0.0002461488377226151
0.0164949067775067
0.052370760743149114
0.005100011044512298
0.0022575972814203316
0.0003250069805047495
0.00047233915262506754
0.0002430978267169981
0.0004077948708783308
0.000288104858183702
0.00021137954006544835
0.0003787422511207783
0.00033595484940945886
0.0002664120264458947
0.04047318560184254
0.08965933648155161
0.01126959030583069
0.0068259693886329464
0.0002694503041749119
9.876447222889606e-06
0.0003505848328419492
0.00024761592862304616
0.00018119813036671095
0.00022205988860357628
0.033798878351910755
0.10082082133591064
0.015307548733213217
0.004591125662425477
0.00020739532600749788
0.00015979687085432293
0.00023109486005457036
0.0002340466341169689
0.00027864543466787906
6.731596409942364e-05
0.00025036398772182444
0.00018955654900748575
2.2589064269995518e-05
1.1643731729460427e-05
0.00019902124104015373
0.0166092272602123
0.05019217436515627
0.00516084560134672
0.002440670636779496
6.700723827746113e-05
0.0007360500374997692
0.0001482281535388208
0.0001041543009688839
0.00015613720868501435
0.00017034384399844393
0.0001868194444506477
6.163989807150827e-05
0.00014027969196572787
-2.4081792827868043e-05
0.00017441503344600706
0.00019763646905929244
0.00022753435306405168
0.016175785805521536
0.05411664262499011
0.005645339928881055
0.0021198563196759834
0.0002562190733965686
0.0006586920567075438
0.0001105382892256368
0.00019440540499082726
0.00010141565076771109
0.00019708040794214066
0.00021113703204944656
0.0003354183205475647
0.00021262175336550504
0.0361891467869464
0.09784750832542394
0.014471838995952169
0.004948538557045412
0.000255683525841488
0.00031153294986824287
0.00018071213753878546
0.00027657891037624616
0.0001136348197992576
0.00010457741433822498
0.0003253344801937841
0.00023293834324200624
0.00038969478222738996
0.0002606483602192733
0.034837748502214605
0.11279023857382664
0.013390532878565287
0.004662180742881827
0.00017041329703815222
0.000148472670953137
0.0014064986435733395
0.00035620471083830374
0.0004934358501743619
0.0005159833682910064
9.520967378529033e-05
0.00031519897149084874
0.00037261121395948393
0.0002567711056494226
0.00033119475352338945
0.0002930176429755127
0.0002374871656141142
0.0002477848882980749
0.038624301870016975
0.09234946285818085
0.0124614657154824
0.006512130592301879
0.00030380695647497236
0.0003714064246569393
0.00019593187256344846
0.00028274531425537264
2.879066947958364e-06
0.0002653067625519312
0.0001752405246542854
0.00042061033360263345
0.0001514039118315491
2.98019666123972e-05
0.00016278022889332222
0.00027068498438342914
0.03693778064972131
0.10427431681949179
0.012742440603865368
0.005418125582346389
0.00019638093061435935
0.002128349087311021
0.0005982716187593606
0.00028984173373147737
0.0002203638422272336
0.00021272857688020563
0.00016811289868101653
0.00027294721077619766
8.112587213632283e-05
0.00020783168173915678
0.00017853299498510333
0.0001868651579890468
0.00033531102244060973
0.039874407251532684
0.10350831397896132
0.010890474734563393
0.006468844859097378
5.1240018213272176e-05
0.00048374119328165044
0.00012822527814193574
7.854872697860005e-05
0.00025009019468197335
8.932892485213895e-05
0.0003922162902909587
0.00032911315845640665
-3.9423414383232824e-05
9.02916274655996e-05
0.014761680682617573
0.05409248743054146
0.0053787877508163495
0.0020363612061659597
0.00013169120401052004
0.0011435165938725733
0.0002402270587688604
0.00023777663921409342
0.00010275366632034322
0.00030880902014102096
0.00020380434821765103
0.00020432996442426576
0.00011980984722953503
7.952878871719804e-05
0.0003122354895854773
8.927187363866329e-05
0.0003035490999157564
0.0003009067154917111
0.00017652403315565612
0.0002684213235277233
0.00011906815014739447
0.0002390763554137587
0.0001438774790154529
0.00011140765997058599
9.197263113114307e-05
0.03645698700763633
0.10711109539559643
0.013509636592566654
0.004329840987053024
0.00015702175378734529
0.0002664942263889136
0.00016969552331524973
0.00013162366075569754
0.0001961216371939578
0.00010036354351367072
0.00025802437187921745
0.00019418959694422755
7.118800313177243e-05
0.0001676167435170628
0.00010350229350741813
0.0002615610390483414
0.0001513718748256676
0.00011421317286025578
0.0002450262941056658
0.00028936829652315144
0.00017340326092124547
0.00023780379234356053
0.00020137307365375445
8.450249801911225e-05
0.033416355500717976
0.11254630765930301
0.014838694812421394
0.003914293298284133
5.335233277614648e-06
9.64146785729092e-05
2.484900393606715e-05
0.00018779932817569733
0.000277414321215641
0.00024717297854481846
8.813012571884382e-06
2.019076343329207e-05
0.0378160199551939
0.09526548441531174
0.012773955883778332
0.00548342406628638
-0.00013695094432575328
0.0021862781826132993
0.00013158402221025156
0.00023091420579890443
0.00021227605923357373
-2.4065521105898213e-06
8.968092766431512e-05
-3.535531741338804e-05
0.00015874540604382537
1.5802168211620504e-05
9.903216455114938e-05
-9.980583496105311e-05
-1.5786092659841877e-05
7.384010015709652e-06
0.00013735659210756257
0.034995879902339044
0.09959842984344458
0.014817579549655735
0.004578554902767762
-0.00014256511140542383
0.0002120082465997264
7.384410126981544e-05
-0.00015481036060005504
9.180417412885111e-05
-8.536550674131949e-05
-1.74211082365483e-05
-2.7729515046592823e-05
0.00018893759864024862
1.2620471261548527e-05
0.03699798662658743
0.10413014572171603
0.012777745588078704
0.005102739981030335
0.00014081615029343242
0.0005714953665540978
5.870465913621059e-05
-7.819028805522432e-05
-8.373793045624023e-05
6.500106107049097e-05
-5.851913408727594e-05
-7.4154217754141e-05
5.2010049622353005e-05
-1.155305587552391e-05
7.975443281060812e-05
0.03574449932174778
0.09858822648177612
0.014308740266613051
0.005043689707486643
0.0002874054135063586
0.0021544765722360526
0.00045280946517822773
0.00025442683276682976
-3.334881572503168e-05
-4.240298570501455e-05
0.0001346441579928026
-2.4166573594164298e-05
0.00032220540166721934
4.104020866885216e-05
2.9780887203345596e-05
0.00010588305928022068
0.00011299143575282944
0.0364984062039056
0.09663039526224754
0.01357754300964309
0.005092654034195954
0.0002353611942909617
0.0021908741698803413
0.00042781055870566576
0.00025370334139096506
-7.88298699017087e-06
-2.6972104336775438e-05
-1.1271562181724981e-05
-5.6554113705420406e-06
0.0001269320614706304
0.00017040648323646268
8.468134731870469e-05
-1.9255068449797186e-05
6.879239569673734e-05
0.00023312746227682757
0.00013147567858112774
0.036753558814865916
0.09572686970011585
0.013871317717431442
0.005590801684624225
-4.934567529246703e-05
0.0020761587823684424
0.000334655599165512
0.00011357014359864026
0.00018456048241999312
5.424762147598905e-05
1.9715114837393077e-05
-9.373396414813495e-05
7.159087377578421e-05
8.773430834740914e-05
-6.37415280332343e-05
0.0001185332009543405
0.00019208150670102508
0.00014349707022920377
0.0001980005574811483
5.123258807027131e-05
0.00013564541612320902
