0.24627492536549211
0.24627492536549211
0.32855772425936525
0.2902584901298268
0.33967659421705493
0.3303981340292939
0.3395332533760406
0.3380334712696888
0.33907410062370313
0.3393659220932776
0.3395332533760406
0.4592496786863679
0.41281525437462446
0.4777750764368999
0.46652576656983064
0.4779637667555884
0.47742665199588397
0.4778686500335542
0.4776502322265755
0.4777750764368999
0.6668434707077404
0.6224166228870188
0.7034082766400171
0.6926453273267252
0.7034887727747056
0.7028173869925779
0.7033996883811848
0.7034718455205463
0.7034718455205463
0.9551949587045131
0.8627280227235683
0.9954542854226982
0.973053034050691
0.9956933293566368
0.9931166881860173
0.9948485644082704
0.9952383622000897
0.9956050556728699
0.9954542854226982
0.8521107074752727
0.7194968275697617
0.9619300287594579
0.9688492046851908
0.9964601581168624
0.9963448258519019
0.9915263510703345
0.9957892176931276
0.9963811329118047
0.9962227359759601
0.996392443158335
0.9963736231553673
0.9963811329118047
0.8889426570351401
0.6657728201300445
0.9399646923885011
0.9840204182082566
0.9967865873431176
0.9958918182248782
0.995908661795962
0.9961571304155131
0.9960080946109701
0.9959473020738008
0.9959235174054244
0.9959022458890999
0.9959143501889225
0.9959143501889225
0.8577277586846539
0.7119457941845022
0.9590612543906812
0.9713650651185983
0.9964919465789062
0.9964516124094496
0.9963476174212098
0.9962161775637539
0.9963575754223202
0.9963023807690234
0.9963310635376611
0.9963414001749549
0.9963514629286891
0.9963447129219063
0.9963476174212098
0.8879580691586457
0.6671913575020736
0.9405386773523117
0.9836093192684077
0.9967501712793123
0.9966972729813721
0.9966967069712209
0.996749461351379
0.9967392107400896
0.9967469587975202
0.9967483525478373
0.996748892618246
0.9967477206050128
0.9967477206050128
0.8958453588950404
0.6560929872443612
0.9361392816002774
0.986986023203168
0.9976543370609418
0.9956483944600866
0.9968144822756819
0.9963762662640818
0.9966129086851941
0.9966972587888823
0.9967735012788933
0.9967285964435229
0.9967576087944535
0.9967404377888491
0.9967515035168613
0.9967449420212743
0.9967432227816095
0.9967460038133098
0.9967442855087527
0.9967438796513266
0.9967445363002683
0.9967441304949667
0.9967443813063859
0.9967442263002089
0.9967443221007459
0.9967442855087527
0.8756395122695194
0.6865832598503195
0.9489516227487038
0.9789835258211617
0.9967356671902895
0.9927892154474192
0.9962078953785461
0.9966816741106468
0.9967348836330905
0.9965550435568803
0.9966801598331272
0.9967071613964785
0.9966921626545827
0.996698179388068
0.9966882662868908
0.9966945028203908
0.9966906904087658
0.9966921626545827
0.8804468612921303
0.679222391383582
0.945823423165004
0.9808538872658251
0.9967456711928997
0.991915651410585
0.9957489181241324
0.9965563394716676
0.996404637413211
0.9966164823547854
0.9966233640525378
0.9966523247560893
0.996631717098998
0.9966397930808134
0.9966285565345956
0.996634831693821
0.9966305142500448
0.9966329111225463
0.996631717098998
0.8550314991701988
0.7174606541915665
0.9618543594868885
0.9707525659045266
0.9974661837261701
0.9973539415289758
0.9920841214201717
0.9966192494642658
0.9953482028077114
0.9971193141857564
0.996874242053787
0.9962011221140326
0.9964693714559117
0.9967219976648541
0.996782193356891
0.9966835318047906
0.9967219976648541
0.8703875475803604
0.6944652776875817
0.9522495531741675
0.9768899206770063
0.9967108627958169
0.9915261823019222
0.9957323246441303
0.9963837858992148
0.9964121318439678
0.9961726176791249
0.9962905970920648
0.9963240177977087
0.9962470841235564
0.996274202935653
0.9963035074335616
0.9962839042461997
0.9962905970920648
0.8725548113782161
0.690324999944006
0.9502236313181447
0.977474370926604
0.9962742672349847
0.989032983799666
0.9948937173092318
0.9959985697176315
0.9962647084386854
0.9962749777304238
0.9962708103279343
0.9962729751516038
0.9962742672349847
0.8922060001091235
0.6606320646898776
0.937733304208991
0.9852447187915827
0.9969670368716779
0.9969115520561829
0.9967704804833245
0.9968942758405326
0.9969395893489902
0.9969234830053364
0.9969052050884908
0.9969162608798459
0.9969086005870413
0.9969086005870413
0.8721638623699117
0.6921602025227183
0.9514043970347634
0.9777116071898484
0.996907671479119
0.9906367880684026
0.9955208815789309
0.9966489495940978
0.9968856822623926
0.9969232155216579
0.9968206211675191
0.9969102568664305
0.9968645317326452
0.9968964887301937
0.9969022900099913
0.9968925681722389
0.9968987837449077
0.9968950214325392
0.9968974654655851
0.9968964887301937
0.8829861274862212
0.6758014824708627
0.9445210408044324
0.9819888999765469
0.997037658111642
0.9969218736690664
0.9970129989721748
0.997033893153271
0.9970358833149069
0.997025501922497
0.9970261264066205
0.997024864256808
0.997025501922497
0.8963267242776676
0.6559261151260263
0.9362531910698941
0.9873528252375554
0.997996135091879
0.9979113802509638
0.9966902703263901
0.9979008557298642
0.9980186290471239
0.9980133186672243
0.9979710048559196
0.9980039521269601
0.9979875929927257
0.9979993038147711
0.9979930264860231
0.997996135091879
0.8790243274355469
0.6839966589370572
0.9486939222248016
0.9811178196537974
0.9980023343024249
0.9902660638938208
0.99686311871632
0.9977568580197232
0.9977995342869465
0.9978810592539371
0.9978329050547525
0.9977836816016773
0.9978126062766883
0.9978204840471281
0.997807660709148
0.9978156334561652
0.9978126062766883
0.8716901712907599
0.6946965177354875
0.9530693202819464
0.9780975072438169
0.9978461963170572
0.9911810114750401
0.9963625499841429
0.997846069277956
0.9978441863523164
0.9978468740851243
0.9978468411848629
0.9978464989488393
0.9978463201282383
0.9978463201282383
0.878733468281004
0.6841338176616649
0.9486523084693834
0.980907621925008
0.9977848242618925
0.9901564404637934
0.9971890689259341
0.9977784731562124
0.9978660215158837
0.9978601468618047
0.9978561002361404
0.9978542340791412
0.9978573743330135
0.9978554056272599
0.9978565967422792
0.9978556101600805
0.9978561817922492
0.997855914378078
0.9978560183583474
0.9978561002361404
0.8858442041401557
0.6734211094733759
0.944156393185142
0.9837292560953104
0.9980781810190674
0.9979713961633667
0.998009017587933
0.9979322153971568
0.9979239775234712
0.9979478899626735
0.9979383059661534
0.9979290951156601
0.9979345568758341
0.9979315320681086
0.9979328971539916
0.9979322153971568
0.878977600343666
0.6839384019876278
0.9486270878280655
0.981058771201025
0.9979541013306124
0.9960652964653591
0.9976632168299024
0.9978998889777141
0.9978893429215545
0.9979016713857698
0.997895970245718
0.9978980770930581
0.9978998889777141
0.880972181534265
0.680862800109594
0.947313039400795
0.9818280010200318
0.9979494198980096
0.9896712942539458
0.9965100561939495
0.9975395845054158
0.9978007459293231
0.9977156884897191
0.9978442299779209
0.997770401343746
0.997818174517526
0.9977894682098714
0.9978075225697742
0.9977964838729765
0.9978033518120952
0.9977991246288349
0.997801972824014
0.9978007459293231
0.8836930352327451
0.6765563968565037
0.9454374338917584
0.9828424067751842
0.9978793683534127
0.9888831534160712
0.9956553625499154
0.9971416848382475
0.9976125861593865
0.9977381529448377
0.9978345120496083
0.997778191197346
0.997793300334574
0.9978141883595473
0.9978059599826467
0.9977979245843177
0.997802749119558
0.9977996715715367
0.9977990055423342
0.9978000824211586
0.9977994173549336
0.9977998285723697
0.9977995744962693
0.9977995144838707
0.9977996115796357
0.9977995515750688
0.9977995374080633
0.9977995515750688
0.8656596742017356
0.7037721967793876
0.9568750465080588
0.9757015064067696
0.9980171268520366
0.9919558808363156
0.9976128543281373
0.9980110605405208
0.9979901942547467
0.9980138162684937
0.9980170526666754
0.9980159875220307
0.9980168635048776
0.9980165945455393
0.9980170137578139
0.9980168635048776
0.8839100232091633
0.6766643181137186
0.9456259798372006
0.9830654147829898
0.9981496211137375
0.9968166015694422
0.9980115971163996
0.9981510646993326
0.9981175812983847
0.9981580751327329
0.9981584159181589
0.9981559989590232
0.9981586456996299
0.9981574503219617
0.9981583573231383
0.9981578610188028
0.9981580751327329
0.8675861903292617
0.7015867990675361
0.9561940946883924
0.976691721160653
0.9983106861355846
0.9921916429278381
0.9974865168437759
0.9981265299556308
0.9981170735497991
0.9979278232699431
0.9980105704593517
0.9977789664607932
0.9979402296711107
0.9979152128009203
