0.01331586504129518
0.007152789743984055
-0.015454002921112682
-8.383849928522256e-05
0.006213359738904804
-0.007200855607188968
0.0026551158569211955
0.0010854852571496943
4.291430934033236e-05
-0.0017460021059294128
0.00433026189953598
0.01203037373812212
-0.009650656705167633
0.01028274077982704
0.002286301301246597
0.004451376128303479
-0.011366022118310441
0.0013513687844863551
0.014845370018365823
-0.01079804885785276
-0.01977728280657907
-0.017433722958989074
0.00266070164000551
0.023849673307110967
0.011236912534094234
0.016726222133078276
0.0009914921583524363
0.013979963770935753
