0.22999893150275894
0.22999893150275894
0.3167364875498808
0.29100721370973165
0.33215913798440977
0.32592590537154614
0.331813517090541
0.3316721753776928
0.33023801927327684
0.3309834875116672
0.32888046505074087
0.3297618683779623
0.3305502689552055
0.33023801927327684
0.45466619958906246
0.41761014050274436
0.4767535233888079
0.46777623792331385
0.4767247520362618
0.4736280036174337
0.4765128146010251
0.47674711101270706
0.4767535233888079
0.6675608715889211
0.6254038746634242
0.7051390873539322
0.6949260373604137
0.7052728040734152
0.7052131498643858
0.7033659808541126
0.7048123880474013
0.7051045690255321
0.7052131498643858
0.9514303387780986
0.8525149941248911
0.988667657917751
0.964704200165478
0.989132825529004
0.9890878112681973
0.9827665478263974
0.9878597693798141
0.9887921004490562
0.9891567922662202
0.9890878112681973
0.8105022379440809
0.7694705736823475
0.9787151725363518
0.9483361591503334
0.9963332101008037
0.996284181814172
0.995015910817076
0.9960017589716544
0.9962057882542902
0.9963174481105702
0.9963290221755707
0.996310218877084
0.9963233611014689
0.9963174481105702
0.8927875636860636
0.6598412955539672
0.9374295648618162
0.9855023751944731
0.9970592200322173
0.9970513096299229
0.9952235145415673
0.9966349162584427
0.9970495155502161
0.9969631807308218
0.9970270483576475
0.9970429681710695
0.9970375196316789
0.9970456654156423
0.9970429681710695
0.854284673704204
0.7194164320036931
0.9629488178627237
0.9707177433089273
0.9979753521548427
0.9979660829661134
0.9979767368324627
0.9979772448595025
0.9979744550080729
0.9979718703547
0.9979755099310466
0.9979744550080729
0.8906424443469623
0.6664174619611164
0.9412912779291187
0.9857041530278647
0.9984500697089559
0.9979906454187257
0.9984509837312763
0.9983294914287367
0.9984236996467866
0.9984428695810881
0.998447738576354
0.998449221267597
0.998449221267597
0.8739963369607633
0.6924983949973869
0.9525672691739169
0.9794144473058186
0.9984553002869523
0.9938874542374213
0.9976834474465507
0.9982993612412535
0.9982553873462051
0.9983017327124266
0.9982831917907246
0.9982932765521082
0.9982894594625531
0.998295753638391
0.9982932765521082
0.8780899690865193
0.6860055805124372
0.9497351130824606
0.9809363600094109
0.9978161457349527
0.9908546933160063
0.9970903517487915
0.9980378613253222
0.9982586020869653
0.9982374324836527
0.998177136289436
0.9982648496254525
0.9982685707425007
0.9982552652195485
0.9982613182681642
0.9982662941128821
0.9982635196696188
0.9982654047476702
0.9982643443853949
0.9982648496254525
0.8722662920238584
0.6947381294182162
0.9533864418807771
0.978612496320455
0.9982910883556884
0.9914728067064935
0.9974064259401922
0.9980165002919598
0.9957965803986816
0.9968874602604826
0.996507415092643
0.9970996905262017
0.9967476423441884
0.9969705677083641
0.9968348346853306
0.9969196449671885
0.9968874602604826
0.8631575614783473
0.705711046585298
0.9570856127629032
0.9741322352283777
0.9971810039164679
0.9969841811679996
0.9924584443579462
0.9958209576136063
0.9965714117129003
0.9967800674644252
0.9969266337561933
0.9969494664820316
0.996911996069245
0.9969108859800734
0.9969122361120866
0.9969115723179702
0.996911996069245
0.8794321010594568
0.6811969078065507
0.9467989337666932
0.9805915530803205
0.9966893946300336
0.9944280581365539
0.9964183413660098
0.996900438586593
0.9967755021310536
0.9965969270872936
0.9967242482814102
0.9967332423009291
0.9967112218379529
0.9967242482814102
0.8761990160617423
0.6856984163210084
0.9485664602933359
0.979192345616641
0.9963931015071656
0.9945278265567552
0.9964547887805009
0.9964280055421447
0.9966408387850538
0.9964726475178913
0.9964447057016713
0.9964616811475133
0.9964547887805009
0.8632256155695629
0.7047365983722931
0.9563894008677775
0.9738847165875602
0.9967298356616225
0.990715416031025
0.9964917793333333
0.9967305400505073
0.9966797583413893
0.9967196253405202
0.9967288134895169
0.9967301572205078
0.9967294520390556
0.9967298356616225
0.8775609870918499
0.68365401639411
0.947710930715236
0.979735149806128
0.9967210030193949
0.9890950504210343
0.9956827061507776
0.9965471374424372
0.9966834151463245
0.9967471406118728
0.9967222769083546
0.996739462538346
0.9967257994791534
0.9967339529692246
0.9967314725525963
0.9967283428503441
0.996727390036908
0.9967289201840067
0.9967279816316166
0.9967285644125007
0.9967282052744411
0.9967284276313363
0.9967284799350662
0.9967283952700245
0.9967284476180414
0.9967284132789836
0.9967284276313363
0.9009595553873662
0.6483351307365326
0.9328659850941312
0.9889987036186602
0.9982269131658836
0.9981979800120614
0.9980654972864639
0.9977130914108504
0.9977535167698437
0.9973974353919948
0.9976013437080424
0.9976716948368303
0.9977287263631922
0.9976974671400697
0.9977203513438483
0.9977057802414528
0.9977130914108504
0.8660916359357922
0.7029460289148441
0.9564705362114929
0.9758176918848739
0.9979089085331685
0.991877610726572
0.9974225173170147
0.9978654482349427
0.9978770012245768
0.9979043348926169
0.9979029785990998
0.9979089162477903
0.9979075564741908
0.9979091674858752
0.9979085252939351
0.9979090447950625
0.9979087489978773
0.9979089085331685
0.878847811233707
0.6840873380488712
0.9486742415728916
0.9809925977531083
0.9979293100673892
0.9976159909556925
0.9978900699853652
0.9979178880206973
0.9979264214952498
0.9979091768922187
0.9979217560034264
0.9979148399772587
0.9979194542352025
0.9979167645228257
0.997918499213705
0.9979178880206973
0.8755111969149322
0.6891414657074679
0.9508043670838238
0.9796771922472269
0.9979178285031023
0.9910344159246713
0.9962135876168182
0.9976762613019188
0.997885341442629
0.9979141736996833
0.9979177411313741
0.9979180174752347
0.9979180128237273
0.997917982799372
0.997918014571209
0.9979180178747232
0.9979180162838543
0.9979180178479461
0.9979180171055673
0.997918017649713
0.9979180173160525
0.9979180174752347
0.8752259201651741
0.6895723019160376
0.9509855270310102
0.9795643216723033
0.9979135750115341
0.995375849311142
0.9975286590206808
0.9977494161214288
0.9975211329282399
0.9976237015264511
0.9976899332149828
0.9975889625724996
0.9976499924611935
0.9976106606253237
0.9976338885971375
0.9976180449223065
0.9976237015264511
0.887486398240867
0.670474275152511
0.9427639064382203
0.9842320461632277
0.9979152219448942
0.9979287663323148
0.9960899424637633
0.9977228706532117
0.9979103290013004
0.9979370473109072
0.9979341650421445
0.9979243505761719
0.9979211531792729
0.9979255485326357
0.9979231715066216
0.9979243505761719
0.891130655477912
0.6655796438140444
0.9409059585974654
0.9858656720994914
0.9984160845473257
0.9982053506144919
0.9984333742742437
0.998387600740666
0.9984312209053066
0.9982674305862866
0.9983499842441598
0.9984087556650918
0.9984190530045821
0.998401330788777
0.9984129393136189
0.9984060152639812
0.998410620344256
0.9984087556650918
0.8760083859245071
0.6893800300072097
0.951229855436587
0.9801854302586213
0.9983930490434465
0.9910646589255083
0.9971188442766312
0.9981271107196334
0.9983424506633529
0.99840328070451
0.9984043633943952
0.9983996280048409
0.9984019940285633
0.9984028050725396
0.9984037081253325
0.9984031013394912
0.9984034459883511
0.99840328070451
0.8783244505114511
0.6858733045852665
0.9497524024428633
0.9810989816121831
0.998368360739585
0.9909300493011572
0.9979190166625413
0.9982769964771936
0.9984129219255593
0.9984046783774913
0.9984125919787705
0.998411053775725
0.9984131181711089
0.9984132412183064
0.9984123951939872
0.9984130795323208
0.9984127479913374
0.9984128641179647
0.9984129873269251
0.9984129219255593
0.8838282141131033
0.6775857602983616
0.9462756561711455
0.983284261857609
0.9985004314749317
0.989589825972375
0.9978910013254216
0.9983682339861335
0.99844529926294
0.9984691513602535
0.9984821663220949
0.9984604482253792
0.9984617766624061
0.9984647040564806
0.9984629014133187
0.9984612705642011
0.9984622072398832
0.9984617766624061
0.8779248046672689
0.6865943558873338
0.9500942061585906
0.9809778522905295
0.9984583083802067
0.9962556116272525
0.998072227345735
0.9983892789260436
0.9984397674782656
0.998467071334044
0.9984523682042993
0.9984627407441913
0.9984562060248292
0.9984601597226189
0.9984575296571031
0.9984590386300769
0.99845795546035
0.9984586549983797
0.9984586549983797
0.8795505517106976
0.6841342854762869
0.9490582061782882
0.9816195715964968
0.9984575357400004
0.9977814741924441
0.9983080700490577
0.9981484677747762
0.9983810321080473
0.9982531687673626
0.9983382545492847
0.9982879840053611
0.998319937317762
0.9983005268944675
0.9983128245861828
