0.4319953848836801
0.4319953848836801
0.5127511048590863
0.49332118431026156
0.5250805518625223
0.5212205995678116
0.5236689232501994
0.5241389141402205
0.5247944670901887
0.524335882139565
0.523931920357231
0.5241389141402205
0.6229411122772116
0.5909144523578151
0.6364565894627066
0.6298238263525916
0.636420648439814
0.6363267578305578
0.6364875059753498
0.6364110342732484
0.6364565894627066
0.7688009941674978
0.7291767271538546
0.7878192199599092
0.7795088487075423
0.7877810647909731
0.7860083964249974
0.7874055108109377
0.7876826797720455
0.7877810647909731
0.9680247771248787
0.9127236085395595
0.9926941443019969
0.9805160843389602
0.9927685293933279
0.9919637676119477
0.9926013763713827
0.9927499113233966
0.9926941443019969
0.8669040541824555
0.8621184597063969
0.9917608920161486
0.9652072931056823
0.9990688230417871
0.9990687245554799
0.9979897205725784
0.9989094629053623
0.9990336580223448
0.9990673485118583
0.9990687245554799
0.9692691433678523
0.8698406883955743
0.9821649198712947
0.9967087173903002
0.9993782088663987
0.9993766186523192
0.9989598307822728
0.9992801561303571
0.999376050012929
0.9993771148556493
0.9993775347527223
0.9993771148556493
0.9131114736174275
0.803663371368306
0.9777978915000496
0.9851341845873351
0.9997065940783336
0.9996381572219925
0.9996632794059753
0.9996853965154463
0.9996726204958586
0.9996599100854755
0.9996665253186179
0.9996632794059753
0.9666841767786403
0.878277338442421
0.9845021463227804
0.9963065215587775
0.999773689862372
0.9997738407042079
0.9997472122172277
0.9997681175626011
0.999772224406997
0.9997732268599044
0.9997735201158449
0.9997735201158449
0.9612049655194757
0.8900804791150907
0.9873577631218718
0.9947265994540854
0.99977423926848
0.9980446231691047
0.9995449130080395
0.9997268137233517
0.9997644985795331
0.9996733317690614
0.9997554921373059
0.999708720394812
0.9997392825055906
0.9997248291386026
0.9997193812124292
0.9997227814631053
0.9997248291386026
0.9896530994015575
0.9631032747899831
0.996104921975427
0.9984775727954697
0.99972530182566
0.9995375851406016
0.9996991974994014
0.9997196556947889
0.9997247004653849
0.9997252990004657
0.9997251871184819
0.9997253338461325
0.999725267617771
0.9997253188855351
0.9997252901609573
0.9997253090465141
0.9997252975746233
0.9997253046865748
0.9997252998600561
0.99972530182566
0.9241946208337297
0.7836773633821148
0.9719133207452426
0.9892200953214266
0.9997231570987711
0.9985768305673364
0.999555984296973
0.999688730300899
0.9997196355737907
0.9997243488503947
0.9997250774029118
0.9997251145538364
0.9997253028818479
0.9997252560791317
0.9997253148898061
0.9997252881140168
0.999725277314726
0.9997252896373393
0.9997252840977495
0.9997252866120707
0.9997252887009678
0.9997252885479337
0.9997252888535708
0.9997252887009678
0.9188031414551876
0.7943229250980515
0.975052917124537
0.9873637838329294
0.9998079515686749
0.999803565065199
0.996275524268647
0.9993004812836072
0.9997364614934774
0.9997984851248573
0.9998069383849137
0.9998047036697866
0.9998077051087052
0.9998066758990436
0.9998073575045201
0.9998071374910922
0.9998069383849137
0.9895054561620377
0.9632829641431928
0.9962302351899948
0.9985059726983113
0.9998042203185219
0.9997711454643042
0.9998030787642573
0.9998042793214061
0.9998038077129527
0.9998040661353922
0.9998041606726508
0.9998041606726508
0.9896300664531129
0.9631181242303879
0.9962106530214057
0.9985265254346798
0.9998038811234091
0.9992967096941598
0.9997337556490183
0.9997895183817761
0.9998014407128684
0.9998035407295096
0.9998042859432179
0.9998039850001688
0.9998042423774733
0.9998041024895212
0.9998041968206386
0.999804139749752
0.9998041752006227
0.9998041528706393
0.9998041663269865
0.9998041577202424
0.9998041628477551
0.9998041595489718
0.9998041615057048
0.9998041602440332
0.9998041609911756
0.9998041605090194
0.999804160794364
0.9998041606101618
0.999804160719148
0.99980416063119
0.9998041606470274
0.9998041606231582
0.9998041606372394
0.9998041606281222
0.9998041606335007
0.9998041606349286
0.999804160632618
0.9998041606340461
0.9998041606331084
0.9998041606335007
0.9248477484890686
0.7828047649043115
0.9715797692020134
0.9895422747371725
0.9998046958805524
0.9956775474447117
0.9993346650955627
0.9997109491223429
0.9997795349785173
0.999798476017245
0.9998052705399305
0.9998025322581672
0.9998047166845874
0.9998049786979559
0.9998046536457255
0.9998048241267198
0.9998047587979209
0.9998046929314739
0.9998047329271567
0.9998047076592083
0.99980472291156
0.9998047166845874
0.964074442274325
0.879341559627723
0.9862730393556534
0.9952862642743624
0.9998080842353092
0.9997642481977292
0.9998079246572145
0.9998092552952083
0.9998091775792068
0.9998085961127341
0.9998088542159997
0.9998084681386767
0.9998086999521747
0.9998087608820871
0.9998086999521747
0.9244704297205912
0.7834607003805658
0.9718415135273512
0.9893939099705911
0.9998087106679708
0.9986233903686995
0.9996305217672756
0.9997755985886096
0.9997900625376638
0.9997748898723202
0.9997816079319617
0.9997779646580733
0.9997765126624508
0.9997755985886096
0.9652083946165286
0.8813667054738732
0.9853318364555139
0.9959498505519437
0.9998289984726947
0.9998198516955781
0.9992999929266035
0.9997620301579354
0.999823000569656
0.9998072022012672
0.9998240447985853
0.9998174332027889
0.9998210700242428
0.999822291757454
0.9998217292075674
0.999822291757454
0.9626954769632377
0.8834141739443384
0.9872361636534769
0.9948119432320023
0.9998242562565192
0.9980833659994954
0.999592092675311
0.9997892410653414
0.9998169384461962
0.9997344087152138
0.9997712802167558
0.9998022203979053
0.999782815727341
0.9997945489414848
0.9997868502765774
0.9997913195936449
0.9997883371253349
0.9997901174377722
0.9997892410653414
0.9892396589257395
0.9638165323426958
0.9963360708897918
0.9984120253042881
0.9997887429049258
0.9995108663379852
0.9997400998171255
0.9997749114389608
0.9997852596343886
0.9997877924939378
0.999788338245961
0.9997889478347055
0.999788594959832
0.9997888233184862
0.999788687360892
0.9997887739320088
0.9997887218299246
0.999788754801713
0.9997887348755534
0.9997887485008902
0.9997887429049258
0.9604456653614066
0.8914282299723435
0.987696888068367
0.9945213785144613
0.9997945268044689
0.9994527317198169
0.99972050679711
0.9997214040095714
0.9997714521335063
0.9997834056892119
0.9997915989793074
0.9997849925129476
0.9997879728692719
0.9997899282289424
0.9997892094330316
0.9997884537725589
0.9997889231125907
0.9997886331949415
0.9997888120313565
0.9997887011057638
0.9997887693516538
0.9997887269545791
0.9997887530129186
0.9997887592561441
0.9997887491529197
0.9997887553979663
0.999788751538663
0.9997887539239765
0.9997887524498225
0.9997887533609191
0.9997887527978377
0.999788753145844
0.9997887529118676
0.9997887530129186
0.9640055063812956
0.8845778769895357
0.9860495147090199
0.995575953686324
0.9998090797613932
0.9997850604029479
0.9998096450228933
0.9998046730787703
0.9997998740950791
0.9998068463647305
0.9998030271212577
0.9998018942284626
0.9998036831203488
0.9998026048208126
0.9998032109273146
0.9998029235993009
0.9998030271212577
0.9205428820913416
0.7902168531868883
0.973939425050349
0.9880608904229724
0.9998375834758095
0.999669999420805
0.9997833989083726
0.9998226754794945
0.9998114730777512
0.9997960430469525
0.9997914094584444
0.9997987856041246
0.9997943017753975
0.9997971015352427
0.9997953821133281
0.9997964489473886
0.9997957912015969
0.9997961983196654
0.9997959469394146
0.9997961160279184
0.9997960430469525
0.9242778095469253
0.7826081546176116
0.9717016726809855
0.9893530836452713
0.9997957333907823
0.9974913855881504
0.9994692262480234
0.9997209370715061
0.9997801179671448
0.9997945300391506
0.9997961318556766
0.9997960900716276
0.9997961350469875
0.9997961171374208
0.9997961264149842
0.9997961318556766
0.9628743555735545
0.8862365224060158
0.9864930183403359
0.9952619756581197
0.9998023007148781
0.9977742478379548
0.9995553151215024
0.9997499440219878
0.9997911098143889
0.9997997736863306
0.9997964290174804
0.9997943876258496
0.9997954755810194
0.9997958850619765
0.9997961547907751
0.9997960381551008
0.9997960961478546
0.9997961182285557
0.9997961406211004
0.9997961266523383
0.9997961352044995
0.9997961298684349
0.9997961331349196
0.9997961310966554
0.9997961323443196
0.9997961315657619
0.999796132042324
0.9997961317449398
0.99979613192697
0.9997961318133791
0.9997961318829085
0.9997961318395204
0.9997961318660783
0.9997961318495059
0.99979613185965
0.9997961318533197
0.9997961318571943
0.9997961318547763
0.9997961318562563
0.9997961318553329
0.9997961318558981
0.9997961318555454
0.9997961318557613
0.9997961318556267
0.9997961318557091
0.9997961318556576
0.9997961318556893
0.999796131855668
0.9997961318556766
0.9195585851901635
0.7926520971164753
0.9745758099025312
0.9877144977216091
0.9998534276311037
0.999696203497965
0.9998169015927977
0.9998167165572187
0.9998170861705793
0.9998169015927977
0.9240375554120012
0.7831744493750399
0.9718315995555378
0.989304857695788
0.999816828638971
0.9981832634398211
0.9995805390605778
0.9997653787022773
0.9998027851359071
0.9997987780332449
0.9998030728596214
0.9998117801185139
0.9998079289555366
0.999805051128218
0.9998038464956457
0.9998033709891339
0.9998030728596214
0.9278848837810345
0.775894298976483
0.9696842399239134
0.9905917052636036
0.9998411908703675
0.9950072524813609
0.9995695178289302
0.999788764404518
0.9997249773444052
0.9997758580252977
0.9997908410738077
0.9997839985332995
0.9997869679198392
0.9997895624557077
0.999788081697733
0.9997890699382308
0.999788504142816
