0.3078957763527572
0.3090783829147219
0.2542583918641693
0.26815279207433496
0.24538032267944493
0.24727358303805164
0.24393768224686752
0.24540560667095151
0.24481572600125873
0.2452000810605442
0.2447905738940701
0.18254457358967469
0.20287803266394144
0.1728709870024263
0.1773479189742595
0.17315079627027347
0.1729909436309684
0.1722172854606276
0.17236862107395706
0.17300088251781187
0.17323378943753237
0.10071129076768554
0.12364612014537496
0.09013123733829659
0.09506157358431988
0.09022590486228094
0.08945464273518838
0.09128097831485515
0.09066695326826851
0.09068922081287345
0.08962006935649341
0.08971622767223353
0.012981264445058538
0.04342395256989423
0.002017965182781023
0.009227062616715742
0.0016133652495292083
0.0023989819339903518
0.0010858283327826457
0.0011733886305042018
0.0025900658684833155
0.047487181648142585
0.08286004146233084
0.01022513954597909
0.010610574660951277
0.0012995605912122232
0.0018156216738589026
0.0009110402618694446
0.001273426571953673
0.0008096926531465654
0.0011446961553096546
0.0018627388200818662
0.0014342747152586433
0.0009935270429514143
0.0014921165381440726
0.03196046482778353
0.11945496172292797
0.016575891171204227
0.0039713538732616405
0.0009298923175164453
0.0010449540607471164
0.0015949617548970396
0.0011252138099682174
0.0007461162505653651
0.0017196077443292768
0.0011426458849116417
0.0011976338686314203
0.0014070119661558356
0.043641022259113815
0.08616220990395573
0.010573978300446818
0.00866825198227289
0.001653447774705663
0.0017196352242950796
0.002177542535362176
0.0006018083798484675
0.0017436282423417548
0.00021651166686753598
0.0014152046785401162
0.000865729052084041
0.0014406849626806273
0.0018835774440497666
0.0017148536890243538
0.0014444090636865359
0.0006092396385494192
0.0022721811388199953
0.034232772301827585
0.11275427526968623
0.01625526812702227
0.004493123046487801
0.0011271300528932215
0.0014623144909558516
0.0008266550054694677
0.001359395856567247
0.0008818053414045846
0.001150626666316712
0.0014321331503054369
0.0013042050291783291
0.0014048530214623156
0.03995803263944697
0.10462738832959767
0.013295919856784466
0.00631689102814037
0.001565536243460619
0.0007817197043432089
0.0029502144544884534
0.002408797386187378
0.0020071565774754108
0.001750523480288424
0.0013263434307651534
0.0016646353007251924
0.0013652318220858106
0.017749741663743213
0.05632869428943166
0.007792336420076984
0.003279451365459929
0.0017367222957321293
0.0027239737990373825
0.001650799585701579
0.0022664822048223954
0.0015391026255958118
0.0015154074091492942
0.0019357531831363795
0.0014095811396174218
0.0016425032385899985
0.0008729740212243264
0.001186710750807507
0.0020321364289516697
0.0018067720992051006
0.0022952750321132975
0.0027186128747296867
0.0021083965530247495
0.0017505481222896968
0.0023364357989396622
0.0018180799776839618
0.04201762989749286
0.09345785670934531
0.013447866602058378
0.008395585826275365
0.0013474305298845635
0.0026221713908557986
0.0017178011194196041
0.0012872426234600831
0.0020096919444900774
0.0016015053900962362
0.0019180111875818362
0.002122313992499958
0.001620870611155123
0.002166971377858873
0.001518228726770543
0.001978460229701051
0.047936145827709165
0.0848224624643728
0.010052110417285653
0.009798479822423212
0.0007203684383794151
0.002206431275062981
0.0015992253919929755
0.0014233250166973965
0.0015909697254190558
0.0009034179567116718
0.0011648855841885353
0.0010147832715308724
0.0010829904574873317
0.0007442940555640876
0.01662260233763546
0.0558697210888095
0.007152152284238655
0.003424830855972061
0.0009346440792986077
0.001833461803448011
0.0011517758129385158
0.0003741253721985527
0.001017082855981566
0.0007414788939499317
0.0015023063067238773
0.0013116033286605933
0.0007132516403133837
0.0010607409387590194
0.0012973999145123871
0.0011744290296420434
0.0004032667919026123
0.00020377643421087832
0.0018028086240511332
0.0008328644496919391
0.016480246943558374
0.05442233556122461
0.006653664671002202
0.003252268388875157
0.001640146342886395
0.0017004772725475736
0.0013706746286037408
0.0006144333204697316
0.0012952442291768174
0.0016229702186991712
0.000935608950892286
0.0019370493187992888
0.000997527294064049
0.00142841043727987
0.0010481662198487673
0.0013075357522930875
0.0017649691786316146
0.0016742119966170477
0.03834296975454643
0.09744011643562123
0.014590625928039336
0.006981827365818871
0.0012409834789701146
0.0032263075066404356
0.0017390317457229854
0.0008443636791186648
0.0011765225742406682
0.001479907825441329
0.0006778846748961564
0.0015891765568446514
0.0014538525968048055
0.0010043834718244105
0.0009910195399761568
0.0008772071829508121
0.0019211733278975962
0.03912555184147548
0.10977775318838273
0.013619817532491196
0.007145296052567196
0.0014830070642236626
0.002572937159638744
0.001429717229674221
0.0010258218612155257
0.0019589488215128736
0.0014447428032337561
0.0015707020868687138
0.03537526934038254
0.10253555422750904
0.01695061046687585
0.0062253746614467365
0.0015812107834343725
0.0007247842406542526
0.0007736548143738031
0.0008651907265823655
0.0019336633559465244
0.0012762243686612607
0.0012904460427297093
0.0007595431839608202
0.0019350264461529543
0.0004366707485226051
0.0013499970301660835
0.001475574780442357
0.001379063153209903
0.04851458075556836
0.0886629382398958
0.009139216388362903
0.00921482304338811
0.0002779608054733207
0.00038876072138221973
0.0008414507815671657
0.001465672612967317
0.001231063235551444
0.0006181165730551608
0.0002802677743746207
0.0007247191980290779
0.0012487719127028396
0.0011517737640160397
0.03261822092763206
0.12050889144420718
0.01592536160511887
0.0049814343770668845
0.0009511698094513132
0.000687043177813873
0.0019906601688887693
0.00031069839006703237
0.001134625364081654
0.0006271195787688755
0.0007423520450867693
0.000594121613094134
0.0008340681399198191
0.0009616918707336386
0.0011577364714736027
0.00048103032583018956
0.0017243932005351903
0.016443352927468458
0.05598483728105519
0.0069967533143915905
0.0028371437672718436
0.0004864267382158616
0.0009839495969541368
0.0016852370260375116
0.0012342271129412996
0.0005638300755042014
0.0014699435050712917
0.0014016229077083997
0.0009742989061217178
0.001489151636484054
0.0011938085210332905
0.0013490327691200732
0.0004404910464045342
0.0010234840856285232
0.038641834011903076
0.10574269477072068
0.014330213018992566
0.005920054495030358
0.0009749837698411201
0.0017377215930772238
0.0011680875977940208
0.0006437674148314088
0.0014552281127823696
0.0011179704672191204
0.0014260975743663473
0.0006752811457219621
0.0010285194476127857
0.000985617757171764
0.0014023970668406438
0.0012514167753192584
0.0006063749791422879
0.00153502974131825
0.0013379166081398663
0.0338887598907846
0.11534950626829893
0.01603408665876649
0.004678276055549657
0.00107596574269625
0.0009756567053463283
0.0015589052510758261
0.0009119066270037446
0.001290662780836227
0.0008866962956923796
0.001527998110632145
0.0007907305323414104
0.0005182159477230552
0.0014205131279727556
0.0008366501777504753
0.0011749028500755432
0.0009436172625345574
0.0002449380182418248
0.03645601587217162
0.09846242537022593
0.016319990229108627
0.005485070516375812
0.0006323480342637633
0.0028971833015568604
0.0016159739532331518
0.0010451019085451208
0.0004607867637121954
0.0005020071111732638
0.0016327917732492092
0.0006518912335697347
0.001129776048019504
0.0007736828104695781
0.0016367073487100758
0.0016506827324632711
0.0014019043734288528
0.0005549958545409961
0.0006079640910642836
0.0002697834874232363
0.0009310943737746435
0.0008528160595793199
0.0006981876735952519
0.0015820467892070922
0.0012914078501158888
0.0007337368902330388
0.0005523472411342323
0.0005878811993231814
0.0015191360024133793
0.0004997696932738105
0.0009266594556219254
0.034464251145106206
0.10386584468416049
0.016009622062062412
0.0048746269997501646
0.0012535663790821383
0.0038196754424522084
0.001020509873274622
0.0009533403018979758
0.001528372954509305
0.0010325670137915632
0.001802862453206433
0.00028735721633449396
0.0014554848651420205
0.0011417579727689975
0.0011706947522780453
0.0009795168332000226
0.001062121145894046
0.0011376094230536316
0.001248844813398875
0.0005220333952204448
0.0009647329905710378
0.0008809958871202062
0.001223326280852921
0.042426710660652955
0.10142824694322211
0.012353307483390308
0.006675320539234031
0.0012741240525817599
0.0016973283611529388
0.001097782726189711
0.0012279283074759784
0.0007457712833454089
0.0008053832733471711
3.941544463309521e-05
0.0005551794355596051
0.0013407911036211195
0.00041194359566526506
0.000565699129883801
0.03876913763987294
0.09639743761614772
0.014424520540371744
0.0069973040457629865
0.0006595319523753918
0.0005902508261007577
0.0011167402917731661
0.0006597452901922485
0.0015587502967825406
0.0010417777356323543
0.0011664091613568517
0.0007569137444631835
0.0014354431661594003
0.0006042092340178828
8.73995329920274e-05
3.3753467716057806e-05
0.0013357661830348255
0.0009982741896752412
0.0009059646324632298
0.0007664967631968445
0.0012121256906437727
0.0008305667819221707
0.0011253881675961086
0.0009240433065852982
0.03377716140213688
0.10219274984149712
0.01721076365762969
0.005413195381969327
0.0011446255723370213
0.002021928761274272
0.001180317393703778
0.0008866680722773301
0.0007620063600915494
0.0017575950486943825
0.0019487382135415232
0.0016873395839256955
0.0005627552203571473
0.0007796795171063353
0.0005205123006833401
0.0024254072402082327
0.0019109826765082993
0.04649818807761824
0.08332269937714515
0.009637104523888385
0.009415785079535277
0.0007129850247401537
0.0020340448917245957
0.0007783716634757187
0.0010886319237842779
0.00018937826814230396
0.0007134496083139874
0.00044151594732050325
0.0008469284301736435
0.0008498712690256371
0.00042380545166470496
0.0009842441475693131
0.00025112764811296984
0.0010896958487423003
