0.2428079944178492
0.2428079944178492
0.3271479224955976
0.2926507935335556
0.33974798346772206
0.3313906300527454
0.3395276636935586
0.33873649394984784
0.33992289172046897
0.3398476529122638
0.3399410309374599
0.3398776296517678
0.33992289172046897
0.46743202656597205
0.42871269240017773
0.48987773408747487
0.48049749978818646
0.48986695490854754
0.48919495297314086
0.4897498700143511
0.48984152986456947
0.48987773408747487
0.6690736651436093
0.6086431000733817
0.6990970761189869
0.6844570293219141
0.6991605134925852
0.6944837510202706
0.6982962121105906
0.6989574190836916
0.699168878269797
0.6991086225684773
0.6991605134925852
0.9547656825874258
0.8683703332136472
0.9975412503359309
0.9766109155518813
0.9976431231283381
0.9916042478096365
0.9967099785950458
0.9975361161963965
0.9976404189363801
0.9976431231283381
0.8817817963329955
0.6791235045889789
0.9464119192134299
0.981985681771773
0.997728017355366
0.9977176873067402
0.9952251213728951
0.997280463422868
0.9976169484817019
0.9976915995628692
0.9976678182543127
0.9977033720674031
0.9976832064411911
0.9976963600223894
0.9976884944233271
0.9976934563789267
0.9976915995628692
0.8774415797415469
0.6857719716170319
0.9492382909312875
0.9802979640016752
0.9976696910269087
0.9948086480509882
0.9971278548434229
0.9975431686884921
0.9976940440023683
0.9976992159341072
0.997688816080635
0.9976969103020755
0.9976922567732189
0.997695268796792
0.9976933919305064
0.9976945307938727
0.9976937993959508
0.9976942756098406
0.9976940440023683
0.8712499889501696
0.6951220206122639
0.9531695997690965
0.9778480114410586
0.9977325864035633
0.9913290383254453
0.9965373490339975
0.997533575710105
0.9976927112165868
0.9972515041830241
0.9974402017853592
0.9976083894641581
0.9975000064405828
0.9975641987812609
0.9975210592583641
0.9975455712939068
0.9975277109073184
0.9975393561644443
0.997533575710105
0.8824293727988854
0.6779253885256689
0.9458357881031868
0.9821725925717706
0.9975493637249992
0.9888706416078747
0.9951336061792994
0.9967804781975234
0.9972482044183542
0.9974456965489291
0.9975030908904341
0.9974823454135358
0.9975151847272494
0.9975187094840792
0.9975118788073004
0.9975165369859558
0.9975139270473516
0.9975153758402764
0.997514705075865
0.9975145086478157
0.9975149013510117
0.997514705075865
0.8738304686374889
0.6908659113388945
0.9512619984875427
0.978755965356068
0.9975074403815947
0.996630687716153
0.9973555859176874
0.9974800384545158
0.9975200818632772
0.9975183668971466
0.9975192174236653
0.9975198810811547
0.9975199251949781
0.9975200714494201
0.9975200473372874
0.9975200875553805
0.9975200850970024
0.9975200867920014
0.9975200869309239
0.9975200875553805
0.8752032720993319
0.6888047489225101
0.9503992881229922
0.9793029285686206
0.9971294855197231
0.9961218836937855
0.997323196454025
0.9968179446228068
0.997021188863219
0.9972112286726055
0.9970896813224464
0.997161839584953
0.9971145094881606
0.9971420086735431
0.9971294855197231
0.8695991253368618
0.6964762565563822
0.9533647184382487
0.976836241034509
0.9971946160837382
0.9907680143071262
0.9964911095075097
0.9971306154295068
0.9971856085162657
0.9971920848261372
0.9971936226629197
0.9971945631884949
0.9971945155096477
0.9971946183557419
0.9971946160837382
0.8549940383582328
0.7186513053480331
0.9627277202680217
0.971094807151117
0.9980668228272691
0.9931855850602724
0.9980057074337034
0.9980591583502872
0.9980764746143798
0.9980753235409299
0.9980707721696873
0.998064131942197
0.9980685092848365
0.9980668228272691
0.8630095621314067
0.7083105671597556
0.9589595373827893
0.9748217618353139
0.9983477899984914
0.9934484215684329
0.9978589788037066
0.9984032374871256
0.9984149306944966
0.9982642861021881
0.9983801409802614
0.9983193693129317
0.998299656694455
0.9983297339501755
0.9983120334156195
0.9983233894928033
0.998316595503285
0.9983211514563752
0.9983193693129317
0.8774603048587024
0.6870085194476888
0.9501739213953626
0.9807036021494404
0.9982857829800996
0.9905992487952889
0.996511165293298
0.9978694798973247
0.9981811246929622
0.9982798543032814
0.9982862879501118
0.998283569667187
0.9982849450456555
0.9982857829800996
0.8748034857605274
0.6909508548144381
0.9518085749259635
0.9796303537645452
0.998280644143838
0.993615293783757
0.9975085124954065
0.9982437585970799
0.9982866638189559
0.9982699712329403
0.9982770658637766
0.9982833517874419
0.998279350079619
0.9982817379464133
0.9982801604645969
0.998281070631068
0.998280644143838
0.8769262625822519
0.6877365407000258
0.9504542408401935
0.9804675878323841
0.9982429267783504
0.9982207737768923
0.9951587507223446
0.9974592957811728
0.9982193391065973
0.9982631815435388
0.9982398227858276
0.998228465754428
0.9982237725299883
0.9982221918939467
0.9982207737768923
0.8776690110094503
0.6864948669080111
0.9498927164703794
0.9807236935998633
0.9982266675757452
0.9908704653081101
0.997125643834767
0.9979651378364365
0.9981007925604309
0.997960674901023
0.9980227420419933
0.9979879852121709
0.9979739879700336
0.9979695630222393
0.9979651378364365
0.8750315887022907
0.6899605478651195
0.9511799206327447
0.979517268603294
0.9979580858294893
0.9907958834855968
0.9966554485681061
0.997685217206434
0.997898342334159
0.997959858882102
0.9979364625026035
0.9979514062472904
0.9979557649462616
0.9979541881107035
0.9979531591614363
0.9979548032530416
0.9979537999933266
0.9979541881107035
0.8702835225454676
0.697104862621174
0.954175317252757
0.977630369734509
0.9980199367841064
0.9964320018601776
0.9917432693431516
0.9974283437718883
0.997438794485608
0.9971046390072447
0.9973129981243672
0.9973854965097837
0.9974121542414607
0.9974204343877816
0.9974283437718883
0.8756591530881439
0.6879318338593023
0.949971630010262
0.9794252330045481
0.9973232853050513
0.9943354230521091
0.9969899392824253
0.9973693611424982
0.9974107445044484
0.9974216418970077
0.9974157507118646
0.9974282071253713
0.9974280931106717
0.9974285849399256
0.9974284850446875
0.9974284049048832
0.9974282951671618
0.9974283681689343
0.9974283257302503
0.9974283532433865
0.997428336957005
0.9974283474119507
0.9974283411799825
0.9974283451655178
0.9974283427834947
0.9974283438520615
0.9974283433140337
0.9974283435970543
0.997428343705115
0.9974283438025132
0.9974283437463842
0.997428343783586
0.9974283437621466
0.9974283437763565
0.9974283437681672
0.9974283437735949
0.9974283437704671
0.9974283437725403
0.9974283437713455
0.9974283437721373
0.9974283437716809
0.9974283437719833
0.997428343771809
0.9974283437719247
0.9974283437718579
0.997428343771902
0.9974283437718766
0.9974283437718935
0.9974283437718838
0.9974283437718883
0.8784535951463436
0.6837141120371595
0.9481989830178706
0.9805316665262882
0.9974496586582275
0.9964305003268686
0.9864757736771068
0.9938778863969989
0.9956382803499443
0.996987614314096
0.9961545862641936
0.9966689642486465
0.9964549819414847
0.9964129942831377
0.9964305003268686
0.8919597620556403
0.6613184913534388
0.9381253112126
0.9852463291648007
0.9970984388363064
0.9968843172336047
0.9970930870154064
0.9970783836671478
0.9970281756466546
0.997093677148697
0.9970626957796271
0.9970853389008996
0.9970729005993249
0.9970691971908707
0.9970729005993249
0.8858084069458061
0.6718971738667925
0.9429969981061659
0.9832182618712699
0.9973158899323106
0.996968017374302
0.997300365616194
0.9972605322139566
0.9972031694969785
0.9971588754702336
0.9971926477358415
0.9972271674418299
0.9972126404292023
0.9971992011362585
0.9972068315015635
0.9972016610997375
0.9972045747405246
0.9972031694969785
0.8771039692070124
0.6852974626573916
0.9487152534899305
0.9798544558851006
0.9972090971571203
0.995002454382866
0.9969239807461877
0.9971893543856768
0.9972104120371885
0.9972113685553055
0.9972072376989807
0.9972102228705334
0.9972084459533038
0.9972095648000353
0.9972088570340982
0.9972092812751371
0.9972090066951573
0.9972091682855534
0.9972092117499207
0.9972091682855534
0.8716163278064012
0.693592184283851
0.9522053785460837
0.9776854802757491
0.9972331600650606
0.9954888598069364
0.9909489610740775
0.9966402789888518
0.9940860347905869
0.9960000110273604
0.9950014170918922
0.9956945081233691
0.9953097358215546
0.9955689284499152
0.9954214710896988
0.9955196647631137
0.9954581311714723
0.9954888598069364
0.8721595151394586
0.6893063162527165
0.9492643041759201
0.9768092770674233
0.9954075613812046
0.9944341914629469
0.9951636279520666
0.9953750470024418
0.995308529556116
0.9953513813348935
0.995388080513065
0.9953662616425281
0.9953731406946773
0.9953801149589063
0.9953831917534589
0.9953781922440545
0.9953801149589063
0.8754113487478488
0.6841791462458469
0.9470373807152995
0.9780278285367799
0.99534514428178
0.987991787622184
0.9949483173570298
0.9932884507677457
0.9944600563337478
0.9951912790161045
0.9947830923338428
0.9950525031624646
0.9948883112779232
0.9949897733867917
0.9949406611723923
0.9949642539114312
0.9949559074516149
0.9949483173570298
0.8834282586606323
0.6712090502807311
0.9413001519384645
0.9809281402802451
0.9951266801546819
0.9855007432627194
0.993010858294883
0.9945020705830596
0.9948876028303923
0.9950313432751676
0.9949806299208976
0.994925961645493
0.9949609468710475
0.9949399000875463
0.9949531833054358
0.9949451200243873
0.9949501820974878
0.9949470986784673
0.9949490305164459
0.9949478522416844
0.9949485898898147
0.9949481397539939
0.994948421474274
0.9949482495267639
0.9949483571290472
0.9949483042455387
0.9949483325489925
0.9949483278434108
0.9949483327010167
0.9949483307516257
0.9949483318624603
0.9949483322867605
