0.3101805290179105
0.31268563211655565
0.25662284836294846
0.2691700045142159
0.24389226596788494
0.24580080699287327
0.24010262233733304
0.24510538711766094
0.24266946708230835
0.24516425239994594
0.24490944899452488
0.1853009405009201
0.20953516498971025
0.1772264222940126
0.1824064512853536
0.17630541903074953
0.17942254628658771
0.1759914787971727
0.17639876584465936
0.17492336808074166
0.17558475661009154
0.1751858781994594
0.10612139909826657
0.12782802866918097
0.09411278981001714
0.0987986673024161
0.0944563654197269
0.09425090608760905
0.09360928039704336
0.0942449105719596
0.09284510597105555
0.09319367170573145
0.013179077184854837
0.04014681137839715
0.0011946204110407366
0.007103777257286559
0.0012458102071849497
0.0011165631228573503
0.0023309296362074017
0.0013067783699549085
0.0012853643817508642
0.0009694538902199623
0.04717368854071963
0.08250670443619368
0.009128508921510126
0.009754334943899157
0.0005777764940386731
0.0006785667347535829
0.0019182458726123564
0.0008672044134969692
0.00048288725844347624
0.0007138540283606609
0.000650151417946998
0.0004693868227140241
0.000617030993366352
0.0006300301003375197
0.0005912515627093939
0.0007058464410779064
0.037558131590380184
0.10643227494429747
0.013562308530731537
0.005319523451012831
0.0002918459397892592
0.0013910972047781467
0.0008175914468919743
0.0006560626161533634
0.000489479315836927
0.0007834583648019811
0.0006144056986058244
0.0007324878542562252
0.0004567169663811099
0.0005919523089569223
0.00046950047783334004
0.0006488863298181879
0.0007420460753155833
0.0007567461061777081
0.0007447960925008323
0.0004922909692922639
0.04384431617479312
0.0855656556819469
0.010116473817631477
0.008800848495474523
0.0003445924740047013
0.00044141390768143163
0.0016687138719812533
0.00036921756801638894
0.0005594771620301975
0.00016322407053354082
0.0003280045135634069
0.00024829859658992426
0.00023712253612695466
0.00037051889614031497
0.00037846229399757236
0.00031689973776743985
0.032692440476709106
0.11532039639117003
0.01588576597637209
0.003678161038433325
0.00013458655480158566
0.0002077556952442272
2.3536690141157113e-05
0.00024451724231949745
3.8882260939121505e-05
0.0002139397511197738
0.00020460620842893684
8.761891822606227e-05
0.03747206537001091
0.10566378669120702
0.012458139537629642
0.004785599920719086
0.00019321313308290344
0.002051716526535241
0.0005750311542493947
8.301691322559757e-05
6.67229900570554e-05
0.00021321392939077644
0.00024407097257345134
0.00019638091349111209
0.000376027425048997
0.00041225041236320203
0.00014277377258270496
0.0002697238565088633
0.00033911109404233253
9.642737317866468e-05
0.01562804435592341
0.053665459140889604
0.005469460748640298
0.0022807634787201936
0.00012110227630529602
0.00013767757625576804
0.00025429989283476395
0.00018225016348599743
0.00017794388603886713
8.126957982107497e-05
0.0002971720361683583
0.00017610525954137035
0.00024172332028421506
0.03528832634408158
0.09790166506378578
0.014349178956056807
0.005014495121936857
0.00020584469216361478
0.00024179564288479005
0.00014056543875967664
9.272284644712414e-05
7.593532249228208e-05
0.00011355345107161297
0.00031303804336368923
0.00030694464560843127
0.00014560030137966695
0.0334337275503408
0.10189913738586415
0.015690241525493753
0.004309719716558635
0.00022562478592630386
0.00036250954399164037
0.00020616852749516523
0.0004453088343369105
0.00033348899127572107
0.00013208803824821258
0.00031384683367774446
0.00022829964546794423
0.0003475951201755145
0.00022017115663514053
0.00016367057926575113
0.0001930458679835767
0.00019708088709680105
0.0004185276013792816
0.00015949153753519463
0.0002394494991181939
3.104386079438859e-05
0.015037772001667393
0.05429889617176181
0.00542360147481602
0.0022705842672827714
0.00032214869966340487
0.0005084035108565144
0.00033466117547836793
0.0002875529461762727
0.00024532148994799163
0.0002442277563373674
0.00024230975466127402
-1.7630151495473534e-05
0.00014331699378122842
0.00034196872270003675
8.776358126982853e-05
0.0002181556498629389
0.00031047593143207486
0.00014990884364085577
0.0002365085727553673
0.01571600868960593
0.05314659866930693
0.005350374353831677
0.002338511599138393
0.00032081155303015363
0.0005207893682109277
0.00035726105177219525
0.00021015158540910184
0.00019841845727952556
0.0002462366874354527
0.00025724310960245633
0.00029912288478606275
0.033342214029905726
0.10151951377177204
0.015897530787242653
0.004190192927061187
0.00013986903595364364
0.00018546492713744644
5.875613654748868e-05
0.0001907413311554862
0.0001598443849222253
0.00019687542721746887
0.00016296574112062423
4.848270183804848e-05
0.036429695617391344
0.11044521374184108
0.012710176422585429
0.005031581420094633
0.00014922738880956965
0.0007580264037263529
0.00017262313109184246
0.00022186551734837412
0.00011071558710457063
9.313434636776252e-05
0.0002756483178096847
0.0001197461665725097
0.00014066576686672105
5.033141540722319e-05
2.825697824482276e-05
5.450027026915327e-05
0.000269751696053977
1.7486835099722597e-05
5.5530711494999885e-05
0.00028951588236347803
0.00016502212592472976
1.964058214165565e-05
0.00013121909046864833
0.00014236244617610305
0.00018507855167931853
0.03770689936705335
0.09516229116388475
0.013011413057462562
0.0059083370237865696
0.00012097339818895048
0.0002404931034863944
0.0003259769103087229
0.00036436455565536097
0.00023363153581179574
0.0002800491087493473
0.00010243583139313284
0.00011637015620885593
7.946720538665186e-06
0.00011767411831881125
0.00013440748036591676
0.0002140042809212206
0.0002540449848331683
0.00011372373582807516
0.03484823063941328
0.10984059449403138
0.014256325346605814
0.004051375459211415
0.0002025637354138854
0.00020960473735531782
6.73995683608819e-06
7.546977729550042e-05
0.00011997367426308525
0.00024122096727935416
-8.512159276996556e-06
0.00018106535504791577
0.00031703232012603166
8.945390851872181e-05
0.00020088257694772516
7.037661555470143e-05
0.00014536770065903815
0.00017647222845962318
0.00022327270121652587
0.0001525933375205457
0.00015096497745836768
0.03671274934142027
0.1100966113685487
0.012766062696748182
0.004665175772391172
4.252885355771063e-05
0.00042476824252379863
0.00025336981473988995
0.00011757280202001619
0.00019021044471267956
0.0001759989292315356
0.0003607053285254458
8.309948850998561e-05
0.0001902734793698957
5.398456082378322e-05
0.00016234204622028736
0.0001923384428395014
0.00020521357385572259
-1.0094017843131908e-05
0.00038377156845870175
0.015867257281078517
0.05316105705693014
0.005364157893879895
0.002520248700910943
0.00011800557476754348
0.0009779738935292714
0.0002605412641958904
0.0001486170559658606
1.0979228946883524e-05
0.00020720989634570586
0.0002894941204540369
0.000129081215193394
0.00021129509846140593
0.0002430351568838418
4.619477280831674e-05
0.03463357102856979
0.10985528817839729
0.01370819993423239
0.004163143719776885
0.00017886897437613403
0.0011806512307673822
0.0002419155418358354
7.716847411354255e-05
0.00016490035391353297
0.00021935507609255334
0.00012304576366634068
0.00027062786949227924
0.00018391786051769055
0.00030376577547969186
0.0001489417108468949
3.027874877514769e-05
0.00012964748220978262
0.00017439035093602673
9.087641629745846e-05
-4.875987238217583e-05
0.00015446943915248257
0.00014377679384652842
0.00020101563161101232
0.000212960878175239
0.0001876796220756094
4.2871812299283274e-05
0.00019026341427813565
0.03583718201510361
0.10693103100808149
0.013377862481470826
0.004286335191945767
9.75886233811063e-05
0.000427877290649914
9.817951293900062e-05
9.715826908224257e-05
5.0608829812670564e-05
0.00019809385927915812
0.00020353039320258892
0.00011859809006292688
0.03639923073029694
0.09560922024760588
0.013987876877665506
0.0056030999624060995
0.00012136262499173878
0.00012763214012173618
8.635590526412384e-05
-2.3863178840066723e-05
0.00023888920903375466
9.80341502160309e-05
0.0002787685438320753
0.0002303138730920251
6.334593531165389e-05
0.0003020272614543962
0.0001756000306542549
0.0001800721350270762
0.036523601137569695
0.09643300517141035
0.013693286228929125
0.005233362759888116
7.871996672803583e-05
0.0007089331148393829
4.8156818264366574e-05
-1.2821591385825393e-05
0.0002548949091806252
0.00015167784537445383
0.00012318775347686106
0.00014946508136359782
0.00019298211404034094
0.0001701843931744551
3.915633781653716e-05
0.00026302606625072666
0.037421939735865384
0.10474630038825838
0.012775998044946557
0.004813071613729958
0.00012870268597042767
0.000631452259266585
-2.1328368057571545e-05
0.00023232965264485816
0.0005866234479819377
0.00028086492477874536
0.00021760846420959545
0.00035170179684496095
7.503595386870732e-05
0.00018205371756890854
0.00026768208310240516
0.00027790998140558854
0.0002420182819182215
0.0004057561806768972
0.0390044343003324
0.09173884838967078
0.011995725463621432
0.006698734058486588
-7.552411497646627e-05
0.001955990790823481
0.00033869533521785344
0.00019314687087451654
0.00021372259098090263
0.0001344947057255741
8.854284435744209e-05
9.03971820738203e-05
0.0002866778321411467
0.00015914583734077947
0.03929712738621405
0.09372112222743251
0.012655470828459414
0.006234187770385424
0.000128172880927091
7.556569630434717e-05
0.0019967488161682367
0.0005786293466164549
0.00023769667284573304
0.00015882452223697774
0.00015193605877505956
0.00021571724122965152
0.00020553388795913063
0.0002611110119647986
0.03727948249581181
0.09557696933961873
0.013557505052466667
0.00590678045345161
0.0002203904447548588
0.00023962159077439704
0.00021594460269847016
0.0003369484173397219
0.00015868928627643664
0.0002178585282255341
0.000322415143320709
0.0002660386588874686
0.00018622891413061504
0.000188250608601781
