0.3085582901526679
0.3087273621444384
0.2523572146675538
0.2719013467814182
0.24458291952005545
0.2469404311258419
0.2460472773087372
0.24619800863598207
0.2421071950166812
0.24690634120249627
0.2433205149838552
0.24598550970763128
0.18218936307026434
0.2027872547488258
0.17154665299483762
0.1748283313597505
0.1702932942085158
0.17340914042241828
0.1715683989033326
0.17314469908201008
0.17350711680220582
0.10041006837511923
0.12311892331016172
0.08850860856750908
0.09377389097960265
0.0894618346929123
0.09002085791531106
0.09056516510469226
0.08959454845530229
0.09022543817767348
0.011743200964768052
0.042253827808849564
0.0010572259189611244
0.008252146643570157
0.0010493732958978264
0.0009514393178217118
0.00110653460142357
0.0007878816172898762
0.0010975349606002216
0.034243684353947645
0.10142676603515027
0.01638486321630661
0.005151312764638261
0.0008151276772219163
0.0010534038155837755
0.0010047895093909243
0.0008621521280884337
0.0009730964676704645
0.0007621505533562112
0.001193989743150492
0.0009391977669297447
0.0010960819546421696
0.0009466539402605556
0.0010544233835639294
0.0325045399525854
0.11685276446188564
0.016704797925834847
0.004023409336399386
0.000773381273522944
0.0006221983597613501
0.001213970500679562
0.000858675573225498
0.0008178015026557017
0.0006431453504707196
0.000698955544481128
0.0008759588168288368
0.0008242184089664595
0.0006577006565410826
0.03995776197839562
0.09083958144197246
0.011899276709141537
0.007351989126149094
0.0007692221934896271
0.0007900753233772706
0.002047679547713399
0.0011673183323315794
0.0010100874155838935
0.0009025051978660548
0.0007953554617503023
0.0007260490740542136
0.0007095845116414368
0.0007661554257982206
0.0011069157849942224
0.0006933019088950498
0.0010527755991071586
0.0007377713886907444
0.0006915586574218202
0.0008247477995793062
0.0007777686937025519
0.0007215499046579477
0.0007379109437474218
0.0005944228552564046
0.0008526688235803159
0.0009149469576749114
0.000917987514583829
0.0007746412309828088
0.0007911079163466228
0.0007733458297300988
0.0008300947911206169
0.0007755899134485045
0.0007905580477746144
0.0008602141922691708
0.0007359343785249273
0.03408869589053154
0.1135097466582366
0.015081389318469529
0.0045040735703358314
0.000787724608003193
0.0006394195974339656
0.0032551858445061255
0.001303668610393105
0.000984732974637692
0.0008102676685419197
0.0010003018247679019
0.0009485502451690442
0.000631160950499976
0.0007624514882274558
0.0009518729064158515
0.0009689232969827266
0.0008595328429688021
0.0007308298581362171
0.0008444830838024719
0.0008492603721989012
0.00091456204300705
0.0007576304775215315
0.000871823225079893
0.039900842229865174
0.10288773897224501
0.012502299883834722
0.005831511021119062
0.0005490375999800956
0.0025027704159839015
0.0010374447077417526
0.0006283707409889261
0.0008551955481537199
0.000675726174198199
0.0006596504216697663
0.0008327374472917315
0.0007667724777096763
0.000953339998077618
0.0007844857928892002
0.0009261305883725979
0.0007441371867765167
0.0008142391193022847
0.0007062038513536706
0.0007198781944897648
0.01554820196392187
0.055382102522679444
0.006403885855090441
0.0026727403710207764
0.0009998453551024467
0.001533923071886767
0.0009296155134573825
0.0010040224215452365
0.0008474446320733131
0.0006867073880972296
0.0005487595729378181
0.0006661013336905497
0.0008724269990496025
0.0008401078780386761
0.0007390365730499115
0.0007008691882066653
0.0006363660069879096
0.0008470521193935099
0.0010316197714401176
0.038488033844799874
0.09645686480726545
0.014540993450903372
0.006128907935132211
0.0006148686900671607
0.0022517537745928573
0.0011621944714647614
0.0010774546631381332
0.0008966899971372677
0.0007187322571601817
0.000782609361132669
0.0007591361305237521
0.0008013200927968755
0.0006653946528004107
0.0008221173599173293
0.000795735410027254
0.0006329623259937467
0.0008844847220511043
0.0009579600599162741
0.0007551165888987077
0.0008044694325249901
0.0008558450392673334
0.04606052903755131
0.08236114302231012
0.009023563434435944
0.00919385839351522
0.00030911245269432674
0.00022057475098030688
0.0016878063256732245
0.0005231684314954688
0.0002763882851395394
0.00035598225566974007
0.0002703862311720928
0.0004910410935060061
7.990237710214787e-05
0.014388256847902459
0.05517181655620845
0.005424913606491499
0.0019582604914435975
0.00022809272670193392
0.001126256906445744
0.0006115678010998327
0.0004824656461870913
0.0003557566855921235
0.0003091063526666771
0.00026824937285713224
0.00017523273181951904
0.00033643812086203706
0.0002497996531931612
0.0003517011749848975
0.00046150491934865423
0.0003200936468102933
0.000316261536671969
0.0003358136452917271
0.00023439414895376487
0.00042284648689555615
0.00036755164179769206
0.0004154879810749357
0.00018150506255243393
0.00011090796483154142
0.00030583408044460025
0.00029440522033130634
0.000135855524392825
0.000266285691583934
0.00041732078289430374
0.00028396725256119026
0.00042233902939609047
0.00029720431155144666
0.0003295837734916818
0.00029234425940560804
0.00016557771557562662
0.00039098148259553156
0.00012300402937398536
0.00017265383352360608
0.0002733691461217491
0.00041532776969133156
0.0003533258100451575
0.0003175149858015147
0.0003964203719268866
0.00035031984580902176
0.00028839323486218316
0.0005295903961638482
0.00015298060988150342
0.00019251322886282285
0.00027536567642577614
0.00030708793401640344
0.00019661801842657534
0.015775574399734704
0.05269512801658588
0.005393066711869676
0.002094510535817551
0.00027995385351342605
0.0010515464514826434
0.00031937716734342647
0.0003383292726513165
0.0003258879232354017
0.0004114655309348514
0.000261035032720347
0.0002859722131063891
0.0002866450816303989
0.0003865304950268489
0.000386043695736471
0.00019059741418231413
0.000306726366413379
0.00022125962827845846
0.0002709589479431562
0.00019820073976317687
5.085727158887776e-05
0.00032494571164720654
0.00035629443603746314
0.0001297896142287147
0.00042688148261627035
0.00039333752536846456
0.036443041556373235
0.09631623110486554
0.01408345141936479
0.005524887921309396
0.0003112946969101582
0.0008139837645419479
0.0005778857215740785
0.0004865615168431203
0.0002618635947702064
0.00022452115898763392
0.00033515332975403433
0.0003966166261366033
0.00034327709388443095
0.03764775506437357
0.10699980472529769
0.012125131658957289
0.005505501906419463
0.00031137657055974044
0.0003481815905169716
0.00028351944200966095
0.0002744940703205412
0.00028980199197081724
0.00033232788083548126
0.0002903679539353887
0.00024869861842807817
0.00036331701254721516
0.00028472873912083196
0.0002462776421570667
0.00040689636408408614
0.036154403947075475
0.09718162050444135
0.014297974729544027
0.005568223453150001
0.0002530012394179604
0.0010205030719697694
0.00043128025243632795
6.956208570574329e-05
0.00027724381504062867
0.0002703840444617245
0.00017786322801816024
0.00027375152731656804
0.00029359152750335626
0.0004197591558161018
0.00024350051346988533
0.0004174216869107794
0.00015486131325742614
0.00028354666088004077
0.0002522652928749203
0.03849939039436884
0.10498776134974325
0.012242902129180777
0.0051216733626478494
0.00018042276825258607
0.0021164973479883
0.00035319598419458753
0.00030232301821014884
0.00044947205773876453
0.0004372376590370264
0.0002973746714305392
0.00027043532987786056
0.00040153391350261636
0.00023280321210672472
0.0002658847224757399
0.00026947358387696685
0.0003455122794199794
0.0003316110360850333
0.0003645270438107362
0.03587087887864665
0.11144881731213246
0.012983723734207975
0.00472040795061518
0.0003256713708251757
0.00018904432686706052
0.0012932368787484383
0.00042261425161105315
0.000332625286048549
0.0004674075312310899
0.00027098392244434555
0.0003308374519814805
0.0005278766629077114
0.00042851812920924326
0.0003099127040791516
0.015512162801681939
0.05581454518284307
0.005745776689255855
0.0021554804466591415
0.0003729033405523996
0.0011296211349424712
0.0004793867374893179
0.0003764169499246295
0.0003890601808609895
0.00042145418537259394
0.0003604679768867136
0.0002550536210077503
0.0002915414770860991
0.0003854737558249832
0.00036316285958598593
0.0004917689095251254
0.0003903440584151485
0.00018887281128143751
0.0003310558101597416
0.00016669553506787338
0.0002504433366183334
0.03752398062162682
0.10585669535636366
0.013425751586793877
0.00495460253105412
0.0005628608708466709
0.0022521210041050455
0.0006343334038410586
0.000509232946375171
0.0005756461714883088
0.0004043486947600816
0.00041100972795271584
0.0003094221088927318
0.00043032471711390574
0.00030342435862701356
0.00046435350437357137
0.0002871275569726328
0.0003583723474585021
0.0004693986811453166
0.0003103978229379578
0.0003926017066792631
0.00035572387283838713
0.00035201137948365213
0.00021156352885526308
0.00045700168295725874
0.0003114482473693392
0.0003098595584153374
0.00028161287096944987
0.00046822121804529493
0.0003357526965967472
0.000478063542706908
0.0003353312539332576
0.00042174776294512384
0.0004221766398209148
0.0002488754651329139
0.03305905327992348
0.11407227133352948
0.015740453070511418
0.003949714692362882
0.000289525936632562
0.0001303966373734644
0.0002587130712800034
0.0002628203117557293
0.00044345491828129413
0.0002838366508172152
0.0003744755244998732
0.0002129025618218261
0.0003191467558609218
0.0004041992814786677
0.0003486296178316084
0.0004913447180160957
0.038947238810099094
0.09373768837401053
0.01289307592361083
0.00635750815286984
0.00033939692281814704
0.0008704739124250072
0.00034992341861755927
0.0001825878848773499
0.0001253389443277575
0.00027207517218696964
0.00014473521706021009
0.00029546271226665866
0.00039878100011864204
0.00025447572650794115
0.0003063104669803196
0.03616851679287264
0.09617227912259418
0.014001266875829754
0.00553873835272245
0.00030655966548293057
0.0003906990948601141
0.0002182590574901222
0.0003776846325240224
0.00047240315682406386
0.00022506307552416782
0.0003193080579397267
0.00048357204926730013
0.0002686093998210404
0.0003262047196546658
0.034120519344989664
0.11272614260952857
0.014714593923629782
0.004065133555599565
0.00021740516497648077
0.00031087694335318883
0.0003675474865685313
0.00012751333859023495
0.00031397103178559815
0.00026263955798377925
8.229881060323185e-05
0.00020926854243130677
0.0004839718725023756
0.00016537069656530345
0.0003163009461855104
0.0374990494933406
0.09456582669534164
0.013569113202757499
0.005759214540184632
0.0002866891192758181
0.00035747572365624203
6.741331382997817e-05
0.000253797261819233
0.00012338291347113728
0.00019621220250232163
0.00020302501051822075
0.0002595392521235196
0.00019722968505625493
0.00017031014935792177
0.00035925683271659237
0.039447177052013616
0.09363978403173567
0.013109468165515503
0.005739640529209389
0.0003081184342964005
0.0003617981170646045
0.00023003440105323625
0.0003035880166779026
0.00028593589218284254
0.0001249244124216231
0.00037937829440554127
0.00043489982943550887
0.00013710337980454845
0.00019624378127169884
0.0001800310945999084
0.0003819284801768741
0.039599225801613236
0.0911331292805811
0.012123494602754137
0.006362464037490356
0.00023675830402697384
0.00011941887663430295
0.0002512605221822728
0.0003154889258147886
0.00021463993412379478
0.0003018575782844368
0.0002411099785838977
0.000481595721824879
0.0002726901385557978
8.387833577888637e-05
