0.30535521451450354
0.30842152462782124
0.25615125943761713
0.26941620225400786
0.2470729964753821
0.24813494247369006
0.24632112417625268
0.2467691606010649
0.2443380220110603
0.24604225781328043
0.24314569778007666
0.18529876079689728
0.20970799500818382
0.1781713278509332
0.18178735214700426
0.17621906420530015
0.17858161903994402
0.17577530221465482
0.17710641661466014
0.1757576704433365
0.17700861897948011
0.17789817625933751
0.17777947881886175
0.10556946037641124
0.1281097718937097
0.09392202324385013
0.09850255671684288
0.09351725217216716
0.09517696997005304
0.09478818779216425
0.09424326564089636
0.09404117027951603
0.01341099935103185
0.03935523219545295
0.0011475617072008726
0.007117159882873536
0.001188713566771582
0.001138326699971881
0.0009014259826080062
0.002209182984318714
0.001417281769275136
0.0014504148993846888
0.0012513782694309472
0.046060088012231326
0.08428036344168671
0.00991752275116553
0.009831209427337395
0.0006747184520952132
0.0006389068315105773
0.002301981098774608
0.0013170832818166778
0.0008128764180067027
0.0007543076717183572
0.00076028947262341
0.0007206163848232361
0.0006252199810860004
0.0007348594981488321
0.03783837506160259
0.10642611801999058
0.013462703675992227
0.005728792784879422
0.0008895833797620822
0.0013902445822288056
0.0009300131899903641
0.0008417065200395091
0.000825581344319759
0.0005964376888546452
0.0006382550621027994
0.0006536012773977751
0.0007764379329298632
0.0009072819899418327
0.0007136151159647941
0.0006654985756607834
0.000710215099854139
0.04126984952834317
0.09094997703982183
0.012293899670992425
0.007372570234637443
0.0006301315269768293
0.0007591551396580742
0.0023212527581377707
0.0009062418403329442
0.0005889120960843042
0.0008768634248317309
0.0006814295932542902
0.0008089540408780516
0.0006915488576248463
0.000763420924162761
0.0006419762542740348
0.0007964332901271298
0.0006370173605600438
0.000659177724973703
0.03208493696481973
0.11602809708744888
0.015885396457825107
0.003949434623525427
0.0006055449085083375
0.0006285071302726819
0.0010739571902178002
0.0006102829121407694
0.0006715002985701601
0.00035090950837524115
0.0005048306709568018
0.0006111132228451277
0.0006469305787141222
0.00043686624023581144
0.0006831222443395291
0.03801885189953652
0.10469719175568282
0.012857518782306676
0.005344920940274611
0.00046507559084302263
0.0022427508700615384
0.000826503845787252
0.0006416348145780737
0.000520040371182362
0.00046249610692955523
0.0004949359291039901
0.0005595671889617737
0.0004916925715893194
0.0005532967597852712
0.0004967997061975926
0.0006178707472125344
0.0004952369945661061
0.0006656038734259018
0.0005491477229072061
0.0008455455509707721
0.0006301503383493445
0.015834134587619564
0.054340119828796885
0.0060354422486118
0.002558699647053464
0.0005213582018182006
0.0008770366460314483
0.0005691903468945658
0.0005195488647771751
0.0007023669229865304
0.0004879172115709318
0.0006076504508721325
0.0004976010149563836
0.0005388959163152296
0.0005549858034819
0.0007078674104784022
0.0005202865451101601
0.0006145485761884784
0.0005166549490444594
0.03567367801874988
0.09865537383546413
0.015210020851913642
0.005120063038582978
0.0006031145257706094
0.0009037382853098741
0.0007354665023786566
0.0005466268668883334
0.0003944743479751267
0.0006179244614507584
0.0006720232071791843
0.0007923024864227579
0.0005289405955102855
0.0005932032574488821
0.0005022171280200105
0.0005534488690027151
0.0006383592760824119
0.0005254984506653515
0.0006057079406481258
0.02940152571683008
0.10971687188775275
0.01867315812718806
0.0029676534876688088
0.00025501250228587846
0.000300177224809961
0.0005168287047122577
0.00022882374937310823
0.00028951376346614266
0.0005205041560434887
0.00024775371527979706
0.0003628943190380207
0.0003896650330247886
0.0002531085597983762
0.00030042667753693575
0.00029907051191735423
0.00038896954416206553
0.016504613286548453
0.04941588339257974
0.004835494970695409
0.0023831530650456623
0.0004432737304291834
0.0004122373144585523
0.0004688265613988496
0.0003280672076114155
0.00024714626000271744
0.00015605437845894743
0.00016987797653850167
0.00022498507819629365
0.00024480831596829233
0.0003123711627254777
0.0003228861833164398
0.00035258372281604666
0.00017441942438350955
0.017281027356889356
0.052516609629544464
0.004823280599377366
0.002290871432973296
0.0003977097410740593
0.000476641346760287
0.00045091890861420625
0.0002260734985151669
0.0004340488987872315
0.0002642697730289023
0.00018600352466247028
0.00021402420399174726
0.00035152203570065765
0.00030058867520943444
0.0003163278610560094
0.00036733368998276283
0.0001988263880219887
0.00024706165325427687
0.00015680083941893574
0.00030536929643348865
0.0003955261479973715
0.0002190340346046593
0.00027328311276142436
0.0003743064135760532
0.0002980665781436853
0.00031098154646463927
0.0002077155375468931
0.00034726646529109617
0.0002655244475111007
0.00024179460303241918
0.04052127615491424
0.09081260632185051
0.011811548842817987
0.006923195162280182
0.00023853798405898408
0.00023413389606025126
0.0002284123824891071
0.00023521232536544145
6.217637244254615e-05
0.00026929520250146277
0.00026532526038725024
0.0003276909664555183
0.00017223916427855368
0.0002816501053721221
0.00016360802689929788
0.037211353866645036
0.1097477574015453
0.012874229546759375
0.0052904662480665055
0.00013189311237610246
0.0007053593852774931
0.00016779808821482112
0.00023967789321932553
0.0003522881149436441
8.252671605935014e-05
0.0002058959991521614
0.0003295979157214024
0.0002442191860385079
0.00028141374625600957
0.00020092245322500535
8.067879937895261e-05
0.000297673730954795
0.0001989859343871081
0.03656588123402166
0.09644935418979078
0.014362671954214312
0.004918986279763227
0.00022516000941324998
0.0003907136603749084
0.00015426800720430567
0.00016340394703584504
6.505309381160673e-05
0.0003123580659863956
0.0002716316635800742
0.00013968239842498953
0.0003282656977278142
0.0002411939285985043
0.0003190957387136928
0.03689018394774002
0.1072230975175974
0.013297242245483898
0.0043813435525389965
0.00021305411197836133
0.00029172402805427433
0.00025330884602248194
0.0002460421196903706
0.00011849235409910897
0.00017695060136579954
0.00012138606090422721
0.0002984341372100352
0.00025663558285249355
0.00023239840985828097
0.03657309484130383
0.11241786736252474
0.013622437196119108
0.005111010167822672
0.00020593022387804805
0.00039186386502093606
0.00021368593801240898
0.0003689557054860626
0.0002475701703986144
0.00014958839525175405
0.0003195051597608689
0.000289877977926678
0.0003894282125730397
0.00035761423904462353
0.00031886613818621345
4.5892650951118164e-05
0.0002787936133836766
0.0002435885324645337
9.318266903768357e-05
0.00031431047059604644
0.016019055077213407
0.05201645191217902
0.005046747596009815
0.002232312890436128
0.00030017452202424355
0.00036951335544210817
0.00024133599722708787
0.0003391229055700329
0.0002660021860602657
0.00031495729915054227
0.00013377059007890768
0.00038736632564145834
0.00022760349727185547
0.00010460653443783441
0.00032780589259850945
0.00039682615526209775
0.00023974825615430406
0.039073500585389165
0.10146805946348314
0.012218995118293385
0.005717847411359056
3.933273137957105e-05
0.002175640621947972
0.0005174908434584236
9.656240612421207e-05
0.0002814154927113788
0.00021058957983577375
0.00019661420922695294
0.00011920157661970965
0.0003500979278431293
3.367022032907396e-05
0.00023913513876000492
0.00024731140473832625
0.034820520028321145
0.10892511090907148
0.013814174755825637
0.004634210625139634
0.00022870488360743346
9.12101342831484e-06
0.0007931306251252601
0.0002956424408443459
0.0001605358121719025
0.0003169372645546731
0.00017939390550586465
8.292264493786616e-05
0.0003166011573254579
0.00011313552560965334
0.0003164639688221227
0.0003036777780903166
0.0002087230315515609
0.03674587307342375
0.09666334593382675
0.01405149744940215
0.005582671202597367
-1.7213833567453207e-06
0.0019444565500700284
0.0005624703587910895
0.00027505066380240084
0.00011430566877435044
0.0003605092275225652
0.0002897697921651621
0.0002580563204317987
0.0003417404909960009
0.0003745852366053848
0.00038847994080315473
0.00019577674765963726
0.0001523987739085464
0.0001551424575773619
0.00015818166482423068
0.00019066225725428154
0.00033958575699571947
0.00023376060063906579
0.03696339079838795
0.09469212877875621
0.013061627382083885
0.006133860286722137
0.00024249228087575014
0.00017483334377765836
9.35886950697018e-05
0.00024216606654808848
9.209089162026673e-05
0.0002851963219333564
0.00035354693520911473
0.00011874067029987723
0.0003951632182225273
0.00023564180906571197
0.0002238528212146762
9.742447755084482e-05
0.036849077845099054
0.10610112575441899
0.01309855535712695
0.004962990177468485
0.00017949209137885225
0.0021166560947717405
0.0006049662003647649
0.00012871563302735423
7.14446300935645e-05
0.00043309177871686533
0.0003385716682430262
0.000190369044520744
0.0002911162740069084
0.00031458597327838067
0.00026856741263281414
0.00015109660075351972
0.0002123603976164623
0.00016455032874906905
0.0003392969485618291
0.040704083030917215
0.08987458455058117
0.01122635143290579
0.006865784358908167
4.848783646899113e-05
0.00023042122375721563
0.000189526824476427
9.420057713127594e-05
0.00011185285107950804
-1.592927083349238e-05
5.415638712202853e-06
-4.967545815914853e-06
7.92619102876202e-05
7.839334179349233e-05
0.00029755568663769605
0.036194426469108476
0.09625037346522519
0.013508294209129912
0.005421030087236378
-1.4120860728605855e-05
0.002027314971459526
0.0005591204216238155
0.00022700189723734443
0.00010245189130270171
4.374492096370641e-05
0.0002174262969397156
8.342695609092621e-05
0.00013768784419099234
2.5747021873856468e-05
0.00012417294439964754
6.32766705135901e-05
0.00017314549367858367
-7.3570689177460125e-06
0.00015131540175239433
-3.123056844223093e-05
0.00020057324137406907
0.00022326136815276065
0.0340842854882113
0.0997664829310213
0.015161732477247447
0.004691067958754458
-2.1253248528418922e-05
0.00017017038393207784
6.236787151403522e-05
0.0002224282105813824
0.00020140693028691814
0.0002196523576916687
9.331117345856565e-05
0.00035338378954064
0.00011175075416369751
4.538134813658612e-05
3.9401846678610575e-05
0.00016695929289939349
