0.2410036992032336
0.2410036992032336
0.32493651514750865
0.2909185900048355
0.33755480060525284
0.32931354020922166
0.33670765900668886
0.33651128890670634
0.33772568364647154
0.33763341880024444
0.33768948292254547
0.33763341880024444
0.4626794548581688
0.42259292431614426
0.4841568790675232
0.4744454246076651
0.4841802677232827
0.4840196859829831
0.4841568790675232
0.6736544908781739
0.6265070297746879
0.709640041141605
0.6982179897877542
0.70955371891317
0.7083817457637819
0.7095881524266694
0.7096827941750278
0.709640041141605
0.9593191739797234
0.8617275447353953
0.9977662886799025
0.9741235172952852
0.9981759742331975
0.9974010487433901
0.998182547990333
0.9980239694023665
0.9981759742331975
0.8694879189748852
0.6987525346233813
0.9550147536715989
0.977456047300234
0.9982665883170223
0.9980537344263294
0.9941434350380642
0.9971402576623444
0.997716885478966
0.9977855083675713
0.9977103473333111
0.9977436354361614
0.9977271815953197
0.997733518141037
0.9977271815953197
0.8891173513289321
0.6682211248394048
0.9418855006971889
0.9849434492868915
0.9980752639800666
0.9978915573800659
0.9952790433032334
0.9972351140321751
0.9978140176493425
0.9979775271851962
0.9979266999992105
0.9978632440915489
0.9979053169633781
0.99788062094774
0.9978915573800659
0.8706519197337865
0.6964226450969595
0.9538470953233144
0.9777365035571556
0.9979240740065282
0.9979424321969682
0.9944652350270334
0.9972089709190408
0.9977222599958904
0.9979416215932663
0.9978402328681111
0.9979166085538188
0.9979284271347939
0.9979079047791227
0.9979214532261826
0.9979134101990865
0.9979185072550201
0.9979154053021579
0.9979173408255541
0.9979177890481026
0.9979180644047447
0.9979175671592522
0.9979177890481026
0.8868549080757886
0.6720199171688219
0.9436083642711302
0.984168567120792
0.9981727347816564
0.9979046516890848
0.9981847431995451
0.9981717823586187
0.9981120884083599
0.9981421467785643
0.9980521279754693
0.9980912654910019
0.9980771107432588
0.9980957408623639
0.9980859747689461
0.998089261526216
0.9980929876672935
0.9980912654910019
0.8657417318246827
0.7042360808730866
0.9572632846297222
0.9759190443296083
0.9983084685285063
0.9967462349632281
0.9979310426587804
0.9982493319859772
0.9982218051232181
0.9983006079549406
0.9982731030542434
0.998259022356535
0.9982393744146605
0.9982531224672508
0.9982456097622757
0.9982507928188483
0.9982479220744063
0.9982493319859772
0.8780631690873639
0.685957492340678
0.9496857869513252
0.9808978726758892
0.998218353037414
0.9948695026532838
0.9978420115159317
0.997608203655127
0.9981097615241015
0.9978885105399358
0.9977580746912761
0.9978108597596487
0.9978600975276563
0.9978302452661174
0.9978420115159317
0.8586618602720855
0.714419720608806
0.9613781772835849
0.9729577209706988
0.9984695765437702
0.9984074583686546
0.9922656917778083
0.9972387934176457
0.9973074682970218
0.9957883479755851
0.9967503816774906
0.9970618127643588
0.9971725901396666
0.9972387934176457
0.8671338108479153
0.7004174478495878
0.9550935653831416
0.9759294617149536
0.99737920412086
0.9962316934250655
0.9972258328127057
0.997341206800413
0.9972855334631024
0.9972571084570423
0.9972459400495227
0.9972502636440043
0.9972442440359834
0.9972475999255175
0.9972452934949914
0.9972465752927038
0.9972456932722323
0.9972461828698345
0.9972458458159149
0.9972460328247438
0.9972459400495227
0.861599849359483
0.7087843941893628
0.9586148059343516
0.9737428742260882
0.9974245759872523
0.9966654201751302
0.9976121203775651
0.9976354765914821
0.9975194224348647
0.9975835385570828
0.9975914356571245
0.9976225088438029
0.9976087174735717
0.9976137734006045
0.9976121203775651
0.8747597184030702
0.6896596404381864
0.9508195627033943
0.9791856883612597
0.9976118384944332
0.990849448793049
0.9959648770340663
0.9973928666238387
0.997003951943831
0.9971976904223201
0.996666831692593
0.9968839063857478
0.9970823143332801
0.9969593713977435
0.9970345199197466
0.9969871093927021
0.9970166009420384
0.997003951943831
0.8668890121652941
0.7003137776894711
0.9548944006350857
0.9756835648586701
0.9971444284688151
0.9955603804872334
0.9966363458931813
0.9968076723500362
0.9968472927816456
0.9968052858111921
0.9968230972529071
0.9968143117636464
0.9968102161487244
0.9968076723500362
0.8723397739602465
0.691691347789327
0.9511404744488756
0.9777172341941871
0.996809228013007
0.9904496943098428
0.9953795413478195
0.9965219231262206
0.9968003296357397
0.9968205426145347
0.9968156964700724
0.9968183674871127
0.9968135389323918
0.9968168363373341
0.9968149180583541
0.9968161493143145
0.996815405809977
0.9968158719876362
0.9968155864204592
0.9968157638833377
0.9968156964700724
0.8991605030875518
0.651226312135675
0.9341389262592907
0.9883417442389223
0.998094418928742
0.998081978709333
0.9968685069810594
0.9979915586715054
0.9979792932373003
0.9980991027226442
0.9980457843903336
0.9980141891876415
0.9980016040109039
0.9980016040109039
0.8680576670231549
0.700559934472678
0.9556588488792411
0.9767791409529838
0.9981327451930158
0.9955982006936435
0.997440232347899
0.9979583456459435
0.99807686172196
0.9981091632196926
0.9980971794082474
0.9981223555660768
0.9981148128017047
0.9981048706451086
0.9981114102462416
0.9981075651589967
0.998110034503763
0.9981085145791426
0.9981091632196926
0.8739593443539009
0.6918690909508391
0.9520774771616178
0.9791840854852876
0.9981108739344391
0.9950415446064316
0.9975894506074904
0.997947617428727
0.9968651262649756
0.9973491196161939
0.9977495984984082
0.9975029547728571
0.9976540265960295
0.9975571858058867
0.9976146131902535
0.9975772394294377
0.997599134332182
0.9975894506074904
0.8761930031514042
0.6874506733296868
0.9498761462265921
0.9797388037088821
0.9975747633184643
0.9904699959433809
0.9958498911086648
0.9975800355533428
0.9975898642380839
0.9975869745356125
0.9975904874448658
0.997588668261548
0.9975899748657526
0.9975902196298658
0.9975898663461386
0.997590075502869
0.9975899620591926
0.9975900143482306
0.9975899900988185
0.9975899807064572
0.9975899699894182
0.9975899748657526
0.8723682173545164
0.6932245751812162
0.9523031803441828
0.9782247476625707
0.9975995766723302
0.996872546034241
0.9975708726335731
0.9976100541415537
0.9976007816790375
0.9976049124727888
0.9975971115542783
0.9976024863318547
0.9975994465954168
0.9975985801964797
0.9975999662949373
0.9975991193819602
0.9975996465244432
0.9975993221539583
0.9975995270272595
0.9975994465954168
0.8823060920871242
0.6782441737330469
0.9460134114854849
0.9821655657376716
0.9977009509196063
0.9964221106515929
0.9975065483508936
0.9976663179198586
0.9976884698838253
0.9976946985596591
0.9977000193537622
0.9976995805625071
0.9977011547251147
0.9977005759896609
0.9977002524922232
0.9977007408659977
0.9977005759896609
0.8679011148484561
0.7001897211261565
0.9553038081674478
0.976526199221943
0.9978269428423032
0.9957581722577435
0.9972344501009969
0.9973081345401551
0.9967758685089023
0.9970746575303142
0.9971756575092257
0.9972631704539323
0.9972123205555474
0.9971984415059625
0.9972190095397613
0.9972055950849406
0.9972123205555474
0.8624324051445386
0.7074600612959122
0.9580359336062183
0.9740511905604874
0.9975629433944397
0.9961850078367875
0.9973596880018585
0.997452941080583
0.9973268812120457
0.9973986295987896
0.9973750470410947
0.9973474446761681
0.9973656253447096
0.9973550534506419
0.997361966181664
0.9973579238861155
0.9973596880018585
0.8747817800843691
0.6891177496272411
0.9504245653919912
0.9790342936582522
0.9973592296702702
0.9903647436633649
0.996105314812993
0.9971252315210728
0.9973177325244533
0.9973523116815091
0.9973584674232475
0.9973600857877178
0.9973596560418981
0.9973589644504749
0.997359407026724
0.9973591321488492
0.9973592995294871
0.9973591929724118
0.9973592628148473
0.9973592296702702
0.8764357299565652
0.6866204779717606
0.9493746948559304
0.9796888690917862
0.9973048032665744
0.9960677443300674
0.9970226756151643
0.9972248254578899
0.997158223536689
0.997232578041122
0.9971965108574601
0.997214323109281
0.9972208595647063
0.9972279604628789
0.9972248254578899
0.8653112149014364
0.7031401956514113
0.9562286421493952
0.9751989611455791
0.9974300857958072
0.9972531806518568
0.9973949104433584
0.9973691047498954
0.997412120508977
0.997385794362496
0.9974020347567131
0.9973959439604819
0.9973915364948747
0.9973936374791015
0.9973949104433584
0.8713228155914856
0.6944094169391104
0.9526719125663692
0.977687091880731
0.9974288535091392
0.9952932936156225
0.9969763967897336
0.997338110552612
0.9974180665074038
0.9973764177839782
0.9974001328051502
0.9973998263120447
0.9974001828613293
0.9974000159239848
0.9974000827060507
