0.017886284734303187
0.004365098505119894
0.0009649746807200863
-0.01863492703364491
-0.0027738820251439907
-0.0035475897926898676
-0.0008274148148245977
-0.0062700067682384735
-0.0004381816897592824
-0.004772180303595027
-0.013138647533626821
0.008846223804995846
0.008813180422075299
0.017095730636529485
0.0005003364217686021
-0.0040467741460089085
-0.0054535994761953045
-0.015464773155829684
0.009823674342581601
-0.011010676301114757
-0.011850465270201728
-0.0020564989942254107
0.014861483550745902
0.0023671626722691235
-0.010237851399264681
-0.007129932001120494
0.006252449661628293
-0.0016051336318692391
