0.3158107756157925
0.313984414920607
0.25922823543450946
0.2689191979434538
0.2495422225734159
0.2489769377806621
0.2472613990226224
0.2446408976710387
0.24727895686584256
0.24915255694028227
0.24834878454212728
0.2500465917448903
0.18716342167883376
0.20943509075536537
0.17823357329744488
0.1842571642518665
0.178740348461763
0.17978967864493262
0.1806458289793576
0.1807298982403347
0.1780153333550869
0.10784115265800054
0.1278068581775253
0.09642667862355786
0.1003499570774225
0.09497313391567214
0.09710138942014035
0.0962466523605725
0.09531757709004823
0.0957474099776156
0.015744344416325273
0.04207126297980157
0.003570552785523873
0.009724201111902142
0.003998154220993255
0.004184822966806223
0.0038986856243170553
0.003952290365776434
0.0038254548172156344
0.06176664556328443
0.06380253371481687
0.004337003480769763
0.0169806528602105
0.0006089354432736727
0.0005418085961764185
0.0014186769660898269
0.0006476046200880603
0.0006812959868825463
0.0005852629176382185
0.0007296120496222969
0.030419585197630383
0.12190986794760472
0.017433477077250625
0.0029881243388560907
0.00034374269205172947
0.00023150664827298328
0.0005315196444399817
0.0005352840977513318
0.00023671602737163067
0.00023136782005578338
0.00032159538522380515
0.0006026801298971707
0.041757343969812954
0.08800200158591898
0.011055537575384189
0.0077678873138655735
0.0003078068991705374
0.00029313416900283995
7.082898074528554e-05
0.00039447542597198515
0.00017107576283476034
0.0004453586015829569
0.0002832815833299085
0.00019880526124854692
0.03199880826851875
0.11336231904234528
0.01492882484260416
0.003632427021006357
0.00010074707723367604
0.00010994827948312969
0.00019901960662649376
0.00020926504744167573
0.00023451389900652764
0.00011126335490030392
-4.341665026541541e-05
0.00021338077354887686
0.03814880983547447
0.10386123700226935
0.01282585703451361
0.005119290285476252
0.00017132598315638958
0.0016778803373551643
0.0002355068265920135
0.00014927059978514512
0.0003316357581667484
0.00017803866806814783
0.00019275859344564106
0.000165071765889091
0.00016660475444268963
0.00013933135651716944
0.00026076610893654983
0.00020146942755128183
0.00013374365166657354
0.01483254775812709
0.05408216180394121
0.005642305787155744
0.0021387541791551556
1.1481167741578258e-05
0.00027044693376071516
4.645842068579098e-05
8.618365821538854e-05
0.00020332030458170003
0.00019797351165523613
0.00015414788715917283
0.0004010226690219776
0.00019918856916362193
0.0001751084586646412
0.0002316161358472124
0.00037958019012973576
0.00019620784808027647
0.00016190247069264307
9.809388602505242e-05
0.00010298117420792785
0.03664668256093023
0.09683225267703921
0.013714218365633468
0.005569096223231207
0.00027375294338699563
0.0008970961257079302
0.00020954488415120265
0.00017271808919006038
0.0001533364714471075
0.00021182861590646196
0.0002267822266165953
0.00023928599345213186
0.00027978032708547707
0.00021193771393918093
0.0003263719982463109
2.409960389748722e-05
7.305494700937665e-05
5.711222385978987e-05
0.00014797828660828571
0.00020691210426954099
3.718405528874147e-06
0.00019529451796795883
2.89180790232213e-05
0.00017023374490049425
0.03906778228337465
0.09128719167013438
0.012297028718946668
0.006262785398799431
0.00014684524387009734
0.00024775684389910513
0.0017920942481690072
0.00042836646650645793
0.00027224542047404876
0.00017445627075113324
-1.6620937220435117e-05
0.00018977260055619283
1.3369361927639822e-05
0.0001324595430163833
5.9266758326737e-05
0.00034191530356664224
7.271658371837963e-05
0.014985222161296219
0.05349840887506707
0.00540864540974012
0.0017998134675419886
3.4353636746864424e-05
0.0001757155534830579
0.0002427755070606441
0.0001705145854252188
0.00026367945941885296
0.0002872984334107431
-2.903545806065555e-05
-3.1795374236809337e-06
0.015499560163753145
0.053502468569622486
0.005126050896268386
0.0017858457149793061
0.00010447716297057319
0.0008389106537056157
0.00011324963101189134
0.0002656710805572504
0.00027225847207229537
0.0001181877929690156
5.3942295595799106e-05
0.0002792411625552882
0.00014758838904055382
8.038905830415333e-05
0.00010637331350565882
0.00018940631345037984
0.0002443829302692935
0.00011952289071387456
0.00015987238279313587
0.00020274320459617856
0.00015158887208727156
0.00010829141409379739
8.457928579647112e-05
0.00018009639842342384
0.0003002653581160586
3.221191564289905e-05
0.00025791451073242655
0.00017192650717207103
1.2962352042233949e-05
-1.8223221890378838e-05
0.00019408311676105683
0.00029761248635579163
0.0002778044615184827
8.422772993604832e-05
-2.911753174361653e-05
0.00013928058050433068
0.0001253773335035957
0.0001501124789504149
6.984533935600057e-05
6.321754419386094e-05
0.036101998350461295
0.0964884405438165
0.014020802603618987
0.005070899309293442
0.0002000022267764079
0.0022965875645585276
0.0003160575077343353
0.00010338961947525815
0.00011209455915506261
0.00015436211821051593
0.00017198439849330782
0.0001315485699263097
-2.0233645037226466e-05
4.095412816562671e-05
0.00017560400949434563
0.00019806055196402994
0.0002019535934235095
0.0001180581759381294
9.412000863878722e-05
0.00026599572723923215
0.00015975366812798208
0.00017758502370340823
0.0353031344702866
0.11398168546649967
0.013384727825229259
0.00447058806465378
0.0001182821119380395
0.00026965496157604907
0.0001895920582887789
0.00018702806049225584
0.00021642552375317203
7.03010943772231e-05
0.00014613443954636374
0.00019342523574850112
5.057585476042625e-05
0.00026108487421416804
0.00016308432878980872
0.03658169888747914
0.09734389262492299
0.013975490759926823
0.005324970560486864
8.933951913348004e-05
0.0009213417142289182
0.0003509344598884856
-8.292152294442356e-05
0.00017774724420671628
4.1180690549202925e-05
0.00018186371393591472
0.00015063618623095687
0.00025868738008522074
0.00019755965981399504
0.034712129965531136
0.1118573201062345
0.01428946241932938
0.004109550626469505
0.0001857127676083703
0.00019286311251831556
0.000643294657796889
0.0005320661302155583
5.8411703933558545e-05
0.00012445043218034524
9.831499128237775e-05
6.28217997572511e-05
0.00033486437020735504
5.0643844166364804e-05
0.0001362150323094835
0.0001497088516977385
0.036376904853385184
0.11019764018331396
0.012141742529616528
0.0049480668332883004
2.149622740632573e-05
0.0018015314638756275
0.0004424928280432616
1.511266660247923e-05
0.000173395540429222
0.0001883228239263346
0.00018509194115634564
0.00012439233591926557
0.000113448914792591
0.00017552758262762147
0.00017631307565579846
0.00029876162908143433
2.135325993224413e-05
8.123745805105331e-05
0.0001665690177342638
0.015925532942038967
0.05258272924225377
0.005604774320611405
0.00219742508277021
6.191987395959275e-05
0.0006039542495340777
0.0002418960157947736
0.0002952840448348093
0.00021018426678848234
6.94650235914529e-05
0.000118515435780564
7.796977147361828e-05
8.325820798027461e-05
0.0002544912656428644
0.00015962163850830047
9.715872425869465e-05
0.00010271143592954779
0.00013646555796592574
9.35765856052706e-05
0.0002611032409506331
0.00010236535447483153
0.03882944625777551
0.1031758402305904
0.012464831972455737
0.005202792606612938
0.00021288659887908068
0.000401308782727261
0.00044403568344397737
0.00019128732892431666
0.00016859156145715426
0.00026927367658508006
0.0001364642774484559
0.00011582482734989741
0.0002942970330384598
0.00023796209275167568
0.00014757038925100607
0.0001611139575277698
0.00012403365554020107
0.00016823359901130264
0.00016640996820466158
0.00024580056156947583
0.00011854079536166573
0.00018730015878498651
-1.4909425058995396e-06
0.00028856192260834357
0.00011670811395775305
0.0003036922396973396
0.00018768032541793822
0.00012303097857996326
4.485996396486058e-05
0.00022991198608574015
0.00017950911052277974
8.188904292055765e-05
0.00016070590793781925
0.00018379080791508517
0.03502299550523397
0.10885758772624743
0.01338336001580026
0.004386756535106839
0.00011258626826976537
0.00017740467173971153
0.0001294509562587698
3.0507278286073802e-05
0.0002862099080326308
0.00012474222537933732
-5.255716193186544e-05
0.00036926743975757015
-1.936743723429668e-05
7.064776782472748e-07
0.0001592195824396958
0.00022281804282459072
5.671557468855948e-05
0.038369000057940694
0.09393790805437169
0.012978907607857304
0.005865617218876074
0.0001220001001833726
0.00010079249927025247
0.00015653719265124044
0.0001698584274205106
0.00010070603383810495
-1.6282781088672316e-05
0.0001300556664162178
0.00010466422131411024
6.537113265270289e-05
0.0002306462379044194
0.0001800408241423579
0.00022505901303160325
0.00013408766672029504
0.00011503655242939281
0.0001844526736252683
0.00016492429357006788
-1.7773607076443376e-05
0.03706337931669568
0.0962815057622563
0.013846665330556118
0.005326699677317415
0.00025185846033043413
0.0012748519329625618
0.00030000012282188626
0.00022894128797645852
0.00016558177641362581
0.0002639498396123652
-2.4859913188013394e-05
0.0002961483808749943
3.570589594564799e-05
7.609310949802106e-05
0.00013643062413304374
-6.18884023037003e-05
0.03583109324889516
0.10743228973980978
0.013541845129897423
0.0044996798410548156
0.00020579026385314503
0.002241324657493049
0.00033592191014486517
0.0002558552243869805
0.00017202541657268533
0.0001275927290039225
4.0493197765389954e-05
6.394298890743944e-05
0.00016899089399968759
3.2857735212221684e-05
0.0001524277996654555
0.0003445277507928002
0.00036784654048216403
8.211075555930591e-06
0.0001310659288330518
0.00018861715397783252
0.0001396859310646703
9.49105467657474e-05
0.00020864543992027418
7.43365130750906e-05
8.150399838113831e-05
0.00020656260387347247
0.0002824069672375251
0.0002337701865859909
-2.2723762462817376e-06
7.664414459618296e-05
6.126456351784881e-06
9.670367572134353e-05
1.7394232028067336e-06
0.00016085197729298617
2.4679357524093337e-05
0.00016213701176126527
0.00029428656334706815
0.0002850921769364523
0.00024559339776125677
6.395312966650524e-05
0.0001776818089331278
8.511451258325087e-05
0.00013445276617163326
0.0001516317007316803
0.00020631701349521636
4.9103677061679285e-05
0.00025809119086667165
0.00020826547921998229
5.1388517663508715e-05
0.038556940239867554
0.0913500729081756
0.012763977169430007
0.0060374646410483734
0.0001228117437635512
0.000164088988757638
4.489748242009206e-05
0.00014979529359898658
4.8622213281002136e-05
0.00016912566583965338
0.0365531493878144
0.0961089965523792
0.014076136092813274
0.005514045148491187
0.00020818023539742603
0.0009130549831404267
0.00036379587462853635
9.035235441273715e-05
2.748042100669812e-05
0.00021517381685287607
-1.2866291190904988e-05
-3.6816759689806133e-06
0.00021066832658250823
5.604630177230563e-05
6.784493207884212e-05
0.00015137603455050996
4.7950388564865776e-05
0.03532562915509707
0.09961045463298629
0.015118741549178583
0.004564643931169399
0.00023066045995606688
0.002427584945730754
0.00026425731352958115
-3.917942830766741e-05
0.0001581825075727128
6.174886205573271e-05
0.0001318757617299604
0.0001307427425495944
5.90401022895759e-05
0.00019150369380366294
0.00010759422681905217
9.64706452931674e-05
0.00011718603271987371
