0.3208427043173241
0.3201026256438617
0.26250604821419987
0.27175142959546705
0.2517238715486329
0.2535098595318199
0.25150738063284395
0.2510595342242059
0.25079115629526705
0.2519009940750809
0.2517660152807051
0.2517179548772582
0.2523481332890227
0.25099314889367996
0.18859183721027267
0.20620788413279234
0.17814246616849766
0.18194215586005558
0.17831670620539963
0.17966702100232884
0.1785919342782713
0.17890323554024362
0.1785138687327953
0.10430028185408446
0.12209815923354012
0.09146065893057026
0.094960191200259
0.09133364572352981
0.09117189873469683
0.09201408291742208
0.09190292124212524
0.09122875001427228
0.0912789754712588
0.01431287163989231
0.043458528321794365
0.0030118737213769564
0.009319244085186251
0.0028306827389678046
0.0024629880114492297
0.004290207124560852
0.0033666436998401883
0.002812919325396568
0.002985877514653623
0.002774157201549221
0.05709983778227895
0.07004208114386096
0.005735578461887214
0.014937942558459427
0.0014477259186704283
0.0007644354947966558
0.0012935068525420368
0.0011386336379513584
0.0014066397058929425
-0.0001038673084903241
0.0005709252252894537
0.0012776924572679427
0.0010945664350863193
0.0009435406368489274
0.031716122159837934
0.11900093850907961
0.017218720767610662
0.003876232852537298
0.0006820786756248087
0.00047820104074436376
0.0008633789828911276
0.0013395746928377972
0.00039735174448313204
0.0008157124765861834
0.0006310060362785808
0.00013438179194924516
0.001095226072193256
0.0006919320258446104
0.0007622504134545127
0.043173002280298745
0.08673775211966389
0.010864124359770133
0.008285572101838945
0.0004515447525823002
0.00045147717755639194
1.044064560390412e-05
0.00015396352522767387
-0.000363136674191078
0.0003363933103264771
0.0006744025858548275
0.0008662803271499153
0.033331006971262345
0.1155231911575113
0.0158440864480503
0.004281102734031483
0.00016544734276319195
0.0011089101496576381
0.00026247398057382965
0.000497258915325427
0.0011033074426581302
0.0007594998886625293
0.00019196068025023605
-2.8500760649308177e-06
0.0005468870051287267
0.03870154364018624
0.10324709895866097
0.011729632866146256
0.004933649310576882
0.0013034289233564977
0.0008807281682325918
0.0006405484227189895
0.00036895867863934173
0.001069352608977503
0.0007099339732230536
0.0007860481796844176
3.099128306732757e-05
0.0003876395160658519
0.00012531543959209968
0.00019684356621868515
0.015731391521309757
0.054133932889247116
0.005851602557987723
0.0013029122916475844
0.0005487104751033534
0.0015944933537507255
0.00024258849565012008
0.0003045919976472078
0.0006136688710714489
6.212064752997293e-05
0.0008680774824193493
-0.00016853991191145834
0.0005859881621309015
0.000838916975039572
0.00023447684558070003
0.00026087350192000036
0.0002475370159212287
8.207885923949831e-05
0.000137791564898182
0.0009328130871344431
0.03824383555547911
0.0941964393490547
0.013185966155646045
0.0065641876205259075
0.00041908205023771794
0.0025242717520290725
0.0003527102726087472
0.0010719026241090557
0.0013430909515226852
-6.813810623085281e-05
0.0010540440129429562
0.00020838729051136928
0.000746341289406427
0.0007372566616027365
0.0009732588959968647
0.00041584300210534275
0.00031507245902773207
0.041381072136374986
0.09096318752909999
0.012041129110252013
0.007339931458538174
0.0004108062107522903
0.0008089309451725368
0.0017590457038840213
0.0008855510859144267
0.0005535967743908188
0.0010103552850990738
0.00022036916490225655
0.00044645102773910317
0.00013162952252615545
0.0016040075900451978
0.0006064419048186775
0.0009921831874480924
0.0009044813936660567
0.015010633034584664
0.05618888256742682
0.006467507967117314
0.002057040855389991
3.921342636331593e-05
0.0007380144895210994
0.0006232043959711886
0.0002215614689404788
8.90371458815431e-05
0.0006584489732178733
-0.0003362526523674747
0.0002464653615860124
0.00015589782589736645
0.0004279723644002309
0.015868304100892072
0.055272547233733316
0.006052869831193575
0.0035525005731219528
0.001597187696712743
0.0013465118808498322
-0.000284540917287357
0.0014525319157710492
-0.00019102460789377496
0.0003202815013043092
0.0002899048785578451
0.0007640135149697413
0.0005482285404133647
0.040586901429714384
0.09212591396966852
0.012553386509189912
0.007446087003577795
-1.0613142702453615e-06
0.0024457409335217895
0.0005438881236278226
0.0003706778802617383
0.0006970651883117518
0.000354273917582526
0.0006399085839522423
0.0006537417158770653
0.0004178307409316018
0.0003345322263270112
0.036141537551272196
0.11398172973098236
0.014063523982686843
0.0044936126001379195
0.001163450871011218
0.003285132101670196
0.001068501038562264
0.001134561673218959
0.000551550656834543
0.0008264888267727755
0.0005858421807724556
0.00039593124878267716
0.0011051064472004102
0.0006631421084947742
0.0008037730788529318
0.0002621815279454376
0.0009988725103243223
0.0008008885257023701
0.0011454542473471885
0.0004917439868380447
0.0009172382168232684
0.00019395736288035925
0.000866820500578902
0.001653822814938588
0.0007668419169246099
0.00032429869190669924
0.0006721568750736595
0.0294620395003094
0.11046818957799265
0.019440633096396154
0.0027369631405022576
0.00044314747559970336
0.0003564227045853019
-0.00021697572021273093
-0.00047351702455145084
0.0004451720600451292
-0.00013243653599370742
0.0002771188141152403
-4.9022170402146514e-05
0.0005300225686495907
0.00013059694951322864
0.0003752984239783208
-0.0004476372942914253
0.00012157587204014719
0.04104947079021509
0.09917295715446722
0.011417148152039813
0.006027711442474937
-0.0005261627760200227
0.0015924875733648314
-0.0002011771242270699
6.374060659936065e-05
0.0003529677415234356
0.00024104957086806822
0.00032195738768542315
0.0008012667322867539
0.00019343629767398784
0.0007063371528363005
0.00039488383676655747
-0.0004996352941145643
-1.4732650913562573e-05
0.00019955857642156571
0.03513393400587278
0.11471297090985527
0.014489102379463104
0.005172663737275818
0.0001357730908524979
0.0003879562425445626
0.0004986468676272393
-0.00033350698521028566
0.0004984441512305149
4.107275661235921e-05
0.00023669280529803327
0.00010835417185622864
-4.216409461132997e-06
0.0003362853637250973
0.0008816691950984112
-0.0003991456584574449
0.015668352669727215
0.05292921021964192
0.005519494125018842
0.0018575200622969468
0.0005351810347452579
0.0005193693840087055
0.0005775605910955939
0.00019529493250208807
0.0002585405884080183
-2.256553712798315e-05
-0.00012478129264004156
-0.0004802528415982499
0.0007161674717657274
-6.616809284343272e-05
0.0003448170393191563
7.828781150753805e-05
0.0002942322704067024
0.000260446582766638
0.00032446932931223804
-0.0003422608534540128
-0.00011103644721710548
0.0001383826065312066
0.03844970859753133
0.10509845176994753
0.013005552583413515
0.005420612190499607
0.0004794718900542616
0.0016081009634099086
-0.00028787425683030055
0.0006078024573545893
0.0007213792485259996
-0.0003276314856496265
0.00020005228287961474
0.0005272932100771066
0.000700156310067257
6.783598078435871e-05
-5.875933006427303e-05
0.00045525542943608555
0.0005991949800170371
0.03362172431767335
0.11294657624866433
0.015053560525249143
0.004578944117901995
0.0005385538920935629
0.00015378648649999604
0.0010295434360481082
0.0004494551104454736
0.001255399001690194
0.0007047830257935761
0.0004526264766570587
-0.00034662512242489285
0.0003503019862584611
0.00016589458468974083
0.0001319443885129945
0.0007339777007720483
0.031862901927150966
0.10437430024192296
0.017416837977777544
0.0037499820915097293
0.00022895580692838813
0.0003586792826286156
-0.0002682546659786844
-0.0004012747660833149
0.000293068066205604
0.0002469981521357467
0.001048962364311956
-0.0008191432437478774
0.00046084440432264673
0.00047168801982755415
-0.00016002601840137132
8.9578384136757e-05
0.0006260153922096334
0.00022554667389529381
0.03642179349988783
0.09670507023654912
0.013982316877119205
0.006035268655802228
-0.00012411470935846936
0.0016484336291954227
0.0004345224007155646
0.0002510816218292966
0.0003024603839095752
-0.000669516616602861
-0.00016930385276170412
0.0002951617715415411
0.0003697531550891364
0.0005286111750781863
-0.00019265891068720453
0.000541650119285475
0.00028428577222983087
0.00033421476302775144
0.03719483011862584
0.10670319010915486
0.01305305598424078
0.0041381607742931314
0.0005544623000521276
0.0020893047824549482
0.000366631100635173
0.00034935646717504376
0.00010223908672546411
0.0005156078973422851
0.000372230810436025
0.00019460127151760265
0.0008426331440443136
0.0005639817634338629
0.00019183432243152776
0.00023158058844890972
0.00010745515478072232
0.00010490939322976844
0.0008693627945068894
-0.00018085291230973688
0.03470702920284241
0.10016846886209063
0.015138173751687078
0.005002030629360832
-6.653892732610966e-05
0.0029718440366051646
0.00021632260667459047
-7.196928549135784e-05
-0.0002821880747787553
-0.00037771719556700667
0.0004222162608616964
-0.0004056845972217893
-0.00049878686199889
-9.860844701403693e-05
0.00012024174226360484
-0.0002151268277360563
-0.00018775778955837374
2.7558337433786217e-05
0.03659473008845898
0.09814480042011359
0.01373496231022514
0.004592987134209192
-0.0004675046384909898
0.001354613882059208
-1.272947920127887e-05
0.0005408818414838201
0.00014910869869233512
0.0002818947874860811
0.00044435202747045155
0.00028359635978880693
0.000335272988180646
0.0006835891965726315
0.0006958786251853866
0.0005717399273473256
0.0007196937488678223
-0.0005728748299249631
0.00022397300374116247
0.03658652823388919
0.09762767864445404
0.01506539157098663
0.004657130617915173
-1.4555818629524708e-05
0.00026097358606819165
-0.00019537445731643288
0.0006434443866528694
0.0002925552137845733
0.0005120984994736455
3.165468547339234e-06
0.0005678014063499881
0.0009725538701754743
0.00040919912611836473
0.00011428820988856891
