0.30935628476976096
0.31110983721658547
0.25435975516157716
0.2716871948928536
0.24369638056895937
0.24966134836371878
0.2480484490871011
0.24747194567458725
0.24596509545018624
0.2446879322372596
0.24459744119265325
0.2465407145831573
0.18615640740258665
0.20637967784459998
0.17643969368288293
0.1793505274423952
0.1745240572709087
0.17554675488859445
0.17485695178939836
0.1762726328987122
0.1766657201849532
0.10182207905145385
0.12169661693245487
0.09002860404875179
0.0944176304617046
0.08978317894149557
0.08983815821254415
0.08943797089222538
0.09031394762433587
0.08987079147808247
0.09001291786931853
0.011985833796512024
0.04184213101363404
0.0008118462295002016
0.007619749801559328
0.0005419648626693307
0.0008070373710755141
0.0007550762463922611
0.0006472879569556778
0.0005892641515254926
0.040834380949947735
0.09154315217271208
0.012578509005521488
0.007154262828568292
0.0004745525421783192
0.0005224567449045869
0.0006550698120116882
0.00042905187352482166
0.0006476776429695796
0.0004703529239540871
0.0005849838013848307
0.033569186152231256
0.11481663432109496
0.0160275149982278
0.003908308988337661
0.000484698410455342
0.0005939917505921044
0.001035935380242603
0.0004324234419234574
0.0007445405922584247
0.0004919636692209406
0.0008215464992620825
0.0005713386407174004
0.0007750670248010683
0.000595766917565077
0.0006990939524641471
0.00044231687661389074
0.0009043642801960794
0.04208362716128705
0.08785479217711867
0.01080801823959976
0.007967120205966738
0.0005138533072804319
0.0003310954591352888
0.0024160097533315605
0.0016269488778106744
0.0006540555706515128
0.0004799246551462355
0.00038568064983984796
0.0004383844500934764
0.0004320318425652947
0.00047371924843975233
0.0006435587269384424
0.03458610685244301
0.11176952920297151
0.015390312057235678
0.004344050928690446
0.0006300560380791409
0.00028189577130172117
0.000298634446335988
0.00042798283544381865
0.00028690041040019265
0.0004913756711537043
0.00018385410637911104
0.0004935697844954401
0.00025763452549859567
0.00045645132936633637
0.04228833997341391
0.09706825121226392
0.01111670840127732
0.006371373488498477
0.0002067688620581154
0.00073486563142805
0.00016106234728352486
0.0003227936719183977
0.0003838182993007311
0.000563196177663039
0.0003230509926264169
0.0002878778501889667
0.000287394651037165
0.0002759210566420922
0.0003972425033078042
0.01501786390678378
0.053069423141128835
0.005963320838978159
0.002333990658113849
0.000430804090829906
0.001309013528572489
0.0003566691175669323
0.00029389371155846833
0.00023576316081214133
0.0002986077384243835
0.00024619519524993194
0.0004445734317685135
0.00022448997448126784
0.0004686858345420153
0.0002931728271551859
0.00021136540004612625
0.036205700554841624
0.09768966518233912
0.014175275408212118
0.005278153344738079
0.00033226123679186426
0.0024021544076043844
0.0004451531103427109
0.0003421458118014753
0.00014904921359903955
0.00025230604905646103
0.00020627914466264663
0.0001916477535332528
0.00022561120635294918
0.00028507285059992116
0.00018340700361640927
0.00035400418648284804
0.0003230566597325901
0.0004342629667308806
0.00035393665410649033
0.04168968837535092
0.0884026247217431
0.010925835076273538
0.007531478908504696
0.00021690947395203164
-1.863144534564043e-05
0.00018952231490915183
0.0004219882865394986
0.0002525042635441177
0.00020076110785927082
1.0396469738993552e-06
0.00010833588122755033
0.0002800880920066917
0.00023512148601884109
0.0003677589854111374
0.00019004351055584845
0.014789404343904022
0.05755278718071766
0.006214549277873349
0.001970146678473783
0.00020700743924756404
0.00012240197189911095
0.0011873322367664252
0.00037552748038238715
0.00010865835120621448
0.00029493080527920323
0.00022864414117196308
0.0002589460357987905
0.00015779472189653143
1.483532568286039e-05
0.0002907504930310667
0.0002870220527494416
0.00014075486892017874
0.00036695681209314435
9.329033007510201e-05
0.014695803740020996
0.05251633175639553
0.005722810759914376
0.0022419437302205747
0.0002580074774664043
0.0010123382171469686
0.0005236525937992731
0.0003201447801160495
0.00018431379090644295
0.00029109936478044496
0.00019850020242112576
0.00015638997217237716
6.592775933861317e-05
0.0002335266691973481
0.0002820756470335306
0.0002575737388388344
0.00028959317696564124
0.0002769481267585472
0.03723441013255996
0.09488254715363931
0.013800930276685108
0.0053800320032306725
0.00019209599812858302
0.001105382990331083
0.00027530965140398767
0.00035698731275979334
0.0002329837948124025
0.00014688261660356083
0.00011063568017966041
6.022867341004545e-05
0.00018881552966620863
0.00011839341265335035
0.0002605054132094331
0.00014918186021228852
0.0002448437317786878
0.00030154691034595116
0.0002309368420076452
0.0002889445860384532
0.0002516678401656147
0.037629402441355986
0.10821254980656275
0.012580598225876927
0.005410363836854282
0.00023412421069818334
0.0002616795850590714
0.00034081998223634
0.0004766662732871296
0.00022188835081377034
0.00043926728977999874
0.00031232957017224283
0.00023240856350431605
0.00024944764994000446
6.556610824703935e-05
0.00012846983555575564
0.0001600885299954391
0.0357132844633109
0.0994512343840191
0.014902871981640087
0.00488321443472578
0.0001903234749808247
0.0002793695832886134
0.0001914118499118378
0.00030482415138194385
0.00019801685233006294
0.0002984533169559933
0.0002930663253681298
0.00018220032105209505
0.00020063291944588668
0.00015576723100035883
0.00010456155281840518
0.0002319854950096345
0.00010093588960879973
0.0003856977294157682
0.00025159508280797604
0.00022072008259671483
4.947320481468731e-05
0.037179824526967276
0.1066090224928502
0.013071731466609837
0.00500550723156068
0.0002496126158515466
0.002151786933082933
0.0008863396914606803
0.0003248363535359178
0.0004639694887648149
0.00021880306013649653
0.0002865279367819107
0.0002113335402100236
0.0003454686234217186
0.0001233695463153106
0.0003633942267488588
0.0003271543359121831
5.8107419068642585e-05
0.00031783142878211157
0.0001606390891373266
0.0002233744197070453
0.0003564793285397716
0.00017757319100242253
0.00032735848815507174
0.0002335242274666971
0.0001881323419039571
0.00032942904761018577
0.00028486466407723343
0.0002783267167828507
0.00032252209143091015
0.0003000600887224092
0.0001416206540270637
0.00010760021692418631
0.0003249601150370762
0.0002690631573324387
0.0001786345779494769
0.03656887593190078
0.11026064560518567
0.013114760028802241
0.004872877788275165
0.00026701651713934016
0.0020333153703485096
0.000583687995959592
0.00032166398918109795
9.626860770367562e-05
0.0003225445092124857
0.00032462084423462434
0.00030057398058402907
0.00038595961749099406
0.0003004515532034069
0.00015050829910701058
0.0002049316194017714
0.00023182231144741605
0.0002738398338978931
9.56588248615109e-05
0.00025695735142472476
0.016668450427321346
0.05413026257056053
0.005582479471014923
0.002290191023898158
0.0003867326559686135
0.0009274524630246139
0.0003158844638636582
0.0005828479211468784
0.0002003843098284941
0.00029710424427614734
0.0003070300500598311
0.00021362123934731692
0.00021984050857359883
0.0002659261253844525
0.03758975131318215
0.10609899287852764
0.01320190825552281
0.004796529123544613
0.0002664828193589819
0.00039575849013895326
0.002217736916251656
0.0005483139163000028
0.00024115870071111933
0.00034853768531489804
0.00032807703649773146
0.00029438478539051127
0.00016254216697164647
0.00028548854272730795
0.00024996915677205633
0.0002541111929728057
0.00023390718759991325
0.00031291110083919715
0.00011703104809240861
0.0002642445904584845
0.03572534974044167
0.10744191746216275
0.01353694318035542
0.004550623035192325
0.0003071971723278555
0.0005737801586421787
0.0002174468910411398
0.00028774674506404363
0.00026322647025422974
0.00021451241545772382
6.641157764680772e-05
0.00032737658137899084
0.00045793904944596564
0.00026993286109394665
0.03494371556711301
0.0988144384141143
0.014514820079239599
0.005109714604177862
0.00021909597979008488
0.00026712973728132416
0.0005493292695688545
0.00029241823511499954
0.00014690468824174463
0.0004076742028037428
0.0003079885537883853
0.00016939289554934733
0.0002810188091817989
0.0003375089605560655
0.00042593676954649773
0.00023054395293858887
0.0001905566808844683
0.00016675011167549547
0.0003001387837903713
0.00031439473646621696
0.037798848226908044
0.09473285487924832
0.013353961139050852
0.005955773145904508
0.00026852045146402714
0.0003108648303233319
0.00022252153811791464
0.0002984289612263935
0.0003569083430521869
0.0003074378333523531
0.0003038356091297767
0.00024022053629274565
0.000360845813240418
0.00025526839978479154
0.00040243996132832693
0.03593525064019937
0.1086555043115005
0.0138988136375916
0.004650769513282527
0.0002279245531128793
0.00018848021297801498
0.0011797504697899641
0.00038912015353287366
0.000637527135854965
0.0005952655532804885
0.0003681553154713524
0.00038844212444283377
0.00040638468829895524
0.00048678593700623995
0.00038200328852711074
0.0004628457222132787
0.00040798875517827904
0.03664004360491424
0.09677168281377768
0.014133536609903685
0.005458038341789262
0.0006237345809400052
0.0024643221508141577
0.0007903955810296681
0.0003714236531883186
0.0004259712952326966
0.0005799849706746851
0.00043464985171176584
0.0004824770331413042
0.00032215174479865993
0.0006001213116878512
0.0004882035818356001
0.00053347741883919
0.0004205794723680656
0.0005581264041489842
0.03625224942244476
0.09907537392885879
0.01493111065681657
0.0050909352421705245
0.000525149758713428
0.00041384132986554967
0.0011931656563600734
0.0006384849508634383
0.00044262089214186506
0.0005975615621483521
0.0005391115811012592
0.00036595176198361834
0.0005265309636429683
0.0003950893793776
0.0003313115744531525
0.0004132003996632494
0.0005035127829527974
0.00041568554166276916
0.03390954590048706
0.10236311125593278
0.016384348715693442
0.004311936916484627
0.0004338555456899762
0.00037356609022720644
0.00043658078698022296
0.0003106541541735286
0.0005463143178398022
0.000464817823855046
0.0005070671379716618
0.0005606396212587961
