0.2371685637919451
0.2371685637919451
0.31538831823683644
0.27746965922620115
0.32557627464560795
0.3163900134369844
0.3257048417182732
0.3229769581634311
0.324854866954601
0.32534040527820723
0.32557627464560795
0.4508656572934692
0.4169890198584453
0.4739744346732395
0.46576740322926496
0.4739414193855289
0.4737401495525077
0.47395881065253204
0.4739744346732395
0.664515935975246
0.6234635858295193
0.702306196990624
0.6923607612698325
0.7024636784296276
0.7022315800709804
0.7024372640777765
0.702441633858652
0.702441633858652
0.9558929615119471
0.8656892605544595
0.9971613107043635
0.9753083558757208
0.9973418257248252
0.991602014055343
0.9966350294427404
0.9972556324237345
0.9973497281855335
0.9973418257248252
0.862705754309479
0.7073084113252381
0.9580580006935298
0.9742415719053191
0.9976834381779077
0.9919865645615044
0.9974235322980989
0.9961607504572481
0.9974775339584885
0.9970646465206916
0.9973044676813693
0.9973806826431983
0.9974448955588107
0.9974075487626255
0.9974235322980989
0.8814322290681178
0.6792086907921775
0.9463022323212261
0.9817079769691976
0.9975049682337258
0.9961730643412666
0.9973104459907706
0.9974887782892916
0.9975049617839755
0.9975025881984569
0.9975046141352915
0.997504913952751
0.9975049583618448
0.9975049682337258
0.8634282828838962
0.7065465749722872
0.9578459016840105
0.9746311394474636
0.9978138314919505
0.9967860024758892
0.997599574783602
0.9972795802230566
0.9974260619695419
0.9975431151600622
0.9974758769630223
0.9975198323738607
0.9974940092968776
0.9975106886229422
0.9975141975704529
0.9975085098721546
0.9975120313063637
0.9975098573251201
0.9975112018302917
0.997510371228337
0.9975108847014635
0.9975110058532835
0.9975108098135411
0.9975109435804278
0.9975108847014635
0.8917035674110338
0.6638818957674538
0.9399184789577986
0.9858302302838224
0.9980902164096287
0.9979467777231746
0.9975141051021084
0.9948232243661287
0.9967455404243157
0.9974399857005096
0.9977134701008006
0.9975952300335356
0.9975458177630223
0.9974863228407154
0.9975141051021084
0.8763611394453961
0.6870450973045521
0.949655768540647
0.9797575804958161
0.9974725749059287
0.9969855173761079
0.9969954285584662
0.9879006601960906
0.9948421450293234
0.9963608201897003
0.9958548057780785
0.9966277515986548
0.9966107514663143
0.9966445906790067
0.996784743170864
0.9966995728003323
0.9966658033243427
0.9966445906790067
0.8730380993973375
0.6903087759494435
0.9504513502659072
0.9778902792663537
0.9966462870367274
0.9900638446068499
0.9951026840982258
0.9963025610107786
0.996615334010935
0.99664910425906
0.9966494991098558
0.9966478255757312
0.9966469201733885
0.9966456752205602
0.9966465355069583
0.9966460586157528
0.9966463829117296
0.9966462005568558
0.9966463237989218
0.9966462541165779
0.9966463024543162
0.9966462715885245
0.9966462870367274
0.8857994462660387
0.6710511712838811
0.9423587836963416
0.982944092767398
0.9969164057895907
0.986970481352786
0.9958197546149004
0.9966928423745856
0.9963960415113909
0.9965479385331266
0.996610509951117
0.9966645853446553
0.9966328823812831
0.9966244365564068
0.9966380405799641
0.9966296709069523
0.9966348581930011
0.9966316578291685
0.9966336378846735
0.9966324149535901
0.9966331710761401
0.996632703884964
0.9966330180247527
0.9966328823812831
0.8624867835302057
0.7062105533967414
0.9571268781913078
0.9737051560790217
0.9969521857949185
0.9940213737326563
0.996564932437001
0.9966460876541956
0.9969516643993874
0.9968936708727834
0.9969390927168197
0.9969544686393012
0.9969485353735701
0.9969534198825148
0.996950988521643
0.9969501267740161
0.9969515692636493
0.996950988521643
0.8739962934308692
0.6894798699778713
0.9503059763731706
0.9784640300191918
0.9969511892809488
0.992298489163749
0.9962292720239894
0.9968294536334944
0.9969139069467461
0.9966590707029039
0.9967729629138474
0.9968673100405345
0.996887246800623
0.996853666915199
0.9968752371782675
0.9968622179918121
0.9968589972867181
0.9968641803667513
0.9968606557553251
0.9968622179918121
0.8757160884777754
0.6867052879894434
0.9490810452983884
0.9790886556278638
0.996861162596214
0.9937328054480798
0.9895466956310317
0.9959483556775235
0.9923399824185873
0.9941509681512037
0.9932309025149983
0.9935454900219146
0.9938960603436193
0.9936618985540108
0.9937965337057825
0.9937965337057825
0.8703450189936794
0.6886353372990979
0.9478610546455328
0.9750173214111542
0.9937913482510932
0.9937947370945168
0.9938033932558905
0.9937995748454475
0.9937960442320534
0.9937935074468052
0.9937927074493854
0.9937923116229395
0.9937930961954086
0.9937927074493854
0.8742909968144446
0.6826718645130325
0.9453521588964298
0.9765772677059734
0.9937939570129715
0.9920143092832434
0.9934788055241035
0.9937634904368626
0.9937984272676441
0.9937848733081853
0.9937908598989242
0.9937958460350667
0.9937969013191035
0.9937951509786822
0.9937962592343897
0.9937955327313226
0.9937958460350667
0.883120135213588
0.6693521469416177
0.9397561552499765
0.9800750744573794
0.9940485007605954
0.9937276010651827
0.99405122194569
0.9939659131515408
0.9939111014857898
0.9940169537905704
0.993987741486396
0.9939464576275922
0.9939335183422723
0.9939251718879099
0.9939385432239698
0.9939303617979625
0.993935449714913
0.9939323899861676
0.9939335183422723
0.8898024087878964
0.6595438007308418
0.9357250648098148
0.982808191028024
0.9946019052731008
0.9945976208520064
0.9944683106217338
0.9943114777818275
0.9945022077264987
0.9944153281231181
0.9944490831039439
0.9944818183063211
0.9944611137221824
0.9944735518209462
0.9944649522955387
0.9944683106217338
0.8710121020125761
0.6889819664190058
0.9484518220983984
0.9757075867128688
0.9943767876040095
0.9917443376779103
0.9937946248754106
0.9942722969713358
0.9943956361397248
0.9943753253127321
0.9943842245748042
0.994379662920357
0.9943767876040095
0.8756000600377444
0.6818728481426268
0.9454033249595912
0.977466088927101
0.9940232725692634
0.9936022091771275
0.994330850726316
0.9942944149691917
0.9943957104298006
0.9943530074312277
0.9943893362716505
0.9943938033529147
0.9943853193956305
0.9943913390628061
0.9943879152209056
0.9943901445311076
0.9943888100029116
0.9943896513110213
0.9943891376657534
0.9943894575268488
0.994389243340265
0.9943893362716505
0.8811381291361109
0.6735393835340354
0.9419092053683439
0.9796667964482785
0.9945225398126631
0.9944571041343659
0.9917917603860958
0.9938758794554021
0.9942988717401805
0.9944059708629305
0.9944653747878712
0.9944389307661041
0.9944503606291685
0.9944612188646816
0.9944571041343659
0.8841062698001467
0.6691960305194596
0.9401286568626012
0.9808849926963261
0.9947281654044509
0.9929541954510146
0.994497201353233
0.9946316013310634
0.9945548190361321
0.9945444199010942
0.9945865466336705
0.99458400109808
0.9945712879415143
0.9945650874990551
0.994576130639814
0.9945689327316221
0.9945731459729783
0.9945702908584211
0.9945712879415143
0.8808530971435031
0.6743361798239462
0.9423646389029379
0.9796693612327734
0.9947111318054354
0.9933863147606941
0.9944985067304213
0.9946727368369511
0.994697867331946
0.9947089435784069
0.9947119233649688
0.9947122888467557
0.9947124757086867
0.99471197159421
0.9947124078520475
0.9947121671331491
0.9947122888467557
0.8746584853513784
0.6839699475628889
0.9465069908676955
0.9773061054690162
0.994687570151876
0.9941191731091162
0.9945994456020465
0.9944594246376732
0.9946591396112487
0.9945522990309603
0.9946246672943981
0.9945823617588556
0.9946094325869901
0.9946153866215393
0.9946110815598339
0.9946077710811755
0.9946046265740381
0.9946077710811755
0.8816598220401938
0.6731920746527628
0.9419079600014668
0.9800119194890998
0.9947385752367154
0.9855235355400072
0.9927096014004366
0.9942363051544357
0.9945297362087009
0.9946686152089357
0.9945797012417906
0.9946325989778715
0.9945973027623191
0.9946174861037944
0.9946233471755478
0.9946138090867234
0.9946197377411334
0.9946160865383834
0.9946183480358348
0.9946169522366839
0.9946178156072732
0.9946172822896528
0.994617612003005
0.9946173903705872
0.9946174861037944
0.8717666643768713
0.688143640347237
0.9481983217529203
0.976100977791029
0.9946165322172187
0.987608013851746
0.9936846600067868
0.9943798870793815
0.994569874182063
0.9946050912517058
0.9945940767604429
0.9946085294412174
0.9946012396812025
0.994606457257623
0.9946036719628613
0.9946056207133624
0.9946045567008404
0.9946050912517058
0.8791228122665954
0.6770158482066595
0.9435132607650221
0.9790057139597785
0.9945619400933499
0.9935583766438635
0.9946404757179506
0.9946668015880832
0.9946134455565248
0.9945896398656575
0.9945993397541096
0.9946083326169639
0.9946029163192864
0.9946063366823906
0.994604263703077
0.9946055680346804
0.9946047756233749
0.9946052735228188
0.9946049707605651
0.994605160895867
0.9946050452381296
0.994605117856733
0.9946050736775349
0.9946051014144068
0.9946050845391818
0.994605095133583
0.9946050886877809
0.9946050927344614
0.9946050902723782
0.9946050918180696
0.9946050908776365
0.9946050914680378
0.9946050911088242
0.9946050913343374
0.99460509119713
0.9946050912832682
0.9946050912308597
0.9946050912637617
0.9946050912437434
0.9946050912563107
0.9946050912486646
0.9946050912534649
0.9946050912505442
0.9946050912523778
0.9946050912512622
0.9946050912519626
0.9946050912515363
0.9946050912518039
0.9946050912516404
0.9946050912516404
0.862444943343402
0.7021881760770543
0.9540928231857815
0.9724022658067636
0.9948199365374542
0.9892991990707268
0.9943931089374409
0.9948381550157309
0.9947901435563895
0.9948370943112747
0.9948100469738037
0.99482768350121
0.9948163765001234
0.9948230952040152
0.9948186084483513
0.9948211721603778
