0.4324299340262896
0.4324299340262896
0.5125735084485409
0.492713635471165
0.5247869660713427
0.5208550914401304
0.5246614143332383
0.5242314281152449
0.5247564877798734
0.5248016259020776
0.5247541306591313
0.5247869660713427
0.6255231785191179
0.596608827151168
0.6406104145850796
0.6348099494849739
0.640586117638314
0.6394577223184355
0.6403546987118178
0.6405265839089489
0.640586117638314
0.7793044475601643
0.7446404904744368
0.8008667020105331
0.7937167421251917
0.8008837217035336
0.8004126201378897
0.8008195819369215
0.8007429452913108
0.8008665128140109
0.8008195819369215
0.976409764777122
0.9135830490701055
0.9986093635549891
0.9847650310258751
0.9988749485660897
0.9987233798618214
0.9988486885527983
0.9988659022262065
0.9988749485660897
0.9161299954547861
0.7972553889173049
0.9753435208633727
0.9858576219486804
0.9990266352177943
0.9990133904522419
0.9990196355865975
0.9990259879821328
0.9990256973191569
0.9990262429838963
0.9990259879821328
0.9658920192330918
0.8775232263628647
0.9838924581369961
0.9956239173858983
0.9991307289185727
0.9991314360375335
0.9986044798297848
0.9990453155854299
0.9989213066848532
0.9990947099673892
0.9990043921743327
0.9990666341842223
0.9990306228669853
0.9990538165599867
0.9990398403318685
0.9990489147570214
0.9990453155854299
0.9116788107907783
0.805473622185134
0.9781806356025271
0.9843874568384785
0.999455307979497
0.9992821710413499
0.9954298660436842
0.9964354396245201
0.9986082545552907
0.9992958003587902
0.9990848463404751
0.9991960817644793
0.9992513323996859
0.9992706899788464
0.9992821710413499
0.9648721120071644
0.8809581560692303
0.9848294407741273
0.9954913296462224
0.9993382112563474
0.9993328435587424
0.9993280059461439
0.9993324063628759
0.9993374903983466
0.9993349001474181
0.9993330911280893
0.9993338215507312
0.9993333758784015
0.9993330911280893
0.9567608726100593
0.8972992754537452
0.9887967988108151
0.9930908409218392
0.9994174104148548
0.9991636667218646
0.9994172194125034
0.999372398592169
0.9994154879760816
0.9994183654760915
0.9994178136791753
0.9994166462241579
0.9994174692336308
0.9994169790423977
0.9994172194125034
0.9892832035334418
0.9623898350288476
0.9957495198181248
0.9981667752742845
0.9994178624736483
0.9988862698992
0.9993881306385022
0.999400544786603
0.9994063734371648
0.9994120757162178
0.9994069670105856
0.9994048479405582
0.9994058019418531
0.99940544182109
0.9994060218665374
0.9994058019418531
0.9241246592458393
0.7827414594292723
0.9714392622436461
0.9889820564181675
0.9994041294129944
0.9953837189084498
0.9989400579233052
0.9993161578436975
0.9993897329527225
0.9993973969310799
0.9993686519305279
0.9993953183052857
0.9993848353121507
0.9993920057551673
0.9993879386747165
0.999390031747995
0.9993890587539367
0.9993894313672776
0.9993897329527225
0.9124130456252235
0.8044795400653512
0.9779376930106163
0.9849967013845595
0.9997378993033753
0.9997328240021196
0.9996635664813641
0.9997159186609734
0.9997194467682973
0.999736239645805
0.9997286938635865
0.9997343441643558
0.999731114303896
0.999733539770066
0.9997320544906099
0.9997328240021196
0.9903396665549828
0.9603865265574052
0.9956366704352883
0.9987149064463363
0.9997474004291895
0.9997239730177763
0.999022597427196
0.9995708812615021
0.9996819770508717
0.999703659237793
0.9996458559470645
0.9996690985348919
0.9996907584183576
0.9996771917775974
0.9996741515852967
0.9996790391163765
0.9996760379887468
0.9996779446420123
0.9996771917775974
0.9894996100795962
0.9631760570111534
0.9960482203375747
0.9984198771768941
0.9996772034672596
0.9991541508074038
0.9995400073823111
0.9996392136286024
0.999665811468075
0.9996733943382863
0.9996761842558484
0.9996768715654027
0.9996770788963563
0.9996770871612444
0.9996770777086857
0.999677082059977
0.9996770801057315
0.9996770788963563
0.9226166266726936
0.786293015619181
0.9724787394667185
0.9887473145264125
0.9996754270802763
0.9977746296916168
0.9993528699360441
0.9995801645627753
0.9996530219291571
0.9996689086592386
0.9996681076367108
0.9996630299863748
0.9996647010359587
0.999659468740272
0.9996642080968299
0.9996617078617269
0.9996625305457187
0.9996634847233534
0.9996628374006388
0.999663221540447
0.9996630299863748
0.9619713387007326
0.8833037723583488
0.9871022538991887
0.9945421835335583
0.9996668632527704
0.9996521298385527
0.9996664666352495
0.9996663087068758
0.9996667841463707
0.9996666532359495
0.9996668337246024
0.9996667415387848
0.9996668059084883
0.9996667689507452
0.9996667585384659
0.9996667689507452
0.9273237079512056
0.7775703785422934
0.9699500494165649
0.9902955988336208
0.9996958929616148
0.9996092736320953
0.9996842632440219
0.9996484176807293
0.9996743827092125
0.9996602860383829
0.9996698130601225
0.9996643695336795
0.9996679515266182
0.9996658636649824
0.9996660696297035
0.9996663114791856
0.9996661621242091
0.9996661436908083
0.9996661682234773
0.9996661550839512
0.9996661621242091
0.9617332924539495
0.8877977929547594
0.9868443568053478
0.9948144873646838
0.9996662066383797
0.997825884629119
0.9992166413610042
0.999553697787477
0.9996369248755782
0.9996611093539519
0.999664665515971
0.9996657988684419
0.9996660537820653
0.9996661251780868
0.9996661805377076
0.9996661486593946
0.9996661693633407
0.9996661584660957
0.9996661621242106
0.9996661607342148
0.9996661615943407
0.9996661619219727
0.9996661620469844
0.9996661620947154
0.9996661621129439
0.9996661621199066
0.9996661621225658
0.9996661621235816
0.9996661621239695
0.9996661621241176
0.9996661621241743
0.999666162124196
0.9996661621242042
0.9996661621242076
0.9996661621242091
0.9628490136410977
0.8818497980826767
0.9867463449342819
0.9947971676861678
0.9996643147885143
0.9978693491297819
0.9994874010941079
0.9996454363704856
0.9996644679340874
0.9996590825926546
0.9996657561362308
0.9996628352791942
0.9996650535171779
0.9996639062270911
0.9996647052534209
0.9996642624138101
0.9996645605730095
0.999664390750177
0.9996645117611759
0.9996645117611759
0.9891449831742061
0.96299050972593
0.996124309654657
0.9983067098785747
0.9996645069353673
0.9991869205221499
0.9995514052714922
0.9996389026397505
0.9996620082958445
0.9996459158482852
0.9996621292489506
0.9996575671326747
0.9996619378537148
0.9996620082958445
0.9623059163926517
0.8869167504578854
0.986498110552778
0.9950259691665448
0.9996655182786514
0.9996642740194637
0.9976904881712767
0.9993368781995149
0.9996001351630976
0.9995233665438897
0.9996328703242298
0.9995742837166368
0.9996139659011374
0.9996216937070286
0.999608876601102
0.9996169916138841
0.999612050205514
0.9996151324096536
0.9996132014294072
0.9996132014294072
0.9633892394469622
0.8844333506304998
0.9859424546465106
0.9952936088236696
0.999628932124683
0.999523270427734
0.9996187532824827
0.9996230375359356
0.999618197597272
0.9996205225967563
0.9996196806524542
0.9996196241454911
0.9996197369920146
0.9996196806524542
0.9273568805701369
0.7776203576103946
0.969939619193195
0.9902537983007093
0.9996454472935135
0.9995900978221106
0.9996450156645469
0.999646968178515
0.9996387226332708
0.9996326399908
0.9996417460201308
0.9996365729932652
0.9996406380911934
0.9996379268894169
0.9996394790819902
0.9996384223840251
0.9996390151905463
0.9996385821492663
0.9996388621085026
0.9996387226332708
0.9213154095307732
0.7889318560996523
0.9733003961816176
0.9882291950215062
0.9996576708141061
0.999523891790371
0.999640359988657
0.9996363932761483
0.9996536796010562
0.9996465320708894
0.9996428757342543
0.9996388927175485
0.9996413440020648
0.9996396381415942
0.999640359988657
0.9628656205414583
0.8850006052518311
0.9861242915672545
0.9951790241077358
0.9996494796514905
0.9994982805086119
0.9985643811816223
0.9995974354291641
0.9992428604517717
0.9994153720446626
0.9995422183648557
0.9994687441966995
0.9995159493425928
0.9994873093699914
0.9995051587559116
0.9994941352243898
0.9994982805086119
0.9243897644356827
0.7833720265703443
0.9714142074994446
0.989192658502097
0.9994989376665311
0.9954094125607347
0.9987412058494275
0.9993251178170803
0.9994480843138919
0.999150672720942
0.9993807290027886
0.9992655700025922
0.9993476204657459
0.999360748462855
0.9993392092172166
0.9993527051905498
0.9993444344990446
0.9993476204657459
0.9264466351381928
0.7768759275412396
0.9694129053494775
0.989937627974481
0.9993789028896822
0.9993714356517731
0.9978824749829196
0.9991078363799748
0.9993151803357831
0.9993544385623262
0.9993718879639736
0.9993660921143075
0.9993620796595931
0.99936830076133
0.9993646235121714
0.9993636763002951
0.9993653269131295
0.9993646235121714
0.9312972002479121
0.7666050028965138
0.9665254856810304
0.9916185437217352
0.9995511039792125
0.9994756660914468
0.9994934145978696
0.9994390772053202
0.9994332045195333
0.9994397265334201
0.999436851727221
0.9994382297290059
