0.3249560109378774
0.32305134024495613
0.26175497730579106
0.26993414795667076
0.25245204979264
0.2551362061970215
0.24952437610863837
0.24865599121498522
0.2510187470537364
0.2521646489858397
0.24851266245462023
0.2509397576066352
0.25389203062356414
0.18875803855411938
0.20762388790211983
0.17784473097747155
0.18242053471994035
0.1807359546281207
0.17928958876072842
0.17763140245443776
0.17667215006568143
0.1775507389039626
0.17821270239816678
0.10482748660726882
0.12155638833911492
0.09182842858961543
0.09566295231499344
0.09142529685192446
0.09154578246987577
0.09189394070035434
0.09122622486868609
0.09171925697356942
0.013832039695539533
0.04437863147479665
0.0032206450301935363
0.010519387570425476
0.0030723952992576242
0.003200113659524606
0.004823850952372699
0.0034669819976198
0.0030533422401043397
0.0031909700391455353
0.0031460498509174317
0.0031920005903031123
0.05794241768870845
0.07097066197833218
0.006381765410741869
0.015121710945069311
0.0010538776006118744
0.0011516770351854833
0.0014308929144205562
0.0010130742077736343
0.001033550808446304
0.0013061649561466049
0.0011036470435874524
0.0011835523619136978
0.0011549502207043871
0.0010143597228117196
0.0011484038896951154
0.030706739076132028
0.11884806037207785
0.017206984691510496
0.0036924227970245305
0.0009770504432342064
0.0008305491315230284
0.001000059975972467
0.0007369121988410332
0.0007915209628517328
0.0009973855450453595
0.0008882600264576435
0.0008617328392188095
0.0425357925059906
0.08783233865087947
0.011352808450253271
0.008049517737587553
0.0005478076394151432
0.0006663142550695222
0.0006872794687403094
0.0005778857308046392
0.0008326088006559429
0.0007667357979102563
0.000881186828544267
0.000691708999677465
0.000834676884211516
0.00092189804865761
0.03390926605433914
0.11384045494316086
0.016135771272661026
0.0041420985485562944
0.000620070240550108
0.000599280146972192
0.0007182061568667963
0.0014094844077592872
0.0009014479964572497
0.0006591698793445011
0.0006577602110886538
0.0008643475393197431
0.0008032497688981177
0.0007419708583890072
0.0006577316316705994
0.03710553126116095
0.10800846558063193
0.013981691115945605
0.005286454287030284
0.0006630405104736115
0.0005796877203934625
0.0028243634048958355
0.0011272394596205104
0.0008314039052457756
0.0007177990371170506
0.0006791577155481066
0.0005364610537960668
0.0007782816768366896
0.0007326852471393752
0.0008270452526428773
0.0008963192201857373
0.0004126833381203898
0.0008460145693702792
0.0008680696742838778
0.0006372205114682505
0.0007406179872318508
0.0007659946126847839
0.015401464901392548
0.054921168631339445
0.005951329797973914
0.0022790316692022916
0.0006353867092624976
0.0009015838225988615
0.0007149332605962955
0.0006939509344203176
0.0006802403202978424
0.0005914225065943857
0.0005973605458753362
0.0007575572979926504
0.000845352122370413
0.0007549587236921895
0.0007772542273565275
0.03993856660747125
0.09177124518576718
0.012332760290446887
0.006916256490210715
0.0005972098494949618
0.0005803708105932559
0.0026461614913758646
0.0006155179371258312
0.0010285454930930582
0.0007351787051960712
0.0006508065632803706
0.0006423049504118428
0.000668921364225028
0.000782327507509839
0.0006409923010701757
0.0007135930384490341
0.0005696532213775307
0.044314200072796406
0.08488712173274099
0.010127203779876304
0.008887333202832637
0.00034720603969762287
0.00035891037002871995
0.0004489987424026176
0.0019642468683576664
0.0006875220842615382
0.00027623128171505584
0.0003615483049400625
0.0003177240029415551
0.00043232652019592477
0.0003750490085717151
0.00042604348748676024
0.0004015118186720956
0.00046836753456164226
0.01567866856092681
0.05159875975701844
0.005499647870907565
0.0024063217695372563
0.0002599851469547998
0.0013437034133973458
0.000490839181520375
0.0006683291408458025
0.0003974154474782887
0.00046626839711594315
0.000499017731446505
0.0003306006229217284
0.0004347283088132481
0.0003865724881728094
0.0002669822857320203
0.0002326626789782016
0.0002444531671039196
0.00038579145135114734
0.0003405125980081025
0.00037046485973935006
0.015036355565222204
0.056281747159150575
0.005957944250155056
0.0022178976103717774
0.000417616437362045
0.001306936734952302
0.00034410499997566957
0.0003078809288009632
0.00047257270197142986
0.00043524328955146796
0.00033825960915356834
0.00036307145042074884
0.0003785294942908468
0.00024185301178236696
0.03479103056552746
0.10065357024227728
0.015409648030989154
0.004573975117906415
0.0004347369600051776
0.0017004940243851019
0.0007167019645020756
0.0004847423700185538
0.0003614744988035268
0.0004498638145493117
0.00031171959573433883
0.00042335932128667597
0.0004198260300766754
0.000309430456094717
0.0004275623652343352
0.00038576411957880197
0.00047983611359958545
0.00027286032522017
0.000217931574611141
0.00038415001848796093
0.0003415655126098316
0.0002102055534097258
0.0004355293460377996
0.00032606352823949525
0.00018949945078861052
0.00031942688885910897
0.00022655974933516454
0.00044025029815131234
0.0006385484506101213
0.03513163859804469
0.11483971654949154
0.014155408655512958
0.004860887674738634
0.0004286175885828136
0.0007208120308726529
0.0003561503360342
0.00027103788273280527
0.00040960241475229697
0.0003570439993106911
0.000640031047936862
0.00032480635499743116
0.0004462586610977648
0.00043616118325601194
0.03243540247767551
0.10458787538608677
0.016768605567705486
0.004197701846251123
0.0004270268535664923
0.00041444021974140766
0.0002950291378813197
0.0003196059122088646
0.00010659638705362573
0.0005071909569344113
0.0002986490433592448
0.00030776084565647954
0.000388038602095242
0.036611264798578846
0.10767099010527542
0.013641685784108626
0.004503500461373433
0.0004144043078430082
0.00025986447546810787
0.002694111771904706
0.0009760515201011066
0.0003691063759475033
0.00024894145580689475
0.00022527109228465125
0.00021541594377649798
0.0003169527438106612
0.000392245371252653
0.00034946512083228187
0.0001755503025646088
0.00040736205581082263
0.00039217145348124927
0.0004445565596177814
0.03886885953589608
0.10590937723117416
0.011988406967849197
0.006022568634185266
0.0003835343970574612
0.0003674818599766483
0.00022514924129130032
0.002261926911858003
0.0007176272963592134
0.0005486961400101298
0.00032971025278272226
0.0003344394311849408
0.00017118609232702475
0.00029427624805172803
0.00028749759107393746
0.00019526262643126957
0.00038584680781239555
0.016021138165992488
0.05238207644164056
0.0057067526260291546
0.002040881753491708
0.00026290127322808887
0.0005173497191511833
0.00028727954514257137
0.00021570754195859854
0.0003216287866887879
0.000497546543039018
0.0003306844128368458
0.0001570510308864792
0.00043248900788062095
0.00030955838250662504
0.000382377562836711
0.034618808619905406
0.11042532372621122
0.014301816385511534
0.0040228151946511415
0.00023651139948888122
0.00028861164733068323
0.00020738495141181534
0.0003380149582338232
0.0004365402920746275
0.00029138637560560676
0.0003657842466014971
0.0002573833968737005
0.0003402261441093901
0.0003490131318832357
0.033760131231980295
0.11386255300355236
0.015199684263683233
0.0041378281661823
0.0003935703976153393
0.0002439941028448689
0.00036676850247840953
0.0002881779805026241
0.00034687824246854015
0.0004025051153507264
0.00035876802783046946
0.0003823015880371483
0.000241448618321205
0.00029322983868029784
0.0003209836609597283
0.00021358663886400509
0.0002435956225887992
0.0002200576612125249
0.0002675660835838034
0.03465328007011231
0.10007941049062197
0.015230359795198711
0.0046290024609692
0.00017040014750741017
0.00028090871365382686
0.00021775083838337927
0.00023133532211810914
0.00020862718699266036
0.0001689054358907649
0.00024893978893275603
0.00037801832531003665
0.00019049867729731274
0.0003081472318443579
0.0002041096026871303
0.034947778501408344
0.10035907568482932
0.014979528172925194
0.00501908578863236
0.00021543641023685778
0.000458885427971345
0.00021758095008106437
6.112965958399164e-05
0.00016493461673783294
0.00031413977418404126
0.00022047586273810094
0.00020754037266818015
0.00044420800757039025
0.00016948125046534201
0.0002249887493370739
0.00035422448200300716
0.00024987785115282435
0.033784460006545225
0.11328299253139057
0.015222278461524907
0.003719214420274064
9.839260424127083e-05
0.00025039726736075796
5.259050556416511e-05
3.772462396789411e-05
0.0002155382594558608
0.00010424211293696972
0.00030422778646271853
0.0002599046820433437
0.0001973033838293392
0.00019012383457717164
0.033409558526637184
0.1013411629672219
0.016345905989212484
0.004179896457244536
7.927489024212031e-05
0.00026350902777455554
-3.724356553624908e-05
0.0001443388544785651
0.0001456016353488243
0.0002010482141570069
0.00017135547270619167
0.0002456694534649362
8.024306702408834e-05
-8.335124983249731e-05
5.3014105368731634e-05
0.035082162625876046
0.09891106613861522
0.014859527113554538
0.004842796839623409
0.00011252243711168397
0.0001950970761557258
0.00018897557370978202
0.00012911546310601096
0.00011264138265298929
0.00019674581929729484
8.565096571022668e-05
9.08675976000195e-05
3.618605709304612e-05
0.00029116199496803663
0.00016807507924271325
0.00015731397941798342
8.171164893377991e-05
0.00014754801538158224
0.00020647320382077838
0.00022852501757847365
0.00016472917268106624
0.00014903848194636193
0.00016127136087679128
7.341511867059447e-05
6.0062638967184334e-05
0.000152243257618756
0.03610850976359503
0.09850247182702027
0.014312734689043816
0.0052087066811792315
0.00012532458344005626
-1.2693970337429583e-05
0.0010607126119816512
0.00031953921256194784
9.944235971598436e-05
0.0001964806493914839
4.975383268485123e-05
6.729482989237257e-05
0.0003823639302802939
0.000344871069700603
1.447324102649139e-05
0.00022609144207930143
0.00015629008167644676
