0.30638473733796484
0.3135135103407071
0.2565269751113114
0.27167545585838027
0.24655038780441063
0.24833613451606573
0.24610640942753575
0.24826728789941283
0.24572826605383075
0.2483034321336952
0.24560080382946814
0.18609451356811418
0.20729457194590262
0.1776023591615717
0.18249886696200557
0.17784207610491753
0.17758814498554243
0.17713262456575268
0.17851612417450902
0.17834075171102243
0.1784369853179817
0.17652282426326932
0.10501345931332623
0.12464133114705594
0.09167669337122208
0.09695007319480092
0.09163241459814964
0.09297784343938548
0.09219879655069646
0.09139157728388636
0.013705904690542003
0.041257534304339594
0.0013988356975971339
0.008045227127711108
0.0015077858400718847
0.0015302970369214242
0.001481401236736235
0.0016260778483198068
0.04745782115785191
0.08317076067365686
0.010414545211923643
0.009914233490402657
0.001146064053495488
0.0011116835660970326
0.002491238758765113
0.0012368504629407528
0.0007950278111825138
0.0010419352702373819
0.0010286391868519762
0.00112112500217737
0.0011786512591324128
0.0011105719432021322
0.0011270682178136648
0.03378990557670364
0.11549466048951496
0.015891930602404847
0.004234750253347019
0.0007778196964379758
0.0009433616084122409
0.000826329931894132
0.0009609940841746045
0.000913937571304313
0.0009556512178925392
0.0009252695105676501
0.0009647058994899926
0.000867076278527279
0.03793956497098022
0.0955119527727179
0.013960675632907371
0.006532984863131142
0.0007448463715639675
0.002702249336747009
0.0010995073096659591
0.0008063201778083506
0.0009248005278317817
0.000793347552955459
0.0009185151826796578
0.0008263616436703924
0.033806799172310775
0.11439346796178418
0.016117154392028876
0.004575752662273225
0.0006682413188750513
0.0008068701784308963
0.0009358543788750007
0.000961318406240752
0.0008250082921323898
0.0006473270941230735
0.0008522096440483073
0.000860920117696562
0.0007683672560749866
0.03792376685016502
0.10574236661183972
0.013186097460124724
0.005762328241303127
0.0009486113349774228
0.0012240919285838592
0.0009127733188687426
0.0009198628118933239
0.0008218364597534777
0.000799529220765649
0.0008836109334010023
0.0005470591094980937
0.0007119778014676448
0.0006255918909389702
0.0007867527161597998
0.0008518508163816718
0.0009019218056082745
0.0008123262266770959
0.0008448017036170596
0.015613004677908437
0.05478961597189036
0.006275957294079648
0.0027280636758094112
0.0007762745219468958
0.0011213777770123778
0.0006732977865172574
0.0007750312450749974
0.0007589256761857954
0.0008912263588372049
0.0007741312917149412
0.0007786202866285064
0.0008656429798121201
0.0007971048381917312
0.0007339795909128699
0.03661808472413375
0.09890355720973004
0.01439297239427978
0.0055796154577059665
0.0009115870081579658
0.0030273822575844767
0.0009902771443596747
0.0007868765873539352
0.0007735156043683356
0.0007261404787798353
0.0009781115999594747
0.0007616764889734062
0.0008181560926259768
0.0008633575667788551
0.0009336520218765076
0.000885587744997085
0.04782118231512483
0.08114890432162464
0.008599138193185085
0.009851017342414947
0.0002496882823645463
0.00023656322170712007
0.00022372507362095062
0.00036077925133753963
0.0002756729045860773
0.0003229798528489036
0.00018144570039296815
0.0003125190180134907
0.00032300058405343446
0.0001539184675517502
0.00019306809214325593
0.00022279703323313527
0.017634021811115452
0.048884286824130374
0.005360648946384328
0.0025174926282731103
0.00020514431490065155
0.00012726537067270227
0.0008194654755572794
0.00028626798717773516
0.00026973631295040823
0.00011583836633050071
0.00019925224481570636
0.00018425372749347746
0.0001374226330750905
0.00021711752815217755
0.00010928140921695473
0.0002576710532734561
0.0002177346989831741
0.01532909582949804
0.053853531127635634
0.005471446641340916
0.002365067058774206
0.00032075083058308307
0.0005492979511171336
0.00018599665496848994
0.0002236530626104627
0.00029017062904884705
0.0003211857878301916
0.00024151555264084745
0.00022097567207218782
0.00025246528685968217
0.0001668361347441083
0.0002717596034751413
0.00026584927904071964
0.00017219093418124887
0.00037605000964197055
0.03872093606026539
0.0923861004809477
0.012072379557560686
0.006467823355214508
0.0002333854216466369
0.00027356398958655603
0.0003303089197779774
7.951890669727346e-05
6.90081432356271e-05
6.847618790450927e-05
1.2822924273514502e-06
0.00029261162823396303
0.0002490555593496202
0.00016488932934266565
0.0001202130556257619
0.036399746975576464
0.11106484686092866
0.012895191576736298
0.004819024964571927
0.00019633314712541594
0.0019334842677395936
0.0004603178792286222
0.00032319918108530965
0.0001681759278924777
0.00017939569370079012
0.000266094377600945
0.00041324393627900635
0.00029122611492549133
0.00017411747644108244
0.00032305371808211136
0.00028713156987886235
0.0003093315363589255
2.7022821101951866e-05
0.00019514575439066872
0.00012243474800083254
0.0004599626497280296
0.00026135867944543367
0.00043402181748875
0.0002212285511730694
0.00018448441033930285
0.00016053703929175267
0.0003221009913458861
0.000229389891063414
0.0002618867073615472
0.0346195904988813
0.09901649233239118
0.01503410337933414
0.004578475694094253
0.00013585657875569979
0.000190336678280556
0.00024276367863240722
0.00010969845223213204
0.000227319383130975
0.0003252599242691834
0.00018344466085445932
0.00028704114186461904
0.0001644016998670894
0.00015557198797527816
0.00028922623082711096
0.00015998813803258516
0.00013085076028362952
0.00016288823785459705
0.03757245076904919
0.10556975719441708
0.013713033528478358
0.004936766152896177
0.0002376069472257436
0.0020712046707976883
0.0003425414252346548
0.00014723823335388575
0.00015350734633967633
0.0002878711206065754
0.00031548141078352465
0.00024871080047317307
0.0002680608036231269
0.0003883824680789294
9.160014334763655e-05
3.4529001353644784e-05
3.907752147758181e-05
0.00030954773218816456
0.0002174660523245331
0.036054541555964936
0.10991598193969493
0.01354872821481079
0.004991644783556293
0.0002625177177698057
0.000931482229312941
0.0002650106284533549
0.0001214104255105597
0.00019331336100664176
0.0003412935720314425
0.000374560074913155
0.00040383404592653216
0.0002574021328083931
0.0004385760021080043
0.0001993367399809043
0.00020765745098599853
0.00020780763774747024
0.0002144061896549032
0.01623189184808488
0.052288978193938795
0.00512365111905877
0.0023637779886547805
0.00022590502850000638
0.00029780363453324465
0.0003158373914514123
0.00013282011505172386
0.00020207332603933148
0.0003396518639384727
0.0003367687475476777
0.00013367969156374837
0.00014008036415907865
0.00028243122492738193
0.03557231080663392
0.10940653556098984
0.014067471227951378
0.004294263546073762
0.0004044691215568941
0.0007422095767147807
0.00025611799572816674
0.0005563559994898326
0.00039083134752254667
0.00022844502865559946
0.00023115071015583633
0.0002775229965620851
0.00018780564316644988
0.00017412814423589662
0.0002597041155069646
0.0004082042384775386
0.00032421084408607026
0.03444091716515557
0.11180043268013234
0.01452337051589575
0.00421145970017478
0.00023024445394398407
0.00026679442543586784
0.0002849967457647651
0.0002776094854439193
0.00019257605429917612
0.00026233316445312127
5.217299193877034e-05
0.0001534774826240648
0.0002101556711260888
0.03557234370489154
0.09746927168448422
0.014837336540446389
0.005053769258836771
0.000193980948190009
0.0001493624064982102
0.0010956315694841123
0.00031037219677781946
0.00012108721726922234
0.00021064748152027635
0.00031315425749134373
0.00019903886961303296
9.302572897351702e-05
0.00018448398650633413
0.0003705589265634579
0.00010507352595912067
0.000306590482286595
0.000361868330718329
0.038097300793233646
0.09381891774594087
0.01318315195043912
0.00595379070247487
0.00026665626963895406
0.00103480564068692
0.00021086425152305743
0.00013860428764955746
5.535651236238115e-05
0.0002075284534777122
0.0002618909438816819
0.0003539450734361127
0.0001324224211760594
7.093234535532345e-05
5.178360838298257e-05
0.00019309854869142828
0.03722396759080976
0.10622635464185087
0.012728987213573018
0.005180147518076772
0.0003152686610564115
0.0006661762499638457
0.00035803944403195453
0.00022718058477388947
0.00032387322219973314
0.00014485054212415305
0.00012555628175442424
0.0003486606341090992
0.00033078593320579053
0.0003876511748160949
0.0002968476254744945
0.00016346896461350013
0.00014607979627190293
0.00014959540539649652
0.00016523145156255303
0.00039449476226205427
0.03987011269362506
0.09200115038477241
0.011600420418954316
0.006928385968891948
0.00014517738401698121
0.00041383209954304334
0.00024315338756736304
0.00012636833277696047
0.00015789433040869216
0.00028131016552568333
0.00018873899696292273
0.00011905597787087441
0.00020158105453538244
0.000271321831027016
0.00012838330461328873
-2.967607786075188e-05
0.00014416783968307367
4.9878124543101254e-05
0.035087134541422094
0.09985658378734502
0.014641560013159416
0.004720484139595527
0.00011945469057123015
0.00062593154314039
0.00013012943783702324
0.00019446491866664806
0.00026321654634864355
0.00013902131809917506
0.0002019335563898661
0.00020941001970548045
0.00014592886386216586
0.00019013494947250908
0.00018693216448523176
0.00010520475250136441
0.00010517605329540824
4.9940531376080344e-05
7.428432639189353e-05
0.00011407102896959787
0.00011841000820556058
-4.1301926542614e-05
0.00018726023162146666
0.00029937398538826265
0.00014120715236942694
6.27894623327907e-05
0.0002465967325278595
0.00017272463970441354
6.876277555994958e-05
0.0003059637121634595
0.0002236225347423404
0.0002072583807756212
0.0001523191246267097
0.036080750029281516
0.09742092019840082
0.014304818502691552
0.005311475851912217
0.000258057739741413
0.002316609534723346
0.00039455828747542165
0.0003455797720068321
8.162560623276027e-05
0.00026862813987516
0.00024384909441155234
2.3028870334451668e-05
5.792659291958824e-05
0.00020747580823493594
0.00018014539495952997
