0.42139511844863564
0.42139511844863564
0.5082113300511529
0.49855647094098915
0.5239913087065223
0.5223679228193748
0.524411142384006
0.5243257259801966
0.5244268318609236
0.5243169760704934
0.5243780297539463
0.524411142384006
0.6240966863598317
0.5921533857167548
0.6376464361906399
0.6309896337719951
0.6376726404885947
0.6358588175754218
0.6373478004411023
0.6376391364736195
0.637678599872796
0.6376726404885947
0.778670864351872
0.7465404160467045
0.8010765983428023
0.7944562076499162
0.8011183975039381
0.8004543472366227
0.8010831850987628
0.8011243880311735
0.8011183975039381
0.9757817120055376
0.9122405036702466
0.9976939251431656
0.983703023459352
0.9979853646142917
0.9978707669576374
0.9948482601013864
0.9969657912239374
0.997467976506721
0.9976939251431656
0.9008032464284341
0.8208412434851198
0.9818821023520297
0.9798615371019694
0.9989311484486321
0.9989315283715338
0.9964315454859816
0.9985510946703089
0.9988572132713027
0.9989157099530237
0.998926417007362
0.9989299400962711
0.9989315279941787
0.9989315279941787
0.9666680051254869
0.8756167914401713
0.9833409968410742
0.9958073052294922
0.9990796817692909
0.9990669634086872
0.9990693559086721
0.9990750337323497
0.9990350792953635
0.9990589455086774
0.9990657709547566
0.9990717493858556
0.9990680437013122
0.9990703029205914
0.9990687482447671
0.9990693559086721
0.9136091231281225
0.8024235259202361
0.9771318825303216
0.9850908380105148
0.9993575646815741
0.99934644025016
0.9961072487149158
0.9988619859255907
0.9992766855273783
0.9991597191518593
0.9993233866714746
0.9992849460102817
0.9992719143443161
0.9992766855273783
0.9668721495183642
0.8760980429558504
0.9837223548175826
0.996117660437931
0.9994207487522787
0.9994209328645741
0.99894353794144
0.9993501736788215
0.9994100882222909
0.9994191474554532
0.9994208370347282
0.999420943887683
0.9994209328645741
0.9630707352672891
0.8851248039370172
0.9859163221302292
0.9950439606716569
0.9994331387724278
0.9992213600912823
0.9994021279493447
0.9994324096585758
0.9994314204792198
0.9994329054452509
0.9994330216559076
0.9994331113783292
0.9994331175795139
0.9994331373157289
0.9994331341119415
0.9994331394720584
0.9994331387724278
0.9895130296071085
0.962649058909584
0.995766158988536
0.9982260584586515
0.9994263694848229
0.9993748487641794
0.9994296649206432
0.9994297439915122
0.999434093492922
0.9994319443359561
0.999432971089171
0.999433059485163
0.9994329085992174
0.999432971089171
0.9237222167646815
0.78338293559348
0.9716930819787187
0.9888582598170378
0.9994308656356752
0.9992625324482936
0.9993980592360049
0.99940712532071
0.9994270552578136
0.9994319477687726
0.9994296263242446
0.9994313195218014
0.9994304237928281
0.9994310449206228
0.9994307014671859
0.9994305971622396
0.9994307648451646
0.9994307992815508
0.9994307648451646
0.9170473865121278
0.7960781298105466
0.9754123505822407
0.9866045374118555
0.9995549366212314
0.9994676785029157
0.9995556538486525
0.9995438212238406
0.999554348315513
0.999551560258211
0.9995534632532086
0.9995540364959913
0.9995540364959913
0.98890063596849
0.9642908911999334
0.9961885800529817
0.9981451632485057
0.9995545457149507
0.9992762164612038
0.999503739456274
0.999538246590627
0.9995498986563516
0.9995527320946729
0.999553578538076
0.9995532706111983
0.9995535674453913
0.999553759338831
0.9995536484551863
0.9995536053691243
0.9995535888048745
0.9995535737070744
0.9995535833640989
0.999553578538076
0.989586916612011
0.9621673989405336
0.9958178667076745
0.9983486404094619
0.9995541236693117
0.9989977562356307
0.999425803890222
0.9995195061358769
0.9995440800772073
0.999550445531141
0.9995525551037245
0.9995532128984552
0.9995536910209941
0.9995534425640179
0.9995535271386535
0.9995536218949126
0.9995535589837437
0.9995535951561328
0.9995535710804386
0.999553584893957
0.9995535756911831
0.9995535809670244
0.9995535824674443
0.9995535802486015
0.9995535815402017
0.9995535806926269
0.9995535811859684
0.999553580862216
0.9995535810506552
0.9995535809269914
0.9995535809989688
0.9995535809670244
0.9246095272748127
0.781825577625918
0.9711413016426598
0.989334244662945
0.9995513973017072
0.9990350217209252
0.9994557661044523
0.9995421638071088
0.9995185845328713
0.9995362378971734
0.9995462983502073
0.9995484780796621
0.9995448077534578
0.9995471647965152
0.999545741927881
0.999546634243915
0.9995462983502073
0.9639312322586018
0.8789930167203167
0.9860440694686297
0.9950321339484443
0.999547406402035
0.9995504647154041
0.9995507639702015
0.9995503652037894
0.9995495707813364
0.9995501107446816
0.9995502751556099
0.9995502150859648
0.9995503145491302
0.9995502751556099
0.9235727338737684
0.7846525350904826
0.9719551147560721
0.9889249932829967
0.9995496102862514
0.9994860671341875
0.9995488275539619
0.9995507174347074
0.9995498411082195
0.9995505456710874
0.9995501267096172
0.9995503933036629
0.9995502209849377
0.9995503224464091
0.9995502548334715
0.9995502935345569
0.9995502674471121
0.9995502822217692
0.9995502722190852
0.9995502778613576
0.9995502740351041
0.9995502761900936
0.9995502747277821
0.9995502744632667
0.9995502748912221
0.9995502749379171
0.9995502748494509
0.9995502749090583
0.9995502748752672
0.999550274898035
0.9995502748851279
0.99955027489387
0.9995502748885744
0.9995502748912221
0.9614897887588074
0.8885047784365636
0.9868359256528921
0.9946651266896618
0.9995498068045041
0.9977047330266522
0.9993332315567973
0.9994993626969013
0.9995497980021858
0.9995500819332717
0.9995499259480203
0.9995499471886535
0.9995499194519213
0.9995498782417357
0.9995499013921191
0.9995499126061886
0.9995499194519213
0.9628409576686626
0.8825685438590396
0.9867915684944732
0.99466505299851
0.9995500641624842
0.9994660938325916
0.9995350415146269
0.9995109610017462
0.9995432242872648
0.9995271623485368
0.9995385318200649
0.9995404635061719
0.9995387299985322
0.9995372518626762
0.9995364279136236
0.9995377485275316
0.9995369401080411
0.9995374653248525
0.9995372518626762
0.988973439589379
0.9631007617184892
0.9960526967562646
0.9981560443607465
0.9995361197317348
0.9990779956640439
0.9994571207410304
0.9995250315764904
0.999537044944002
0.9995379611172845
0.9995378725783778
0.9995379625985621
0.9995378765083798
0.9995379682914328
0.9995379704011675
0.9995379668788567
0.9995379643915889
0.999537965641513
0.9995379643915889
0.9617269403201558
0.8879597793999194
0.986690928370117
0.9947320964974375
0.9995383254115497
0.9993235293746607
0.9995066546541946
0.9995332741378034
0.9995383245777041
0.9995382913797843
0.9995383275680625
0.9995383284465165
0.9995383268934266
0.9995383276098846
0.9995383262616044
0.9995383268934266
0.9659684165954683
0.8793728284275081
0.9846810353638518
0.9959953317142307
0.9996220619477728
0.9995457472735939
0.9996217513814081
0.9996161022925534
0.9996235878754597
0.9996231999216121
0.9996225776283671
0.9996223166807354
0.9996220619477728
0.9235246402996291
0.7845156430158404
0.9720643892886529
0.9889444337704509
0.9996226884387115
0.9957110024451333
0.9990725900388298
0.9995048217873129
0.9995964941407778
0.9995976207733293
0.9995692298218648
0.9995475892119872
0.9995807746480814
0.9995613958189207
0.9995738045391862
0.9995663005212642
0.9995710012799356
0.9995680195845567
0.9995692298218648
0.9222320463409341
0.7864796640288585
0.9725207901668425
0.9885340213347843
0.9995740678828697
0.9977825130672564
0.9992626717562736
0.9994849010407852
0.9995487512023628
0.9995631191421268
0.9995715160468954
0.9995675185717262
0.9995701670228367
0.9995686013607177
0.9995695971296539
0.9995689934445127
0.9995693714820204
0.9995691400696998
0.9995692841298052
0.9995691956177828
0.999569174430171
0.9995692086939874
0.999569187529193
0.9995692006141128
0.9995691925288523
0.9995691975264539
0.9995691944380092
0.9995691963468657
0.999569195167163
0.9995691959603151
0.9995691956177828
0.9609575789353799
0.8894764416267311
0.9870745209474244
0.9945321451464466
0.9995697080503079
0.9990550518501005
0.9995012452394062
0.9995202757758499
0.9993797213081518
0.9994619628628786
0.9994872820369811
0.9995088765734229
0.9994960637181591
0.9995042130057302
0.9994992882444661
0.9995012452394062
0.9141031687035317
0.8016827777357023
0.9771319529781258
0.9856624722451641
0.9997567348406206
0.999752870429857
0.996365442571677
0.9992075622271228
0.9996408108492192
0.999733824064744
0.9997391291453209
0.9997067396884958
0.9997247105270046
0.9997183167831333
0.9997283712973579
0.9997222143597307
0.9997247105270046
0.9224878421800404
0.787029333666136
0.9727242280575612
0.9887118545772844
0.9997295999109326
0.9997205522100264
0.9956116088916492
0.9990312831487287
0.9995851574246944
0.9996874816639492
0.9997086702312046
0.9997281476364058
0.9997302835249232
0.9997271441137252
0.9997282722163403
0.999727784404685
0.9997280118238463
0.9997281476364058
0.9301269551464179
0.7721619604620407
0.9683128153261658
0.9913446822249388
0.9998323790293542
0.9991794711598139
0.9997450009752633
0.999574055814288
0.9996773793877523
0.9997099359163478
0.9997239746506129
0.9997347593350556
0.9997306985105352
0.9997265633152845
0.9997291256938188
0.9997275438827813
0.9997271698753036
0.9997276545875331
0.9997275378364314
0.9997275861750993
0.9997275600380107
0.999727550053676
