0.307264882803316
0.30785033343482116
0.257171729135925
0.26814181626331435
0.24447319763513653
0.2474589189119642
0.24445490698997668
0.24504639283611424
0.24489029944270008
0.2475127561540842
0.2428843083156122
0.18191666380874466
0.20306133875283155
0.17358641754670262
0.17744315534778443
0.17367952808197423
0.1736454640655385
0.17320253141020525
0.17307206029474703
0.10191372039511765
0.12384584577393021
0.08963059398451723
0.09505076503263338
0.08893473978791755
0.09128610942928445
0.09013530781727425
0.0896600013848402
0.08990791802979348
0.012240374951509203
0.04200744623344216
0.0014946310792419704
0.008284364213751727
0.0015375226934091213
0.0014193281284925474
0.0012841021307958833
0.001403865443421859
0.04605332296426118
0.08375767395906081
0.009822511882922491
0.009716853001264625
0.0009338122791536785
0.0009689204435995857
0.0020857761877156045
0.0010774249947412273
0.0010626835477625107
0.0009092015033542178
0.0008680304587848631
0.0008734846729711032
0.0008731589727207778
0.0008221930493975127
0.0008942645824877582
0.03136917006461898
0.11793643923340263
0.016572345634338626
0.003953750638605091
0.0007555542376903035
0.00054837802455171
0.0006490660121877823
0.0006619689386739291
0.0006121317976896523
0.000645015229086332
0.0007764752065103075
0.0008543707323736549
0.0007377597084443077
0.000656694510597855
0.03929028674467372
0.09267568053652175
0.01293832912853693
0.006997058297423697
0.0005912434280239687
0.0006148638746684698
0.0007470060524918942
0.0005863573771279773
0.0007121790064581468
0.0006371733366304921
0.0007118084609861741
0.0005995761105610509
0.0006137907595995529
0.03435298088577926
0.11353118309934485
0.01490752374812343
0.004651576620631481
0.0005523989864296697
0.0005786815801313017
0.0006517805185040082
0.0004576363048494625
0.0006959057151238457
0.0006320389983179853
0.0007393456332086545
0.0005258087359675256
0.0007188659931035568
0.0006476685101414192
0.03669491281854598
0.10670047015261569
0.013863947809505894
0.005120149551432085
0.0006119557179685153
0.000736461859924431
0.0007223809594620878
0.0005819447051141347
0.00045651255794021406
0.0005280435808456829
0.0006813463524682484
0.0005987736272582977
0.000683124813557312
0.0006529671719603947
0.015410938140563657
0.05513985071076183
0.0060859406887811
0.0021902355544425878
0.0005838942477514042
0.0006447902730905009
0.0006584298505006303
0.0004166650275507222
0.0006398580171797508
0.0005035872534630004
0.00043652072631406025
0.0005390819310822637
0.0007315773429419359
0.037003697118751844
0.09671133612995819
0.01424530299076271
0.006327532744540232
0.0004274886635269315
0.002346911862254053
0.0008664368790638477
0.00042440269886029336
0.000663426232456521
0.0007675566053193528
0.0007095336762590887
0.00068287471794648
0.00047377281347216194
0.0006294523872861224
0.0005354503815583889
0.0005922267765601785
0.0006510077932278535
0.0006369618110182995
0.0006723690930141024
0.044449670160538246
0.08403351097853146
0.009692084273248969
0.008818005755636515
0.00024222950671026755
0.000360530315138885
0.00041756818325094924
0.00036001127183787895
0.0002848395331568332
0.00020287816300107453
0.0003163591893836082
0.0003156323832668173
0.0002795538167195133
0.01564061366786962
0.051079582332938966
0.005683652615347368
0.0024223515759323466
0.00018555847273726833
0.0008341697332440168
0.000348361081491777
6.540498718893284e-05
0.00033261247375532266
0.00042816215123531176
0.0003464603959723589
0.0001282056328585912
0.0003741251453822092
0.000355290294990096
0.0002559686187366128
0.0003165202919429566
0.00027188294856372863
0.00026447626179831873
0.00021286583708907125
0.01587050211753427
0.0525007288324163
0.005237472383047004
0.0022810613832012216
0.000505133967221516
0.0006017152247438928
0.0004113192474144989
0.0003021727187697554
0.00018541278659411908
0.0003239321762265601
0.0003920422524908984
0.00017066662944026367
0.0002068362080261954
0.00024351160800811789
0.00024685536441537703
0.00038580163793905387
0.0003811708439047101
0.00026728940484399555
0.00028574207529175055
0.03687351843324366
0.09673530290640736
0.014137308028290219
0.005566728768763685
0.00020220189894176732
0.0017072908609707116
0.0003354036907309843
0.00037463336831522476
0.0002384365761599616
0.0003757607573306454
0.000295996557611089
0.00036524339344390366
0.0001490975681969764
0.00023920381254588508
0.0002442103280801966
0.0002819207567422155
0.03777075215352993
0.10859169997555007
0.01196826182952404
0.005237819299244495
0.00019001965261866705
0.002004446720720754
0.00020318183665990475
0.0005056600206410633
0.00018810248090972426
0.0002344622527671314
0.0003420975491026379
3.276960169229515e-05
9.055770495292048e-05
0.0002191344041755361
0.00021834144451454707
0.00042725584500902247
0.03212880486403452
0.10255908257426616
0.016357541933053943
0.003901645815077015
7.922207647503843e-05
0.00027105536236021743
4.647927946926922e-05
6.60316896305968e-05
0.00021219518750170696
0.00010081144103624151
8.260945039617607e-05
3.5731903911873086e-05
0.000318983166326281
-4.6785016456496464e-06
0.00034200743889450935
0.03981900101190594
0.10357321395567765
0.012272985991263696
0.005051632118156568
0.00028634169538932497
0.0017657953241226876
0.0004667120862270058
0.00030147657004919726
-3.829036055569279e-05
9.326711037904722e-05
0.00027075733462966767
0.00030302442924534656
0.00016534266183798607
4.620474718275425e-06
0.00010410155172835278
0.03521832965547528
0.11203896855829393
0.013044311565588718
0.0048109044293041525
0.00022800194409899888
0.0020770534987516465
0.0002688597730692299
0.0003371640975340373
0.00015677378342038306
0.00016852480853357665
0.00014606307807424335
0.00022000034061808726
0.0002160156385230816
0.00024461274633175156
0.00020577428527368546
0.0001958567549302237
0.00011060665120704583
4.8857937419877207e-05
0.00015672471173139302
0.00023491990295310128
0.000195138103353254
0.00018093748215103345
0.00013531105359404494
4.0756852091816675e-05
0.00022161198763304135
0.00014271483275890562
0.00013043475283641692
0.0003616175136257338
5.411187771076076e-05
0.014897267265393976
0.05529503071315739
0.005723636788453557
0.001812756171672869
6.866604621269534e-05
0.00013155422079530465
9.222379876039355e-05
0.00012831510808430924
0.00014247304146208783
0.00020641336158538914
6.858636337808699e-05
1.8352690329792587e-05
0.0001528523496989731
0.00012974931456138927
0.00011973387085001397
5.8066306494519715e-05
0.00019241532669966865
0.00011247317012608171
-6.146428231601497e-06
7.084483741498504e-05
0.0003666202003766994
0.00016629520343980353
9.975661775035727e-05
0.0363071893097745
0.10677391473882025
0.013177106899762037
0.005024478571576174
0.00012624575863295906
0.002073392179354705
0.00036310801771427537
0.000222255331305099
0.00012769601748036097
0.0002967428358450763
0.00023579903327725082
0.00016503777053222812
0.00014553990946608586
0.0001944199603915453
0.00011755340343644338
0.00023901864122588545
0.0002234054694458254
0.00018147410645158457
0.0002219374455207923
9.775555995089613e-05
0.00012562966836088263
0.00016561571823842103
0.00035801771785803904
0.00017113605763813267
9.76300476820402e-05
0.00010755584748572966
0.0001257694877965787
0.0001476792605119015
0.00016369988233122523
6.327300142788816e-05
0.03269227394443236
0.11295010618955276
0.01477761234167474
0.003823462106320674
2.526574051409103e-05
9.366498931784317e-05
0.0006979421767651095
8.293330252262532e-05
-9.181973944705213e-05
6.977579574735104e-05
0.000160502856528133
0.00015961039270195876
0.00024806440928076823
7.452813267350145e-05
6.200858497562578e-06
0.03560554972893498
0.09640358949331157
0.014142475658817655
0.005153167092858679
0.00014665824658394166
0.002183630037730422
0.00039926782793731075
5.031106982933409e-05
3.937901229172924e-05
-3.163592432930962e-05
-0.00010551813140713406
0.00011061417068297663
0.00022824621503525488
6.87843086163431e-05
0.00013499942137135124
-1.0122080116081733e-05
0.00018007234482597667
7.099985654768215e-05
0.00020194050669330998
0.03627383696728059
0.09677222288828885
0.013689468223220258
0.005084562598852871
0.00014030922428487358
0.00019607778955554878
0.00015528955233334862
0.00010754209353747157
7.526412560587836e-05
0.00021245423165067168
-1.817373704005032e-05
0.0002598683289100068
0.00017273042491577906
3.736076972565838e-05
1.1008125062716978e-05
-1.823150481516933e-05
7.597331181385947e-06
0.035904472778472696
0.10676775631250335
0.01292399360058738
0.004665857970534371
6.28500878080418e-05
0.0021192483227734926
0.00014221914948253644
2.533435520102323e-05
0.00014274878237180433
0.00011882841742427708
0.0001551998888690287
0.0001724780562017969
0.0002287213308089786
5.427327765628043e-05
1.5525627560963873e-05
8.650269391885512e-05
3.270329679100348e-05
0.00021149656186431054
3.5348195732087806e-05
0.00017053052015297832
-7.142252967295981e-05
6.7615216997996e-05
0.0001469704559097229
6.7127253063903325e-06
0.00018449909077261628
0.00014826199881112778
-2.1494147902423322e-05
-1.8765522093122655e-05
6.825628649942406e-05
0.0001659195952689596
-8.57748111438017e-05
0.038589489781473196
0.09376753748566097
0.012616760929836102
0.005767241169450099
0.0001416414922192355
0.0003821331943855144
0.0002321319197057803
0.00015986294118763844
0.00011115794683280722
0.00014638253754378772
0.00016764287055948124
0.00010623829969735876
0.00015730091072596597
0.00011606013421872063
0.00021289603652790978
2.8289001564263394e-05
6.118321429532392e-05
-3.056902868903144e-05
0.00015651388420201418
6.946491301285107e-05
1.301581009721664e-05
1.546232814997328e-05
7.547422463444198e-05
3.292023598278071e-06
0.00015991105175189313
0.00024263207728858482
0.00011948250207205469
-6.121149809990012e-05
-2.5377188559327912e-05
4.8089965563602455e-06
1.3805737765881787e-05
0.00022589132221367825
6.188137824403306e-05
-8.754901468244203e-05
0.00023780281188046093
1.213246868120299e-05
3.644536429148193e-05
7.204098130425551e-05
-2.641535616565438e-05
0.00010566772536846347
0.000247027548169243
0.0001379990904559203
0.00021346091657220567
0.00010596737167689607
0.0382909877362248
0.09369569143456774
0.012699046553577231
0.006290343550029942
0.0002285925762524066
0.00023240662017293134
2.7684786664872174e-05
6.940878396349826e-05
6.287632077300875e-05
0.00013466536256828698
0.00015350580227552202
5.0396148428777376e-05
9.562001834317879e-05
0.00020963103843746334
0.00011493681880420104
3.660075014605413e-05
7.133105224227387e-05
0.00016627542844055432
7.874798695611807e-05
0.00019976850543174107
0.03662203006843623
0.09716661410989758
0.013981920460135078
0.005230053339080221
0.00020466046332090482
8.471765713591317e-05
0.00222480312186607
0.0006248802575089529
5.3074878683834203e-05
0.00021411101565999013
0.0002471536394424989
0.00022957882929913742
0.00011413816919536579
0.0001271711483846194
0.00012434513721237828
0.000401118266513123
0.00032870920189415065
0.00020651909015118042
