0.42734025791881075
0.42734025791881075
0.5070295507328814
0.490574064926489
0.5203447995013983
0.5173047522800723
0.5204490693056206
0.520021579804173
0.5201956308104123
0.5192861878988447
0.5197838007968829
0.520021579804173
0.6203673926159526
0.589825485549841
0.634252715891905
0.6278832809162248
0.6342165413807409
0.6324904593413209
0.634209276152031
0.6342473737278466
0.6341525407602279
0.6337500178970459
0.6340780216172502
0.6341525407602279
0.7676760335130043
0.7314282237500469
0.7879457649574688
0.7804775439292349
0.7879382338828386
0.7849203929898364
0.7874362791820568
0.7876783043675013
0.7867231373335933
0.7872000110903998
0.7874362791820568
0.9695443533354211
0.9173161516600522
0.9953154244950063
0.9838615725574962
0.9953403913949227
0.995252525224096
0.9953154244950063
0.8799762926803916
0.8486709764973763
0.9891372324085379
0.9712952538279351
0.9994119685564541
0.9994088441864215
0.9987492041811136
0.9993290572555108
0.9993944243702035
0.9991726436786594
0.9992787993567929
0.9992418756977234
0.9992993800075018
0.9992652244617987
0.9992787993567929
0.967493600766843
0.8746246014685126
0.9834121675455295
0.9963041312870855
0.9994548257044069
0.9994554668688346
0.9994205645425841
0.9994504472410232
0.9994549451505768
0.9994553634553949
0.9994553760052165
0.9994554563008025
0.9994554418873565
0.9994554668688346
0.931780464360461
0.769741050565597
0.9673131858420856
0.9916560776739115
0.9996071362309702
0.9995026605427424
0.9996184156636669
0.9995947888157739
0.9996059789475271
0.9996082405649204
0.9996135097364904
0.9996107474841698
0.9996092816979605
0.9996082405649204
0.9662513712960139
0.8795384079442397
0.9847266042646672
0.9961179164925456
0.9996989308941039
0.9996886660451192
0.9991929516520994
0.9996280636990342
0.9996310606278023
0.999625001916747
0.9995057740396224
0.9995722985648708
0.9995675644509739
0.9995769455316681
0.9995722985648708
0.9615948652568829
0.888838105936889
0.9868936187038284
0.9946996717131965
0.9995720535015831
0.9988183384035659
0.9994563886412193
0.9995463135891122
0.9995636180831383
0.9995195663321198
0.9995372043711266
0.9995540168261658
0.9995429956480777
0.9995494155819802
0.999545069802011
0.9995475217373427
0.9995457859448604
0.9995457859448604
0.9891538352479925
0.963825776672676
0.9961307036281712
0.9981868748001672
0.9995465483694498
0.9990733673970073
0.9994744808146669
0.999527257471476
0.9993632509897009
0.9994380520290648
0.9994986130279929
0.9994614470707723
0.9994842792659051
0.9994899759841906
0.9994933596980805
0.9994878323918491
0.9994912332425914
0.9994899759841906
0.9171240227295793
0.7952353378732655
0.9751629812212699
0.9867529515654321
0.9995998130594405
0.9992248937701115
0.9995512440004792
0.9995807775472927
0.9995548499014537
0.9995865565431973
0.9995735232687031
0.9995781420650611
0.9995823276947947
0.9995802366861825
0.9995813109923648
0.9995807775472927
0.9251827364241472
0.780612715499748
0.970875381201253
0.9895293791593056
0.9995852700322533
0.9993976535065003
0.9943136009775717
0.9982774890790249
0.9990889619556529
0.9994986603626952
0.999297106097407
0.9994407676500148
0.9993617798760704
0.999406413879517
0.9993843203700181
0.9993926145893819
0.9994010243282502
0.9993976535065003
0.9909648749113977
0.9560530826353111
0.9947056995109907
0.9986711897646877
0.9994592911638364
0.9994596551690753
0.9994542382446032
0.9994628223110624
0.9994617708415183
0.9994607116527565
0.999459996033542
0.9994603143773855
0.999459996033542
0.9883712882866258
0.9642894905119199
0.9961577211647199
0.9979547856400061
0.999464947020601
0.9994202841039683
0.9994618113586465
0.9994641635618762
0.999463654725383
0.9994652169867426
0.9994646759741803
0.9994643753412578
0.9994639795157394
0.999464246796882
0.9994642967912067
0.9994642153457058
0.999464246796882
0.931593300257701
0.7664414001743802
0.9666639527616006
0.9917266199070898
0.9996488752515882
0.9996370746757819
0.9996108447513828
0.9996377675485224
0.9996262185337628
0.9996333358266838
0.9996324828053643
0.9996349064920453
0.9996340914330888
0.9996333358266838
0.9621069454138076
0.8827067897597333
0.9870201074604892
0.9945412358375983
0.9996342801163829
0.9986075337462343
0.9994584645399212
0.9995841079057346
0.9996167159896311
0.9996332736016535
0.9996337157942891
0.9996334837744648
0.9996333927481287
0.9996333121290858
0.9996333576286205
0.9996333267852563
0.9996333211910123
0.9996333302402697
0.9996333302961642
0.9996333301843745
0.9996333302402697
0.9208045592696105
0.7891847229806165
0.9735330563895892
0.9880317527598136
0.9996609003633438
0.9989837014996561
0.9995616775050403
0.9996604884568935
0.9996432447152575
0.9996367905985281
0.9996440302235544
0.9996408978954997
0.9996423655889283
0.9996432447152575
0.95884080925077
0.8936110603380365
0.9881518804468408
0.9939570125153698
0.9996714357369353
0.9995915309347982
0.9996475276722757
0.9996266025607582
0.9996373414134648
0.9996410559877482
0.9996449222296344
0.9996424183432289
0.9996438915343524
0.9996429304767175
0.999643492663158
0.999643124892164
0.999643321022234
0.9996431989768689
0.9996432738741203
0.9996432272491191
0.9996432164517504
0.9996432304023904
0.999643223125135
0.999643225673933
0.9996432284535826
0.9996432266474566
0.9996432277091861
0.9996432270193053
0.9996432274248495
0.9996432272491191
0.9624867692544029
0.8836370266459086
0.9871491663895628
0.9946042150489014
0.9996426652558457
0.9994722478162522
0.9996087370565446
0.9996231697685117
0.9995683822592175
0.9995950402969649
0.9996146600357996
0.9996037558728296
0.9996110592814501
0.9996124575066538
0.9996101810024736
0.999611596691153
0.9996110592814501
0.9891604461167499
0.9614931706663229
0.9958205243206315
0.998324597196957
0.9996118218862898
0.9990604013514071
0.9995580478016005
0.9996000042817872
0.9996090620719769
0.9996116434731132
0.9996104385080353
0.9996113251568834
0.9996115133117371
0.9996112298363692
0.9996111991691353
0.9996112386779799
0.9996112179865365
0.9996112253230036
0.9996112332208444
0.9996112281142941
0.9996112314400287
0.9996112298363692
0.9587790321207437
0.893568608839791
0.9881219991193476
0.9939183589628956
0.9996386987122785
0.9996280336363456
0.9986253225930185
0.9994014743988655
0.9995552197631488
0.9996276219556182
0.999622173456038
0.9996256593411186
0.9996258487436875
0.9996243731299299
0.9996251746575688
0.9996254751721604
0.9996256593411186
0.9669579125546859
0.8774788945400258
0.9842962569270844
0.9963655314157973
0.9997511917260841
0.9997429464685357
0.9991821111465456
0.9996324325264726
0.999726343746742
0.9997449636258151
0.9997376302679505
0.9997410654071468
0.9997437612581243
0.9997420914129252
0.9997429464685357
0.9264689467752416
0.7790615818816737
0.9704479250458233
0.9900800999862096
0.9997559982963116
0.9997591409537969
0.9982682337711949
0.9995064719757422
0.9997570796377733
0.9997071130996985
0.9997440970987325
0.9997325570131717
0.9997496308078201
0.9997400665300142
0.9997478730165821
0.9997456016797935
0.9997425483490684
0.9997447203504782
0.9997434610227625
0.9997440970987325
0.9258194470272743
0.778798571833667
0.9705227606727869
0.9899028955244709
0.9997539732999344
0.9952946379799538
0.999524944780277
0.999627673933001
0.9985396632875377
0.9992401308060053
0.9994294925590554
0.999567727235136
0.9995919781525484
0.9995519028393547
0.9995771877248877
0.9995617582855605
0.9995713696311676
0.9995648956407612
0.999567727235136
0.9596923615441217
0.8908622891023841
0.9874905392109942
0.9941852007048569
0.9995771646417448
0.9995134077210737
0.9995649852299446
0.9995500520850789
0.999557149327319
0.999537877707845
0.9995456676076669
0.9995528897647361
0.9995484161221121
0.9995511544814841
0.9995494328570732
0.9995504758622045
0.9995498163859449
0.9995500520850789
0.9203070016539469
0.7890455959898387
0.9735144775313015
0.9878332398403076
0.999577895785011
0.9960020293706778
0.9993753237255837
0.999543106931651
0.9995445814152533
0.9995731402131272
0.9995578002360614
0.9995499676452645
0.9995460802534843
0.9995445814152533
0.9315711748053466
0.7668704889117197
0.9668338390647131
0.9917671676840579
0.9997237042676962
0.9995852610544989
0.9997185891543063
0.9996993153501106
0.9997237593439325
0.9997227020884215
0.9997234603090656
0.9997236119000533
0.9997237042676962
0.9209498917328078
0.7870149515900039
0.9729943737524718
0.9882821159084312
0.9997391840757496
0.9958463191113852
0.9995341414827188
0.9997054170047297
0.9997396696286727
0.9997293362380807
0.9997288628532575
0.999729799133638
0.9997347275900769
0.9997318776850695
0.9997302663046973
