0.3106380648185223
0.31354969505192287
0.2575928695018895
0.27449766599603864
0.2478105655164743
0.2516773735828979
0.24879938263587048
0.24695586950085013
0.25170137951319876
0.2455716516878375
0.24545487906111096
0.24707595334952404
0.24721691488907793
0.1840566458750425
0.2006002838481991
0.17272765866040674
0.17593340738849228
0.17281699953002794
0.17414543447722086
0.1726408062238457
0.17267805121526786
0.17293639067705696
0.10231010271556612
0.12640365673193715
0.09134753874853602
0.09550984671111229
0.09086816037542589
0.09190838183658695
0.09096032431332851
0.09126024135354138
0.09075041168468984
0.012724461326802772
0.0412710231574801
0.0013897645583919038
0.008009888370813456
0.0011704960858496816
0.001300237009249805
0.0014101809388620823
0.001073503356572747
0.0012740806288365492
0.0011009934267066646
0.04940159997754079
0.07905132853278829
0.008326210425495528
0.010378622929897385
0.00045243571463482457
0.00039945596554669116
0.000586936054851328
0.0005794149808328597
0.00037088323994949324
0.000424372804219475
0.0004403401138513563
0.035500643026763534
0.10917173286167253
0.014461472508383144
0.0044787916437810105
0.00040300989928854225
0.0003745818845378168
0.0007977440750764897
0.00038233304985130223
0.000673525024336985
0.00043553035748195024
0.0006136734321417481
0.00033198828740088615
0.00046096886310809104
0.00025092648230318204
0.000369549062521235
0.00042223387547685176
0.04162167656313942
0.08723387566668961
0.010743532135452372
0.007730759181405367
0.00012702399916947327
0.00012163927721964285
0.00020563149568036954
0.0017505925316546045
0.00027859710635963486
0.0002584757422252615
0.00024656189036403875
0.0001430593203629038
0.00023374857815910977
0.00021480428312764532
0.00013530950234130756
0.0002613662494866942
0.03338743753394424
0.1135022815679948
0.014782321967445389
0.003537307129895917
5.563535087510507e-05
0.00016601438410984715
0.00010814173837403462
1.665537111034121e-05
0.00010905460380078447
0.0002116161083126067
0.00019441100600692263
8.142154024454173e-05
0.03763968273683421
0.10275321606966814
0.012659104493688067
0.005135050916721284
7.324735724345555e-05
0.00032698590597884936
4.11494613508645e-05
0.00016915298685060698
0.00018364014730143374
0.00012235117090242387
0.00015342232636389452
0.00021443960499495374
0.0001106753211873035
-6.495053732480383e-05
4.069187652361306e-05
-1.1792197995408316e-05
0.015321679158437018
0.053900245217649634
0.005947367157634276
0.002187714889495762
2.5686161105320515e-05
0.00113030312568152
0.00018283479812908343
0.00010876645864948964
0.00021766644644471977
-2.3093138533658575e-06
0.0002618826235136762
0.00017552982907947934
0.00011593699899270504
-2.8002251757031082e-05
-4.239931869931546e-06
0.00018580683864444225
-3.981027777155699e-05
0.00011466180948999094
0.0001942553948516279
0.00021804559768889842
-6.289570309570003e-06
-9.735434861324332e-05
3.632159403132995e-05
0.00013423677049756444
0.037203576260411986
0.09569761168590901
0.013345631310407335
0.005774316841721194
0.0001664708621306743
0.00012697449432086394
0.001033196331731101
4.13095308879341e-05
1.662673299923645e-05
6.698310054836787e-05
9.852706298785208e-05
7.020354711478882e-05
0.0002058352185138057
0.036686696686367926
0.09614655094376173
0.013579317853120443
0.005560466115209328
0.00021351412473241682
0.00015608647265491493
0.001036401387741026
0.00023357583367372703
0.0002661708294203202
0.00031692746593486865
9.978140168698246e-05
0.0001260068169755546
2.9224296556662477e-05
0.0002839100726099164
0.00010027837224635405
0.0002091307827442601
0.000198134233790781
0.00025649111192110885
8.241772774286726e-05
0.0002223782367508642
0.015174188937341793
0.05485219614027659
0.0057544786671538395
0.00207308310112414
0.00023227337123887803
0.00010922400376933705
0.001081707242744423
0.00011523395787899071
6.959869636252725e-05
0.0002454512634126327
0.0003769342948712895
0.00020034481167047202
0.0003512907088772943
0.00018441458277818068
0.00020888127482471264
0.01508962435993949
0.053355954328973554
0.005096850239186657
0.002325143216248271
0.00016727398619698075
0.0009761522320222982
0.00022824119261150022
0.00010412816857052754
0.00032737219122114247
0.0002752255426232697
0.00033021167827279596
0.0002174265586645796
0.00012955897803129668
0.00020125533719406175
0.00023595287156574773
0.00014405228662045522
0.00012224124723747565
0.0002537520729731235
0.037807390878974445
0.09499148860815892
0.013220572231020411
0.006084849736736342
6.166580755750939e-05
0.002004838304362544
0.0002119998698161818
0.00024057206580713197
0.0003230246903615508
0.00030773684552354297
0.0002130398345071005
0.00024335513728124258
0.00016296305606916528
0.00019243642838995267
0.00015520778727129425
0.0001493223782780273
9.538919485835295e-05
0.00015390750989985325
0.034862238200440265
0.11418933596651432
0.013788013829059254
0.004271565431015867
6.222022853258347e-05
0.0001837214550000077
-2.894735939362736e-05
0.00030120088617713314
0.00021131637071392095
2.13117021831688e-05
5.702519916001014e-05
0.0002852400697083146
6.376399559293588e-05
0.00013043619985386723
0.03788754430712976
0.09432121791245834
0.01298289965418803
0.006033560020513418
0.0002501334876690575
0.00041148672941110354
0.00014857793396899632
0.00017090441786860033
0.00023504010032598943
0.00017111851438494918
0.0002085991999733472
0.00015580585062124896
0.00017740621026623993
5.790724131693459e-05
5.382418381050247e-06
0.0002880676528234649
0.0003006588228578466
0.00035624116634702663
0.00037939176439460987
0.00012008536239255241
0.00018784242486397096
0.00018833961231262686
-7.231875209123828e-06
0.00026224907221750193
0.038327160740643074
0.10420903145521049
0.012766999951915492
0.005046794717781133
0.0002659224846801034
0.0008432750321095694
0.00030527937418201034
7.66242678761353e-05
0.00019935049768676771
0.0003875498269245714
0.00011334396303702698
0.0002850688049820804
0.00033705816392026744
8.810345688842203e-05
0.00021490587527789318
0.03738958245385987
0.10893917689338517
0.012319748615728321
0.005416462866291993
0.00035631759192972234
0.00037345557405205065
9.642399302556282e-05
0.00027835530072700676
0.00026429144885814493
0.00030416530445503964
0.00036821907378331575
0.0002523767790882925
0.0003764360554732171
0.00039830954465436275
0.01598396707780053
0.05291699552419943
0.005649453969425622
0.00199000955046863
0.00026908768500299995
0.00034076579229430637
0.00021807065581308516
0.0003818537639442843
0.00031844736346758884
0.000350029981625255
0.000338776689730258
0.00024275834314874123
0.00022186128569495756
0.03991924523392143
0.10215018828153732
0.0121020935331419
0.0062259138440232675
0.0002581595482813448
0.00044173595207824823
0.0012070903925103793
0.0004276016589767617
0.00038090110293415025
0.00013443537067470146
0.00036296655606044004
0.00044961006692240124
0.000406957443432443
0.00041289794624110865
0.0004575864103665839
0.00028653882836188194
0.00030259509971064524
0.00033583756480698446
0.0004721358064383452
0.00029179320401445663
0.0003193100247239067
0.03468094234852648
0.11290269200910336
0.014582721572321267
0.004010025040027565
0.00011389681202261803
0.00021146925658543925
0.00027248850396172086
0.00012768350649933202
0.00014082926011188546
0.00024229289644400742
0.00029107056903632245
0.0002992735488759335
0.00028723599879298956
0.00028625448732089165
0.03793559821875159
0.09485587771275805
0.012944791290036284
0.006146097309919107
0.00026797921322835316
0.00021548441266333596
0.00026121962926989317
0.00017337229068908888
0.00027539641312029906
0.0002122191337084467
0.00020310450832111693
0.00026974689851888556
0.0003609862948961151
0.036572624241262675
0.0972210450832014
0.013914067808296016
0.005458698103844084
0.00011027024422355369
0.0012527310936691904
0.0003404559518628836
8.35186151791345e-05
0.0002968838849705113
0.0003353686710062531
0.00013270741239335138
0.00032951753428178687
0.00044674010584450086
0.00020336822204997107
0.0001985212842167683
0.0002749252737126451
0.00029456244276554466
0.0002781834062692279
0.00011111809209624068
0.03681684735470481
0.10580124617759018
0.013389802053794864
0.005197876212666208
0.000343270662485351
0.001551771857567441
0.0003221624826677538
0.00028204313056601205
0.0002794988661758979
0.0002462219127678522
0.00020812350599214158
0.0004189651294950747
0.000320579326852255
0.00019637075073747345
0.0003372625511502414
0.0003682003888259566
0.00036681014869294204
0.0004342852171549394
3.426581266485762e-05
0.00022648184374496338
0.00016170012880412088
0.00028252427043307105
0.000248480015942687
0.0002930268307824724
0.00025678751882163287
0.0002317068947120804
9.643857550767354e-05
0.00022172356096250567
0.0004166592250861578
0.00024956290985006513
0.03801587219423763
0.09467702712888854
0.013357908989314382
0.005814023312711358
5.038577281180068e-06
0.002308567774807313
0.00033766180051542083
0.0004272233014143145
0.0001423511397067312
0.0003831957552062337
0.00027666728233199933
0.000259008006349315
0.0001909155040692445
0.0002488740835420722
0.03901309604420605
0.09338052591276463
0.012482449294264397
0.006081816561834208
0.00031192857149359154
0.0004076792412714414
0.00043252724197234693
0.00040413523788801475
0.00035619968178013384
0.00032707467649251143
0.0003035423992758801
0.00034025820141275753
0.0002101653844751583
0.0002433937754944271
0.00013395674331145857
0.0002891074559767115
0.00030882207887217294
0.00031618578442282885
0.00034322081326015885
0.00023737718163013843
0.00023701270362269655
0.00024204379125436493
0.0002628659014409229
0.0004486403378143877
0.0002977895175782508
0.0001827120666478832
0.03483979747401117
0.10010225979614235
0.015543393275823936
0.005117420792327021
0.00036963996031574853
0.002508353284782494
0.0004285122604341107
0.00025465228929716366
0.00021629655934291003
0.00012449693780369753
0.0004664421455423673
0.00021812272707427693
0.00015447645631527784
0.00036116141725905937
0.00023729073174755255
0.00048444444052853086
0.00012510814986216312
