0.4403603482625308
0.42895143847752193
0.41363443497182883
0.39727169951852115
0.38451181206709906
0.3686839408376821
0.3510398324513707
0.33194216004469623
0.3176558020102883
0.30024802572436116
0.2854581949553814
0.27323798848608155
0.25549179470623684
0.24844166286763236
0.2327045721668089
0.2196482857505509
0.2125954835993613
0.20349332961965177
0.19350994648280223
0.18593011088873157
0.179159164816642
0.1720113038619796
0.16364138888328844
0.16079310548516956
0.1504218904502274
0.1485642401489522
0.13548331632183852
0.13404526706435
0.12773992171785498
0.1210014515108675
0.11635110662882137
0.11171504280780264
0.10941549931418748
0.10604425227148889
0.10037395838875268
0.09994196025271684
0.09266548441187927
0.09056897434526001
0.0939081370195688
0.08657982518302376
0.0785373583741859
0.0836953370056267
0.07368518729297435
0.0778459169071189
0.0731006304463303
0.060674391141294526
0.06477687894195722
0.05836798661401987
0.06281136850229119
0.051186678038904365
0.06225288416564523
0.04818792276913142
0.0555581728403724
0.03312388007626821
0.05671090024787934
0.04909155794259662
0.03155987573820679
0.02405566358751554
0.030216747850943526
0.04499824775047612
0.0326287219678667
0.030890248891742467
0.02349047487653344
0.04142398005070269
0.00867192750930762
0.030026116676631465
0.01641806789259953
0.005503097828723769
0.00517046294005763
0.001151923664080845
0.012802149371122118
0.02370791450930787
0.01712115637852535
0.002774747630251595
0.02391033795222325
-0.020395071591804648
-0.012468977713157248
-0.009921851675991356
0.007250757583834644
0.0014159349825313972
