0.030960702302534688
0.024247288784999155
0.024983764377997403
0.03266503399497856
0.041381021619571176
0.04984488878654209
0.058651283980746385
0.06865620722258549
0.08033494253295743
0.09381145310547319
0.10887826817161353
0.12546281537121043
0.14301952340649274
0.16145798450833948
0.18090155981053763
0.2019234572526557
0.22539900881330488
0.25105267651602187
0.27896174738139645
0.30863976468194193
0.33940409971321345
0.3709552550430681
0.402954613514108
0.4349105711575268
0.46684399940510496
0.49842675582353335
0.5289667085451004
0.5585257192801137
0.5873598477430105
0.6151732283592244
0.6419784064333728
0.6676450921664115
0.6923691743859032
0.7154772507230611
0.7371388718203039
0.7571820567114095
0.7753369674752678
0.7924785496743116
0.8085192327874329
0.8231688640042238
0.8371151612002833
0.8499926910490583
0.8613835778683695
0.8718106563559248
0.8802612880526235
0.8867820716859586
0.8903713077064839
0.8911454100083028
0.8886523525891857
0.8840885636178824
0.8785226612084921
0.87239944824578
0.8665318208860892
0.8608189739820296
0.8542446048879262
0.8493324882930102
0.8449925102635664
0.840301668061152
0.8342381717744818
0.829545331273356
0.826365398255612
0.8232615727362596
0.8196305616610653
0.814621315280203
0.8105141053745848
0.8046597453536665
0.7973601152622557
0.7901707328428096
0.7825171431205283
0.775529187942993
0.7684164585822425
0.7622150619624778
0.7601495040816167
0.7611929487111125
0.7616525936260836
0.7633832955530108
0.7630345021788046
0.7626897086842469
0.7632312136596493
0.764287886662787
