0.0385433969746986
0.03616630593391291
0.03861470517571697
0.043421228709026226
0.05429006452147879
0.06776243179520708
0.0812763526605441
0.09588151956171011
0.11298046475391876
0.13131328997670355
0.15057554660801442
0.17009532729099708
0.19001184112296388
0.21000552527610214
0.22798884607964126
0.24428239891946982
0.2612447459590186
0.2788948058594315
0.29756339208273436
0.31837857246358575
0.34064520393331577
0.36420193754875657
0.38867445678278467
0.4141393372619966
0.4401463953046803
0.46590239889570356
0.4913007778500037
0.5164110645029333
0.5414936799801752
0.5643180019238767
0.5855149757047742
0.6060770064767771
0.6253017432631642
0.6434250685336749
0.6598454820247922
0.6743135473376586
0.6879846888475148
0.7023676960520743
0.7153281931839225
0.7269862017766952
0.7377372056479968
0.748833748866556
0.7585294318631587
0.7683274792552184
0.7762297744926163
0.7833437344436133
0.7906235815696894
0.7982716808847592
0.8060293226280901
0.8128531299123798
0.819096579670534
0.8249756798636871
0.8292720112482181
0.8314625697229715
0.8337536588807776
0.8367518992488665
0.8396418118073531
0.842205368744416
0.8448049455529782
0.8483344797631284
0.8502256844652555
0.8520929874421435
0.8550979241306293
0.8572330548166484
0.8586909377546934
0.8591314624245553
0.8586543441868807
0.8572331537252549
0.8556385058308397
0.8556708392045628
0.8552414121558387
0.854116070113459
0.8521141761558119
0.8498987342297489
0.8452176556324678
0.8396522367584164
0.8342336127072763
0.8294072547579516
0.82656910127785
0.8219684959129047
0.8179002245770916
0.8151996634560285
0.8152535227499101
0.8160020852269584
0.8165875087088433
0.8166945438384906
0.817575544293464
0.8188696196908378
0.8191003066035256
0.8204406052548983
0.8209041373006726
0.8228125111128494
0.8255306456819145
0.8295353446567716
0.8314019349640317
0.83313547352294
0.8327769690802359
0.8332113461386396
0.8323530338585265
0.8274751663846549
0.8226434870847167
0.8195234149728106
0.816992908312647
0.8149202325348603
0.8101936402574735
0.8054909557099449
0.801546547071011
0.8002041719005201
0.7994585962701598
0.7957110287082071
0.7917530562302492
0.7844580023933548
0.778547085009071
0.7740965700536431
0.774313903069186
0.7741472169472802
0.7764006150132174
0.7748957266019655
0.7756537184732093
0.7737999478513191
0.7733582803177855
0.7752523079072482
0.7745480459780759
0.7732349506727562
0.7738903273994175
0.771134211873964
0.765979895670617
0.7570718012111167
0.7496275646144502
0.7446494202578465
0.742034671266736
0.7402894408667574
0.7378132598288762
0.7367276258724864
0.735684650097017
0.7345030707151944
0.7341916113233506
0.7353582694218913
0.7366543463997923
0.7377934991813688
0.7392288959624932
0.7407111074724078
0.7434340266664909
0.7461469772986618
0.7484848660717703
0.7520016144303348
0.7530187636850868
0.7528958258735082
0.754212084536603
0.7566125039481241
0.7591435604625688
0.7595625507352978
0.7592625319314651
0.7603826117676186
0.7613119672324631
0.7641025935512193
0.7661074864772638
0.7688208405307542
0.7725848128434074
0.7764854193117189
0.7791388743955026
0.7809344011504277
0.7808140937576119
0.7815427836421154
0.7817905988308532
0.781458581208002
0.7804341115250206
0.7816955885232969
0.7832223545573079
0.7845229821811284
0.785784458973357
0.7877128833493287
0.7882722574377686
0.7899789144169204
0.7915488238254401
0.792714537164008
0.7925464739114089
0.7915478095234956
0.7907365534023377
0.7907611814269497
0.7913295659330987
0.792117089855171
0.7928436226841238
0.7941771278132815
0.7955057154678729
0.797178893999054
0.7976293185494604
0.7982609269389789
0.7981896373664543
0.7977211162709075
0.7978625785541232
0.7984254516183167
0.7971906101103418
0.795377816096664
0.793346180797377
0.7921519769705369
0.7912594482767286
0.7907957289769132
0.7902423884536297
0.7907302312710176
0.7915538932146791
0.7920907909441209
0.7925719129125408
0.7928471165019279
0.7939045996273736
0.793711685388416
0.7945249557347921
0.7952328400019453
0.7968495746317519
0.7995809413931507
0.801719243285959
0.8029519789952063
0.8021316810099506
0.8022388440878208
0.8019777555661808
0.8005069459295537
0.79944307362227
0.7993666971219051
0.8001745471120537
0.8022928256243704
0.8052973511398653
0.8064992588652609
0.809037925273533
0.8100376773045324
0.8105864220377742
0.811437229521282
0.8128145381223986
0.8147995008860319
0.8178378678307997
0.8204092877640009
0.8196673354495111
0.8182006516493628
0.8175100395256988
0.8144071619966886
0.8121534782810352
0.8105850504184203
0.8091504039287155
0.8079198989959829
0.8079930778330315
0.8073231550727564
0.8077144871454407
0.8075788574933611
0.807751003911449
0.8073977225009502
0.8067869127165375
0.8062560684304563
0.804723264966338
0.8040006052268222
0.8038699114386055
0.8027483545583732
0.802054255690277
0.80063265581699
0.7993665390622846
0.7982041778166304
0.7962015823710586
0.7939035493785637
0.7879224293525261
0.7836157898677468
0.7791656838812315
0.7768626001570705
0.7759704625799734
0.7657087015659313
0.7548365114762879
0.7481523754079865
0.7418668518011666
0.737048104579676
0.7271380663388021
0.7178655906381719
0.7125501244839789
0.7093160001829351
0.7053007658113383
0.7042043243841265
0.6981658648839343
0.6962247156199588
0.6937487379289314
0.6947786082017753
0.6968924044233543
0.702786015074871
0.7098095889306789
0.7175316519308373
0.7221349035575408
0.7260793265026886
0.7300386559075175
0.7334941798492024
0.7356721213178858
0.7381633893862604
0.7398072062157164
0.7409880574015846
0.7422763100172044
0.7447387395508666
0.7470538498676367
0.7489916293587968
0.749762787831438
0.7490689714302939
0.7481477853747203
0.746089544194672
0.7440525790191587
0.7438482976290934
0.7449525910097742
0.7471359738875272
0.7498067496536602
0.7522660378594992
0.7558927953643971
0.7575706494778758
0.7605474019071201
0.7630660488587258
0.7644283962621006
0.7658001961551786
0.767051258200242
0.7679252494198183
0.76938991849098
0.7717398163813369
0.7730270481831025
0.7743720571192027
0.7752462837351985
0.7753938827640916
0.7753873006317636
0.7749366378815784
0.7742308816987358
0.7742839553942393
0.7753599200414658
0.7771339618169107
0.7785951829720122
0.7800244467663553
0.7812879957715669
0.782831897718028
0.784074157902622
0.7843893424443279
0.7846161351675703
0.7847348264994234
0.7850511758879453
0.7858209314147123
0.7869763153181618
0.787386960712009
0.7880637955224669
0.7890792672180567
0.7894544343528576
0.78997866264581
0.7915435126307552
0.7934315034948672
0.7954939887988635
0.7968434596167286
0.7971874545859188
0.7978180498922841
0.7992378691451225
0.8003790894953767
0.8008610896864861
0.8004687097791809
0.8002549411606547
0.7983406161898555
0.7960389468922558
0.7937904402743816
0.7921963854660176
0.7896316900932706
0.789006759679586
0.7890540270859528
0.7893147956457776
0.7892317595131619
0.7895420176673349
0.7888337060122277
0.7860970846970841
0.7816411940150358
0.7776689284323905
0.7759315038013288
0.7761513152840586
0.7776942659985459
0.7804675079074217
0.7826808772529298
0.7849736055998356
0.7870080965459398
0.787799353839102
0.787786902994775
0.7874614593879258
0.7881859592911032
0.7883359671431482
0.7875179764882463
0.7870662146708755
0.7861260830340442
0.7845277892677166
0.7833727503711422
0.7826185661902106
0.782505981688014
0.782155342004256
0.7820702074674489
0.7823189632967872
0.7801663217498677
0.7783310178548278
0.7773632381748984
0.7764013961221528
0.7757579098953502
0.7759507248245396
0.7779994519596843
0.7769476231477093
0.7751873643178085
0.7722307981813332
0.7703634153810869
0.7701295621961919
0.7710033524069729
0.7706872964956393
0.7699549478851478
0.7673490062199466
0.7648387737554617
0.762280239265776
0.75999957255137
0.758160290567681
0.7566263863430684
0.7561576693681951
0.7566327277610387
0.756893987170243
0.7554332504966526
0.7547414450048642
0.7543632500509863
0.752404558592268
0.7508740411412617
0.7500328768377702
0.7507996542929802
0.7508408405733802
0.7495703752238253
0.7480757983892071
0.743940054307038
0.7402708424475337
0.7380182508390579
0.7354729969702422
0.7344255471614496
0.7348980222577565
0.7361709688993274
0.7382143201716328
0.7372139040198793
0.7370837705310647
0.7361384936928235
0.7352744450147501
0.7352975360918662
0.7368259660439075
0.740124605635063
0.7444499866324277
0.7485453239393195
0.752341640269373
0.7547735432708814
0.7572957548002541
0.7577550661076173
0.7580083235000695
0.7584767374604391
0.7587929821277534
0.7596607847321334
0.7621278560137502
0.7607799434775102
0.7584959237030906
0.7556188254135231
0.7522285605197716
0.7498863400922905
0.7476039462053186
0.746011528499355
0.7437975195914869
0.7423164670720235
0.7413457169769088
0.7403801595347717
0.7411210118166508
0.7425835934286021
0.7421930958113406
0.7417090986538863
0.7406803478967561
0.7346899221789748
0.7288910035423216
0.7240436916788612
0.7185198368116046
0.7158620251902028
0.7145936837434633
0.7143294294679465
0.7149112004508862
0.7167453268966429
0.7181070635614709
0.7201680338240647
0.7222357827170123
0.723221122407904
0.724162931442919
0.7243112922504099
0.7231948156370251
0.7230340559906575
0.7233678701965048
0.7225677479592831
0.7187279570568309
0.7156691924363113
0.7126408752649218
0.710530552578766
0.7108101312359619
0.7117379140200316
0.7122604694941779
0.7142570063471982
0.7162969623939992
0.719607220975821
0.7222571244376406
0.7250228387877278
0.7264780406824708
0.7287319537183556
0.7302649763810656
0.7279375329856199
0.7260681080994182
0.7255566928675764
0.7267563021564561
0.7291518793397647
0.7313276080694054
0.7330276584452414
0.7345610463175078
0.7355474574936812
0.7359048881827673
0.735416658422137
0.7331847383658112
0.7326261169023998
0.7335533724518077
0.7347739937680917
0.7356396518814291
0.7359267745352323
0.7368776367294955
0.7374897815390646
0.7378417646663331
0.7383571289902825
0.7383274641578386
0.7393227724833699
0.7412586602804098
0.7437075412842142
0.7467978857728322
0.7482941995090069
0.7495065792529975
0.7493828977789988
0.7497958373014683
0.7513263424459263
0.7530251930914743
0.7549681254097624
0.756560859249705
0.7584702336130243
0.7597092645953443
0.7609809417613409
0.7613478359725947
0.7616938793304548
0.7620325142895639
0.7615831231875537
0.76266726649786
0.7637642987988219
0.7641925229729438
0.7648470804170819
0.7650350652786634
0.7641371093498901
0.7648179148346205
0.7660532716806976
0.7663716945509227
0.7660345866580343
0.7661796255793274
0.7667197507454045
0.7684002988585127
0.7699927397874774
0.7713421963394287
0.7726164173423793
0.7738627604939153
0.775584462257773
0.7770031425645021
0.7786159532837389
0.7806069974091675
0.7826664073898296
0.7853649359897996
0.7880532567592362
0.7899032312964672
0.79209350447003
0.7940892442089728
0.7953753617837392
0.7954581020373866
0.7954516809855289
0.796113291630597
0.7966482832187918
0.7967555488706844
0.7974321589678676
0.797767240786055
0.7969875131196056
0.7958670737295961
0.7947508198717362
0.7935507268515907
0.7908205782003432
0.7881902466438404
0.7864625549225455
0.7848201309304423
0.7827154482153741
0.7812634760228936
0.7803210402413492
0.7800657592767389
0.7798603309990902
0.7794104799478223
0.778976602123594
0.7794279896867506
0.7789518259521997
0.7786994263855586
0.7791856825456053
0.780666895330617
0.7818192930114639
0.7829043634697271
0.7841951258774202
0.7853418878715857
0.7864860002440529
0.7872986199170502
0.7880326189119945
0.7889143132039996
0.790261528411192
0.7918749153836971
0.7935491568075822
0.7958254652711181
0.7983065339323128
0.8009362192639619
0.8039116755138578
0.8060888551854485
0.808398459394084
0.8106099114266612
0.8128155128592526
0.8153000789021494
0.8177538958672812
0.8193469753582382
0.8215496676945815
0.8217500053482476
0.8211644732997248
0.820183332634692
0.8192002805832709
0.8180765435221455
0.8175233146206817
0.81637786915307
0.8144335122974496
0.8125757119106107
0.8100499512624001
0.8072477719081927
0.8051607937529015
0.8040233129978136
0.8034712141646444
0.8031005453987263
0.803335085440938
0.8039758659182851
0.8042148334455314
0.8046210238880793
0.8045312112511671
0.8042020172691485
0.8044330333335126
0.8047709806482836
0.8054138787914761
0.8052315509181727
0.8029037211608722
0.8002233124684052
0.7971547115209393
0.794273489092582
0.7916370302344771
0.7898605893365588
0.7864505516038142
0.7836427418756846
0.7827474984351447
0.7814120233472795
0.7803162939554521
0.7795309890061514
0.7780398403805463
0.776053231524273
0.7745720597146389
0.7733854728059325
0.7727826250389684
0.7702268483432255
0.7667982413848827
0.7638053378910353
0.7607719842829379
0.7581376627118398
0.7561220102505427
0.7540504145146573
0.7527546586850465
0.7497091606211123
0.7487625035939721
0.7486920540925361
0.7492868496710291
0.7508251897265864
0.7503876113738852
0.750413169290831
0.7507830907008683
0.7501676318438145
0.7491619089088618
0.7475500917169676
0.745587128564575
0.74502175119527
0.7447618341748844
0.7456452979143187
0.7479982890959079
0.7510684422994274
0.7547372815096872
0.7584678090378568
0.7613604038464635
0.7638860693767042
0.7656726981761838
0.7667191881542829
0.7678024519574796
0.7674116926345309
0.7647577933244354
0.7625404747390371
0.7599671362358404
0.7585154196351104
0.7571704295579427
0.7568539600688374
0.7564986620569666
0.7572552617608453
0.7583737045165132
0.7596985614517282
0.7605769437137258
0.7591313669523657
0.7570484393269304
0.7550263159823549
0.7533051150924779
0.7529674347101288
0.7499065226616669
0.7464907402133694
0.7416507557283658
0.7379925386569453
0.7348667564084855
0.733274869409813
0.7326746782871241
0.7312903251302736
0.7293162978771406
0.7280310198841509
0.7280235667294264
0.7279743958789738
0.7283137126121487
0.7284580739960166
0.7293862507369786
0.7315286062323483
0.7347592779152973
0.7385429529721534
0.7410795970639725
0.7437565812976513
0.7466085549923781
0.7488187099599954
0.7512530659771911
0.7539024030692572
0.7564368373291555
0.7596212020843965
0.7624699253663633
0.7650405886514435
0.7684953014635617
0.7708019394728755
0.7722017214476747
0.7741278630215417
0.7757072512160222
0.7768019089502843
0.7785654007272163
0.7799505688666948
0.7816616975153731
0.7836524056791566
0.7850443918092124
0.7858146149372476
0.7857212856741117
0.7846338190108857
0.784375754579344
0.7836588888401016
0.7831655680510994
0.7834920935570159
0.7827884733367373
0.781681032906863
0.7804794961435457
0.7785196030236085
0.7778788836190438
0.7759468899178219
0.7749382786862011
0.7742027027870005
0.7743722214429744
0.7754161364947632
0.7764727898327798
0.7769940303446078
0.7767221497772323
0.7767122099281555
0.7767444986275912
0.7770892101043293
0.775910681837593
0.7745535910284406
0.774347220640805
0.773619969877067
0.7735580493547363
0.7731738326194291
0.7735088209870523
0.7698146837758898
0.7648870280147486
0.760040026059504
0.7560700632336312
0.7537521198102989
0.7530472365468865
0.7501882510880574
0.747359798079012
0.7447731263708584
0.7430441831432831
0.7420624868746682
0.7412541642689842
0.740783228313225
0.7415716756000658
0.742587551517241
0.743945117933778
0.7446541914012877
0.7453566973921837
0.7458500912739267
0.7468935121554563
0.7477622978390669
0.7486754166727977
0.749348930189862
0.750472232550712
0.7513597618191387
0.753102100466323
0.7551462495391585
0.7575492356022456
0.7608379176117916
0.7639088348959828
0.7663669166108692
0.7685175695862992
0.7696370544230703
0.7707709877999351
0.771330848608515
0.7713068773743182
0.7716718963146024
0.7712427969187291
0.7707578080841087
0.7684287906213142
0.7651479874437254
0.7608754463911892
0.7574238170151973
