0.4435973110199297
0.42878966622629394
0.4204793803772321
0.41816737448979224
0.40449529758666897
0.3793551036821422
0.3626906768684848
0.35197541436606394
0.33904867225898216
0.31759878485973525
0.32227955142367676
0.2973402590278264
0.283101274903297
0.2720025728558163
0.2676158400186584
0.23077934439235526
0.22291025119547092
0.23765258793554594
0.2051341224994267
0.20440453080716664
0.17872008343264095
0.18434412533378958
0.17031380935038354
0.1511612451076389
0.16925134495533162
0.14801325681408023
0.14840940486741594
0.14696909579592565
0.1493355436534225
0.1325524583296921
0.138474955926078
0.1458096348358175
0.1451034627140802
0.11226702430108854
0.09232873752480697
0.10057006132769941
0.09927742314170618
0.11326021696301602
0.08349859034806234
0.07682585812511639
0.11157298571634017
0.051787423956405676
0.10421247339130263
0.06402878575063875
0.10996415206627957
0.0876639376855633
0.11392469950059841
0.08137714764210002
0.02388018080441412
0.09884467160838434
0.04947289782859571
0.09601305008185324
0.08287950080527923
0.09816432670422459
0.07103738191197329
0.049176363732098105
0.025432305198175575
0.040183510589658966
0.06168922842352026
0.07010625473887405
0.039404505355151664
0.08788175961528416
0.0393032585494299
0.02412064609202791
0.06547064487463744
-0.03234102040450959
0.03954226450694048
-0.022741577260276147
0.048786795001776906
0.053369337307940634
0.06228745946558578
0.0069053201412489496
-0.03753195278391053
-0.08001390928523244
0.07930307367692263
0.08430519394339192
0.024419154718853142
0.021420811476096202
0.06082106448103547
-0.019285554694421725
0.07112071299765027
0.07037371966133077
0.07312452549477522
0.06145986522256741
0.02149112341104098
0.04722075391990421
0.03899925649830516
-0.050777596337292175
0.023716299921950124
0.042548099653241356
-0.06864955629845004
-0.025946407542560168
0.06052571624769432
0.12440353664888626
0.12476393378239387
-0.0848043005574336
0.030779998753004356
-0.014369733856285039
0.10747545682918586
-0.001050481307470208
-0.014901204855572447
0.0066825424119865695
0.0458620455292017
-0.015548514030043648
0.04512855307719821
0.002254511249115909
0.03353192513634956
-0.05830945805025356
0.043112717508884235
-0.02257386891728319
0.04113226052945984
0.09744462955408456
-0.16732923892238316
-0.056289144023222826
0.00800962952060863
-0.06020926671021898
0.024249565034691223
0.1353080446043156
-0.22855237930085548
-0.062089117758293955
0.14633577501472683
0.20406536451286367
-0.021137166832577825
-0.15954260850751045
-0.034541418404446356
0.08224184601519147
-0.1405506063737041
-0.07087265514764973
-0.4081671175150201
0.008383302511227986
-0.19108451685420136
0.26821393751850575
-0.27924382337423403
0.09115428148727694
-0.235780604122926
0.08409918478837869
0.21559956858143037
-0.03147167722893374
0.14288899682180695
0.14367253222186277
-0.01820004862935809
-0.35076205391567306
0.11103705745367765
0.011023612988164233
-0.1326275857996566
0.18459724294986435
0.10724688200794047
-0.14180000484228683
0.03632755244925745
0.06251946503416683
0.2897430483636788
-0.07622647596667387
0.05477632684066147
-0.058617066830826015
0.09837981928057987
0.01948291410674985
0.17206191586630165
0.12983794937284932
0.049520853822919264
-0.016816231081529853
-0.057999603874642425
0.012950071473576907
0.11154520259167044
0.11604234661350948
-0.04460004559690034
0.0901074008031581
-0.0478589737636298
0.03650850750145307
-0.3351784634273476
0.08801604698425786
0.06176553053431871
0.010312237180468753
0.12255724364205323
0.12916164417799902
-0.000250859038713136
0.05957385908722995
0.03742544355324767
0.04239169350758004
-0.05256737810901413
0.09261768288209349
0.048064951837240744
0.07257772352874331
0.009963297297721496
-0.03768801858242854
0.04843680055784627
-0.050685511777537884
0.1289079824968511
0.025958572703689287
0.03944367706050439
0.10490450316383299
0.10662720539132264
-0.16669315041699895
0.012939123234788796
0.028716198217467515
0.020407631959321992
-0.005649912280609959
0.06385032447155026
0.01528058947480665
-0.08667327873015529
-0.2350495121005347
-0.016618293462619227
0.10255705836898282
-0.004410173498205383
0.02255474560009013
0.11013016498482098
-0.022951346154238994
-0.07933112525927599
0.1213614971354171
0.07422746320205081
0.09122312334215638
0.11071433147277049
0.038021927605542405
0.009324748957059537
0.045181176227319264
0.10071744759063772
0.1556713749155243
-0.06617778369809846
0.05798824146777948
0.04094117012283138
0.07775943447607686
0.020258514615440926
0.004549048261262956
0.10842499262370064
0.022765975943549788
-0.04009107151448732
0.09138840452083896
-0.042309207917490155
0.08040327448391549
0.030784990779581023
-0.11285959079977015
0.04356296708563939
-0.003067323967615332
0.07578002983922344
-0.14603809215527774
-0.03629185943136226
0.0671239279192179
-0.07088429572314714
0.13879411397390345
-0.03161457311429139
0.026272515958547793
0.10332465770135663
-0.11705813796840436
0.0642088376259623
0.11302751432274233
0.010852716458110367
-0.14222230291921123
0.10917202707236312
-0.01534521385548504
0.03487426994504683
-0.02431000385476567
-0.1744147604307108
0.004439816706720723
-0.00011768063358597036
0.012106821537688273
0.08870978755416775
0.051604348301091785
-0.10998766614641042
-0.0453757042379922
0.0736763813958321
-0.25176422694925293
-0.07170014931319812
-0.018677049052994943
0.04221663815745319
-0.020330898943125453
-0.024819373632936514
-0.1032129775079188
0.0739624127449105
0.03921369833160543
0.03350705909436019
-0.08058606235882737
0.04656545855565608
0.04400472669548733
0.015334294667525394
-0.10681343101028595
0.05672686738565036
-0.005390572097580315
0.12553482504490887
0.11137321576611386
0.11982312098151227
0.023443881216026086
-0.03170414157377355
0.10602980514449772
-0.09508438165161126
0.10612954361032112
0.08507121468788459
0.11087849755040963
0.018379106083263264
0.054919975976199686
0.023215621001161202
0.06976797263776163
-0.03132080582679808
-0.017641518724378025
-0.09603714578039257
0.006021750216132882
-0.09678190742314419
0.10082581762582404
-0.07798882885756908
-0.0006039732028596534
-0.04778039844737614
0.10502394954540784
-0.05152952919031806
0.043393875521134107
0.10365668050519761
-0.12646724047714208
0.06660476730428982
-0.048673778276748125
-0.2154389490199735
0.025943116877895134
-0.06920179774874458
0.08912761969687355
-0.10186387306149447
-0.21309267220204764
0.10894971304912321
0.019841909627374865
-0.1489931511943775
-0.08176305670876505
-0.04965140132949353
0.13712308684943791
0.04265193632654962
-0.15321179599698465
0.1569257491835523
-0.1574720897397237
0.013843941488436984
-0.13312123989264135
-0.1777674411325304
-0.036442646232106024
0.22054638338754862
-0.28591217782315226
-0.05138465360523403
0.05462146589284261
0.17944551667146175
-0.007242129369254391
0.14167815456886357
0.028306916242748947
0.12149156854267673
0.02174183061308027
0.1311236926244998
0.0505016408510493
0.1404688330664846
-0.2609042428327879
-0.14957973527782042
0.019888115813597063
0.0568706174491323
-0.07104213006230076
0.15073189809429294
-0.0727683557789035
0.1768082662812231
-0.08208335534687738
0.03824746983413452
0.07722784953536554
0.05780581965256221
0.16557157045750465
0.0821406601795755
-0.5001553879814835
-0.13535392445947714
0.16694182281304554
0.16905255961256188
-0.08519551240323786
-0.10102024158423084
0.10934229544503771
-0.1539559508448073
0.17345834274012079
-0.17490602363755703
-0.09366584154598256
0.0029386158239755877
0.014277622623817154
0.18965821442381514
-0.0008402717699619311
0.11356299222866212
0.13267374922639058
-0.034650231146951094
0.06523528486171071
0.07803652629331659
0.010708090116646418
-0.018797681098128627
-0.03433069361349206
-0.06794046082786831
0.10267799019437795
-0.07313503058296977
0.04274900965982309
-0.10659368204748088
0.060871457376897364
0.08829529752830811
-0.026440939344947734
-0.04314467107437758
0.10115855029238069
-0.08983132363859336
0.05789724646781941
-0.05776348371522533
0.005417704682978475
0.08434710464637318
0.06843544740962676
-0.09103154374007094
-0.14573977680497252
0.037904402625885514
0.12948214035791944
-0.047043062443987926
-0.06331692408791922
0.12855722805080405
0.0613824675465901
-0.006335559634518151
0.19444252511130944
-0.0698292565898816
0.07911325559781213
-0.19523125560638965
0.09767265458278895
-0.10259096815555979
-0.01060394509425755
-0.021944699557743363
0.01593040087776093
0.01161833395005818
0.02707597698198605
0.002950707821669396
0.0669768763307021
-0.05299703728233918
-0.02425372715390972
0.06088112967546677
0.06807399405548636
0.08608525805878858
-0.08825169433505242
-0.03781609216374682
0.0534312423302683
0.020270713710370536
-0.039753144836342735
-0.06909023375068712
0.17645129231366014
0.06359137084071415
0.13182061663253347
0.005453039486516098
0.16399231363617506
-0.07629222330657537
0.008571995592492998
0.002228589835806427
-0.1449951946054101
0.015651242448363023
-0.07194511431507755
-0.1988353040465789
-0.05072244851308605
0.08886970404432648
0.01916120397330834
-0.09355686793479612
-0.12632600581739828
0.1529749306733264
0.08844592497047837
0.121846112316985
0.061299290178759125
0.053210495843083516
0.004957054232411662
0.03559755038834411
-0.019193390270163646
0.014542375690745846
-0.0333218351047091
0.04372176619191359
0.11043976546052009
0.10879156067694296
0.08272281034450923
0.008162752307860621
0.08238524963957355
-0.0011200071605841355
-0.04592402533655637
0.06510610926413113
-0.19299810754954572
-0.03186772071000277
0.0836157401335117
0.01419362413028008
0.0071154607881268594
0.1466563466011489
0.012718351623818402
-0.19444017496239918
0.11806290936702851
-0.04615085935791485
0.07889919406656826
0.06311661539065394
0.13151968106361117
0.04410860948833012
-0.06403450171770952
0.08514998633029475
-0.07512020999597713
0.009369262108489984
0.009904054966351827
0.15806605964454673
0.07564626281262887
0.07452095234137329
0.12188812388516113
-0.048646420422797876
-0.032963813237349204
0.10353954120711856
0.017583253595730042
-0.03898408429381661
0.041412725039204235
0.04584883314603433
-0.0475560169683471
0.024983078901744338
0.03167770172205897
-0.1528114139527088
-0.21945925292335133
0.13428415760001527
0.039243406867447705
-0.02031873407470819
-0.033467351215940355
0.01726882590155826
-0.0196663272542541
0.018318173517797853
0.11439758354637303
-0.06591926488062061
-0.04926900215259289
0.051661044835391245
-0.10164791325886335
0.13079452300898914
-0.20516448112792285
-0.04514963796343008
0.03067331587632094
-0.21651570674139908
-0.17502098537038902
0.22325624303244784
0.018779827390324022
0.07299617742974673
0.12313391755018555
-0.0976445352713824
-0.16088040516693614
0.059902160254480696
-0.039034177497508815
0.04425216652011926
0.1022981690462112
0.08480352103330496
0.0669030831762964
-0.10636038133913195
-0.08058189186564346
0.13087988588019145
-0.0606147377900943
0.06828764524652514
0.10219543298358696
0.03613073471828959
-0.009439723013121348
-0.014773573092125236
-0.13571376405151292
0.021283895200350844
-0.051258727436109486
0.04416469244461818
-0.12369883918887503
0.09989271195457239
0.05775705891421801
0.16532962165087728
0.009734362650985151
0.131076829251756
0.015208977512118582
-0.1709659630198498
0.027738766136905346
-0.2480591216587883
-0.039164143209063695
-0.06397151858873151
0.10250261320868975
-0.0953929971752493
0.09096205854708111
-0.017517205128315116
0.00957529797401685
-0.05717249080857478
0.1359890793094352
0.033038077830107204
0.08383628623595135
-0.13103215338205543
0.09827497806750973
0.14350058122953546
0.03812032677137195
0.014762909985349126
0.016779617400944524
0.04668697261948368
0.04659076467691631
0.04886763639079539
0.08746309918825629
0.000374714016625588
0.03609255466529582
-0.06781085642425888
0.041946734237292504
0.05108427282488898
0.07066255313705977
-0.0545753682319402
-0.11093018374841834
0.048075163798964426
0.1125364815271413
-0.015414766517532374
0.12897776727161625
0.008005134919287504
-0.0011169730189318772
0.1597851652530824
-0.010398007666433173
-0.007808229542586531
-0.0924028642576109
0.07568768600152842
-0.01722820105846412
-0.07693538560006807
-0.022163431116021814
0.0515833957381438
-0.0077530222661986725
-0.043199109478937237
0.0042440265600448
-0.08028379911509842
0.03344418916613878
0.08767901754599461
0.0007706497033039827
-0.020518905592666115
-0.10876746832547968
-0.07748315097412262
0.019163819837570317
0.1138215417672987
-0.3347563926152135
-0.10639477101342731
-0.10635318907096758
-0.16992330692147262
-0.22093465810899315
0.13168532187895743
-0.13515668592660812
0.004902290236742712
0.058510425832299484
0.06109861223777513
-0.3837211151019425
-0.06548980216657929
0.03686811065334494
0.13497923274327905
0.07980464470312532
0.0194991491046137
0.33081075052542075
-0.040601878286040116
0.05700900860792546
-0.038734519664146316
0.08786116241176173
0.025720385580573657
0.0887192387024987
-0.06868553242015751
0.12483674280690821
0.06694344675930691
0.15917935659143773
0.08708817932490437
0.11013622305185417
0.08889519506785365
0.03229190532995796
0.04474862954213599
0.041705878668551744
0.07377263267448386
0.022524279031557848
0.029337801791988916
-0.08762055448351469
0.02938509265873085
0.10818726828856562
-0.031485610147104603
0.034365605290506085
-0.13536648483157843
0.029458699823085188
-0.0879961669422572
0.08967743454221255
0.02075498719186658
-0.040585608915021054
0.07924363818649671
0.0300567068379079
0.04583976435518328
0.0246004612966092
0.07920687620000327
-0.017419437157159212
0.11927982472104043
-0.0629599276373316
0.052732895053893725
-0.03503297917652126
0.050043070030111214
0.0007150074217435742
0.06997868474203328
0.04115935747885552
0.002970445121112386
0.07118527108661754
0.011960701513135441
-0.033478043595733364
0.0045123096999751255
0.029731013740820766
0.11080905493206955
0.03945426231389626
-0.009397838640062939
-0.02500510286745372
0.05984159673923717
0.10966367134187055
0.06691059107634717
0.07025639536695788
-0.02795137383049684
0.07650953344108902
-0.042921364217390456
-0.06494499091780204
-0.020459597993171652
0.016580358487492564
0.07386646072903263
-0.006791859512970344
0.04754013569912807
0.012147375380972603
-0.00459896588351838
-0.018483892550634984
0.027558201113720704
0.03159489181659214
-0.01283493845948036
-0.01350781065649087
0.11386198861372199
0.04494536225120965
0.048444605100129434
0.003227391526103851
0.009395833015483246
0.030170234950354147
0.024232390229668943
-0.005704700857723899
-0.0010971750927896151
0.02061439407421989
-0.04031225388458226
0.006524425111738008
0.09769096381648262
-0.11465151719280486
-0.009734078181080408
-0.22551972784244723
-0.044916908031515046
0.11158976919351737
0.09668604494161515
-0.1286242673978385
0.10391040001577645
0.15566141153636154
0.015849765823953033
-0.019578696600577206
-0.07161168175598454
0.0371053221104381
-0.04708484035441929
0.07799153582569035
-0.14044248055717345
0.026872344668136927
-0.005419709369465786
0.06626259593271261
0.012086857058076828
0.018878499270956195
0.06076952684768139
0.15334163807832824
0.06378991432100983
0.020589056990517163
0.06272744481420206
0.03523341424055698
0.09029485334112913
0.04663757484360126
0.06368816540370786
-0.10003574715510521
-0.0352252561616444
0.04631113498493816
-0.03433856635103738
-0.04199964094973929
0.07552213138539349
-0.008874511796139739
-0.15098654314036186
0.06335080987952035
-0.1417023729553505
-0.24531101954968537
-0.016517885513935293
0.08606815994629641
0.117842770085758
0.06618556488752697
0.03856408255665755
0.0386931291750337
0.04410359704552069
0.10565892979689523
-0.024786048743495437
-0.0994587059464167
-0.14923976738841704
0.13571927689279772
0.17644153871452878
-0.046276433008927254
-0.007701190825951221
0.0773478630489074
0.086416728938634
0.11688416855872286
0.007369703968955088
-0.03620327831717318
-0.010742505119315848
0.06555372311836843
-0.02206906043146184
0.10210388728821423
-0.12351982989672472
-0.04827367103772928
0.05777197847240079
-0.016189175789692367
0.01617995350695256
0.05128839170648042
-0.003992616847109498
0.02800989241474644
-0.17957690898853917
0.10285259374396782
-0.09562739933472142
-0.06146009467297864
-0.11919717603350222
0.08460199368707161
0.12543345168781012
0.1021637560454296
0.1558834124055689
-0.07530904573425112
0.04151311943901548
-0.006418857393497901
-0.0013210399709465692
-0.013841150730487084
-0.21600093791756758
-0.02084565652421755
-0.05574119735378946
-0.04536859209649757
0.1131252536903018
0.07975936193855265
0.05006409301445264
0.054930869267207416
0.09454644290651337
0.0391558194336758
-0.03193123272759768
-0.058853787745268726
-0.024449893835773118
0.06911592414714246
0.048415351859394495
0.11356750337024318
-0.0006581901609370444
-0.06709119878430392
0.01769627786928607
0.1014100698666493
0.009932890245202164
