0.03646998092886511
0.03163873392371213
0.030887862975098077
0.027590569346460637
0.028382402433979964
0.032199855254919106
0.04053004335338648
0.050882418893395086
0.06314821602422861
0.07569170506414864
0.08610978935898717
0.09525545556234397
0.10607703438647355
0.1175827945951656
0.1297525239708784
0.14457905457145565
0.1615441066876251
0.18083100578670083
0.2019112148097568
0.2248812933583065
0.2492663326136886
0.2744684255680913
0.30064416721016396
0.32731852280782997
0.35479204187000773
0.38187472345132484
0.40845806278324565
0.43485711645444575
0.4612931416626222
0.48706938092448016
0.5125970192936791
0.5380061430468435
0.5637167802322726
0.5888127767496854
0.6129216847902997
0.6360151565951097
0.6585072011460787
0.6791322200207993
0.6989271379291967
0.717373798414108
0.7341925629700232
0.7493975134336929
0.7637489647196799
0.7754053282178447
0.7858648392208799
0.7936533088879933
0.8006826020295444
0.8081718673297301
0.8142041828612391
0.8197822834593357
0.8248698459687941
0.8311020772472166
0.8371236442738247
0.8436731532287807
0.8493530160988723
0.8544709369988681
0.8589039460372305
0.8626320537997599
0.865211176531023
0.8666783483398536
0.866821221446641
0.865924082941376
0.8648608585434898
0.8633249512624084
0.8633273202429754
0.8632944742961038
0.8649489010722403
0.8670129962492633
0.8696772874852537
0.8728149767163066
0.8753352824993925
0.8766743245995343
0.8769864472943601
0.8772518484334545
0.8762636577496318
0.8747296722845379
0.872717428088841
0.8700775564056858
0.8670762178454903
0.865609444136908
0.8653496312408776
0.865541379592517
0.8669708649720057
0.8668668849398528
0.8658288490865347
0.8624078440245735
0.8581031571258081
0.8543647231350879
0.8499345483901514
0.8459003400346329
0.8412288451554102
0.8381768234760402
0.8358802806676403
0.8335618306548783
0.8312206039300251
0.8278824386979377
0.8231802036650783
0.8179046365884345
0.8123672903754859
0.8057808948921188
0.7989686511061893
0.7929365969425799
0.7879153683045783
0.7821124629184073
0.7755269235614244
0.7704277603308843
0.7630994481679224
0.7586644661673542
0.7583202557299508
0.7602147345471882
0.7616655281155775
0.7637980245227911
0.7663633842338835
0.7700520035867674
0.7736735289650469
0.7768250273101324
0.7791839733772942
0.7806691988016357
0.7826086041801784
0.782339444306771
0.7800752118475329
0.7760925101999605
0.7725296439968357
0.7695830701249448
0.7680800988409294
0.7669340159588095
0.7660213024935089
0.7654401817507572
0.7652764176946969
0.7657475793523087
0.7637900400651557
0.7609248615214484
0.7564356339226672
0.7519473135337185
0.7490491519490661
0.7415664163038146
0.7309133767984136
0.7203638070481191
0.7104999532299232
0.7034877184700083
0.7003167478614833
0.6999571398206281
0.6973375494165331
0.6966314288478117
0.6986274591538261
0.7022019605807022
0.7048573384198296
0.7043877287837278
0.70235371655144
0.6990870172491394
0.6922687547631896
0.683266223457619
0.6746894945275739
0.6675317036849219
0.6610253196301559
0.6565959116789107
0.6535306533571831
0.6523550179551802
0.6528253739109862
0.6561713055197964
0.6615735222556741
0.664358547958279
0.6690973169120518
0.6716638258565766
0.6718969951873596
0.6731256506699839
0.6748585221679801
0.6736265749291687
0.673450736124601
0.671399932368945
0.6694421395660386
0.667375751107089
0.6668093361956188
0.6684874551696082
0.6680515272319529
0.6671526448108496
0.6676547344606255
0.6685380421630603
0.6699752025288883
0.6731618928374695
0.6779714612534823
0.6834656722000623
0.6889586842017283
0.6953903455533097
0.7024114033311792
0.7096463057185222
0.7150599490279759
0.7197231297598382
0.724578709183042
0.7293516179953159
0.7342235834742625
0.7386607537075288
0.7433428629215048
0.7476863535295178
0.7502380521680061
0.7526254483507582
0.7544759945983273
0.75552030354115
0.7559335147287651
0.7562312549426228
0.7559308942973476
0.7560493317623724
0.7561134349913097
0.7572443905656636
0.7587885620186852
0.7595507242014411
0.759693591012167
0.7595246698420219
0.7596449048089833
0.7604296903609142
0.761621104523541
0.763379800433512
0.7654384411275127
0.7661238264528686
0.7652866329544812
0.7647177680369664
0.7641591088853663
0.7629009929592941
0.7628048778060676
0.7629220716605116
0.7618348236988873
0.7614095431123628
0.762517906453946
0.7635997489380384
0.7622950916142381
0.7611248647635213
0.7590186511555034
0.7557663764495177
0.7524172318001018
0.7499474580744341
0.7458990503746749
0.7432947985180791
0.739934834117043
0.7290277370270564
0.7212043671683711
0.7135559511515929
0.705867966266468
0.7011134345445799
0.6970291802538794
0.6945713129138084
0.6938217038776727
0.6933782823643481
0.6924546646806513
0.6911661713481733
0.6912356998179717
0.6913210551033073
0.6914764455293123
0.6915840613643756
0.691811508204253
0.6936134371074217
0.6962202888689495
0.7002087446808591
0.7045875511957944
0.7091631695220685
0.7139702084868739
0.7180562920688227
0.7213876251249945
0.7245260109476376
0.7276209180860251
0.7300878440272666
0.7313808930997548
0.7334689102866729
0.734743556494827
0.7357856704918835
0.7374867934785249
0.7402000222744336
0.742813742815939
0.7455397770510803
0.7490256854243569
0.7514631186257789
0.753862036424411
0.7558909174047166
0.7564948344789304
0.7572967754820248
0.7573594431290325
0.7567527835313704
0.7573582316178813
0.7580735367485577
0.757765779805248
0.7572605255831457
0.7578402161610639
0.7570454832839411
0.7567573734690852
0.7568076252829268
0.7550234083464598
0.752712166094497
0.7514816224188126
0.7514181820841398
0.7515762692398855
0.7510260495329057
0.7501338562289218
0.7501426594806794
0.7474239862019235
0.7431502522329085
0.738592029035005
0.735448265805275
0.7319120660636159
0.7289444133178775
0.7279461358546176
0.7227794211515349
0.7185958588287676
0.7156799961967687
0.7140650960549575
0.7127699093505547
0.7128185098713501
0.7122381658852271
0.7121027753506205
0.7124935201311595
0.7125441872535659
0.7140422985419861
0.7168090289499977
0.7199873609742534
0.7234892438998202
0.7273546096014527
0.7319351036705132
0.7371563632181051
0.7418632446640506
0.7464471556218354
0.7512554270627038
0.7562754710956571
0.7611646330154457
0.7657917288330218
0.7710616820788097
0.7763784886404377
0.7811764897206369
0.7857879260458697
0.7905066642260599
0.7945185351951263
0.7984479562123229
0.8016643534597437
0.8042147460246991
0.8067776303207839
0.8095211349411566
0.8121080651226651
0.8137222092987288
0.8148246632473698
0.8157237170653605
0.8166988387030854
0.8177562751490072
0.8191681020081841
0.8206841387283739
0.8221480895115131
0.8238109479321445
0.8251346592462466
0.8268595126717488
0.8282566260326438
0.8298210867494672
0.831261821115651
0.8324116650504759
0.8327662370026714
0.832667483042152
0.8330445758962927
0.8336811759726079
0.8345704115176844
0.8351836758169557
0.8363825211344035
0.8374763813092013
0.8385947495558238
0.8390070615197546
0.8388204324095967
0.838114795694541
0.8373483115699296
0.8370587958552536
0.836887419885939
0.837409890728299
0.8379742362882109
0.8381741357608766
0.8377498756708676
0.8375020773798655
0.8370963393255361
0.8368510430537653
0.8364988362814214
0.8360151448517038
0.8355007631606671
0.8340299297725939
0.8324615086854114
0.8301902885618266
0.82669522723083
0.8226696041569727
0.8185484634277289
0.8156368533006751
0.8124678184492816
0.8096918983746337
0.8076586597219015
0.806476160821507
0.8060438879238281
0.8060252951434338
0.8053181669494496
0.804366518440122
0.8035380121215158
0.802057805992833
0.8005005224629855
0.7980021660543065
0.7953349016157776
0.793100992694266
0.7917115491752271
0.7902307775088145
0.7884590085155029
0.7872650580445162
0.7858007517100433
0.7842726590550808
0.78323853865375
0.781215931278353
0.7792090263226473
0.7778123533671543
0.7752701718318649
0.7712106532743732
0.7645436491078464
0.7593515113739138
0.7565980313950326
0.7535915038172273
0.7506050383228228
0.7480960628919123
0.7460457056108091
0.739702778464751
0.7335694956208734
0.7273578944343615
0.7239990342707388
0.7180194736344668
0.7118969625553712
0.7082129614284738
0.7056586576348075
0.7039193098259781
0.7025282353006236
0.7034326330940016
0.7064172488134917
0.7097854474649792
0.7130265861145786
0.7172111125881431
0.7220194726629862
0.7259984379144716
0.7307413585938317
0.7361003840569634
0.7412803909181906
0.7454331316793197
0.7478122057311168
0.7507040692491893
0.7525975789379581
0.754364296420252
0.7544094503985017
0.7533697393291616
0.7465520307034752
0.7393730325320869
0.7330533740778079
0.7281805278445409
0.7221419464598837
0.7154612136390367
0.71158441457213
0.7093583737296217
0.7095789622902546
0.7084434943778197
0.7092867753030019
0.7117137306283409
0.7150829508970055
0.7183125965167787
0.7206420545529858
0.7232013897069731
0.7244760001885097
0.7241076381906395
0.7235445107387674
0.7231870900913273
0.7239951484572174
0.7254361351903149
0.7268185960887406
0.7218057341878069
0.71805793347884
0.7155307270848068
0.7117832680304604
0.71014964812779
0.7102573397373949
0.7129069807761278
0.7161975269865777
0.7198016261701872
0.7218509395949049
0.7253428258497115
0.7255629127413676
0.7264222089017683
0.7261297073026928
0.7216215100308999
0.7162795368410223
0.7136958153268816
0.7137156516450567
0.7146778514106182
0.7160244448014746
0.7177465126257434
0.7195807299647405
0.718503755319635
0.7175914266915783
0.7162252150909764
0.715680394455375
0.7147419682150256
0.7137147483641458
0.7140801882112913
0.7151867949295375
0.7166261812888509
0.7178669370328985
0.7184433517399426
0.719780431928111
0.7213432724899062
0.7238050233549915
0.7238167865651678
0.7249899223015247
0.7251198980120949
0.7245753549160762
0.7233870359330338
0.7221019726267305
0.7211101028531474
0.7208908633365884
0.7213508775188384
0.7202666917724649
0.7192560308899408
0.7195412980681437
0.7189253254853546
0.7182259375920951
0.7157985216102783
0.7142582954741902
0.7021707379648418
0.6896756457540096
0.6800299014559219
0.6716432787373485
0.6680880617365961
0.6668481463250389
0.667508507004823
0.6706388795893325
0.6759168848388695
0.6815875009326442
0.6872752647491247
0.6925478880304708
0.6976035218267088
0.7029977598845106
0.7085303460675201
0.7139133105781762
0.7189199240231026
0.724741974302152
0.731244128244897
0.7367837122289286
0.7424455398562961
0.7467778452257067
0.7508977876770468
0.7546359159664517
0.7568894706444607
0.7594220193963369
0.7620072538826602
0.7639910078092758
0.7653009111380593
0.7660691781373302
0.7668605746418561
0.7667130040687958
0.7662975298579525
0.7663816459092736
0.7668718098967491
0.767597419808017
0.769070358530612
0.7704633477768337
0.7721989061741706
0.7739425392732833
0.7755934647067613
0.7777036713505543
0.779815759147926
0.7823463724902125
0.7842387992485156
0.7858824927604473
0.787071185092979
0.7878044997690772
0.7888464774072386
0.7899132427025696
0.7916129933271011
0.7934087348826155
0.7942930113237187
0.7959467594653437
0.7972367229284242
0.7986346935384967
0.8002094595270285
0.8010660959743403
0.8021031089416877
0.8030144927284644
0.8029979432348302
0.8028185482593354
0.8007340707037374
0.7989245789026354
0.7974870372155619
0.7959972566257443
0.795360075419467
0.7955755342662251
0.7962199429841658
0.7976858068114988
0.7994394165002394
0.8018461045942273
0.8042212338428144
0.806330512124428
0.8080180786944798
0.8096522224265196
0.8107280789825461
0.8111183808634954
0.8114021174023918
0.8112774681214757
0.8112656855554574
0.811991670813057
0.8126533214370283
0.812881762628703
0.8128604125999924
0.8129356128220998
0.8125544098598282
0.8121477017613227
0.8120973975877552
0.8118305235959778
0.8114649666489174
0.811715487866672
0.811969562776238
0.8125095693614187
0.8128895076218094
0.8142009534917685
0.815562317401853
0.8169079795981303
0.8179101045866327
0.8185476909000974
0.8189519461245773
0.819587877578691
0.8200727506289701
0.819705710536362
0.8194321999958681
0.8189076082340595
0.818251837001347
0.814699572685045
0.8117771421758084
0.8087307601907406
0.805567079658847
0.802690368364153
0.7991773459693591
0.7935026146343616
0.7882149461051923
0.7831313396177176
0.7776986918564082
0.7730893151545996
0.7690417924792844
0.7669000677347855
0.7648622029582659
0.7628096413991886
0.7622139093583394
0.7593714989782665
0.7580129890072991
0.7582225233170122
0.7592776070489832
0.7603534429558728
0.7620184602579353
0.7622636764234192
0.7627923457685158
0.7630459535829628
0.7630752140102907
0.7624192260861484
0.7616810110478501
0.7552355729744743
0.7488603607578759
0.7433577560195382
0.7378671383649417
0.731545949258661
0.7271605153790921
0.7231590773178999
0.7186939078289502
0.7150629955869735
0.7125352985565286
0.7108791275930322
0.7096785800080038
0.7098351145339978
0.7094632939093264
0.7048565431971644
0.7010396351681195
0.6996896985144727
0.6988575542448923
0.6989275027754633
0.7000394172596361
0.7030356072618937
0.7039841154687412
0.7047032976068782
0.7063210317395912
0.7091443172077735
0.7127754546466158
0.7169543033012155
0.721171834324994
0.7254852084947616
0.7296201575347312
0.7327654593885263
0.736411606445305
0.738262837536832
0.7397822739444466
0.740191852632101
0.7407902275634416
0.7400968216879849
0.7396243439149237
0.7390467338859747
0.7390587641420562
0.7383413038107726
0.7373377791301358
0.7330725239175637
0.7295915608924292
0.7270750415953597
0.7244055830009772
0.7218727400480907
0.7213836178252456
0.7202661869224046
0.7119939738895464
0.7040962343355314
0.6972611475572913
0.6921489162525913
0.6897651907259277
0.6872941405242251
0.6875648907494151
0.6882692389831598
0.6901070989234699
0.6939114700375953
0.6985227596181004
0.7036924559868296
0.7065077903330148
0.7088534573783623
0.7110484607043025
0.7137107321312456
0.7156421516244332
0.7185367097738943
0.721584991439849
0.7226686740953773
0.7233670063310532
0.7244253618600061
0.7255086935436392
0.7271127426237567
0.7291692752776217
0.7312782355706446
0.7330012253253582
0.7345635804644999
0.7363937604226527
0.7335815136097101
0.7309478112238009
0.7288201591172638
0.7258783984867389
0.7236347259680836
0.7221695510492857
0.7212384055179298
0.7201813689619139
0.7195268515133314
0.7199500694561728
0.7217476837492087
0.72240063857636
0.7239562344173569
0.724635942869079
0.7241542813472432
0.7250849617232685
0.7250214247804353
0.7247923508617897
0.7260834977016535
0.7281351126822011
0.730707207870509
0.733310818049118
0.7362470721345149
0.7383347033787194
0.7391690851814124
0.74013944246189
0.7410056795588197
0.7408618041139103
0.7406737462240491
0.7404405829134886
0.7396446667932027
0.7384556918657235
0.738055448586413
0.7368599851932545
0.7362439594818478
0.7358681372194227
0.7361108742831485
0.7372359250592342
0.7383668740115349
0.7388602770834137
0.7395596721231509
0.7409503199762398
0.7420508970945277
0.7436378099507195
0.7454751961885399
0.7476292816748611
0.7494652828530055
0.7508574000280045
0.7515823264825842
0.7527019866521141
0.7539467062879878
0.7549851670961638
0.7543465845551931
0.7528747266942639
0.7516767361724529
0.7506637973992327
0.7492989968048855
0.748259067576901
0.7477503225437125
0.7465751020205338
0.7447183026109977
0.7435115020727032
0.7431614312976684
0.7419271472024267
0.7412788005516352
0.7399212908501556
0.739667915451299
0.7397904483613695
0.739866841476625
0.7400004863054014
0.7400551657995694
0.7404099522385262
0.7410587364745812
0.7422029948238007
0.7428507879024283
0.7432605866089825
0.7440825084638482
0.7459179920749068
0.7477221010066362
0.7498616101002858
0.7516796072730659
0.7516128914832283
0.7516086924973743
0.7521229283006273
