-0.0031178367348751665
0.007290039236125041
0.00217820788076002
-0.00899091796547139
-0.02486780651627865
0.009132515212358881
0.011270637259718323
-0.015140932286302158
0.01639291082937691
-0.00429893603006348
0.02631280557263819
0.006018222499558621
-0.0033588161494224503
0.012377378432256468
0.0011112816676749648
0.0012915124790351565
0.0007612761221533733
-0.0015512815855861198
0.006342253431679246
0.008106550034260697
0.0035480860897233396
0.01812590313810026
-0.0135647580427871
-0.0046363196589133395
0.00824653844644063
-0.01176431480417109
0.015644896595827747
0.007127050945352848
-0.0018100659786226137
0.005341995255869898
-0.005866129598182624
-0.014818532687885322
0.008572476184373129
0.009430989873732034
0.0011444143426896443
-0.00021956683593567423
-0.02127144546507961
-0.008344074682049434
-0.0046550830994897974
0.0023371059076593924
0.013850352259616401
-0.005196270866741285
-0.007801521386228954
0.00955609590553474
-0.0012673637802304689
-0.013686128233234725
0.012184806459360436
-0.008575014382799956
-0.005614708764501711
-0.010335198993959628
0.0035877095574688173
0.010736813420021737
-0.0037550472443361677
0.003963675730602972
-0.004714462768528868
0.02336607812175251
0.015027855311376724
-0.005954597189794897
0.005283410565026931
0.009398247975820671
0.004262853867272944
-0.0075815703014809775
-0.0016236697650035925
0.007268099608915294
0.0044408296890962266
-0.008568226391804388
0.004469284244895723
-0.01014647986818264
-0.021323233968059702
0.0017386306798025976
0.009512012551344387
0.004418973871311603
0.014690173933204301
0.01749516350930412
0.00353530621658776
-0.006433372925605349
-0.0004723705392238131
-0.014490397864802477
-0.0003618976579455992
-0.0009084698584062925
0.00176290339935042
0.010946204144888257
-0.021264745896250017
0.007514488323813314
-0.005406070438098288
0.00793222355779186
0.001736533478694261
-0.01035434285964562
0.008742683900789984
-0.0073957207711206245
0.005229453532755336
-0.005918764811366594
-0.004774871060047664
0.0011252967643917437
0.01904742322683774
0.006941531461305499
-0.00019581338185354697
0.01662842852298061
0.00030608428830825377
-0.0029749920586741208
-0.009681376363161992
0.0016706673065650895
0.0011660196549989578
-0.006822573244677721
-0.01914021150512184
-0.0013990231475850038
0.001149245868629923
-0.003950046414036255
-0.009533162644979729
-0.010728273555534634
-0.004844456054260393
0.01362937855309181
0.001526877701276071
-0.016326205980123375
0.006433014459141215
-0.004478950479904516
0.023390342280653204
-0.003133228647788473
-0.0005961756305581136
0.0019416833187520857
