1.1085547122109733e-05
-0.0028954406925019885
-0.011160663030644143
-0.00012882756745794294
-0.0037836146420791813
-0.004811353628769039
-0.01517331178795672
-0.004908719812217465
-0.002406805785026728
-0.006479474602216036
0.006358910802468317
0.017401173052851767
0.002966822177114033
0.007075036618518883
0.01822815763118237
0.004307690294988926
0.01542729625488087
-0.009007211714166888
-0.0013712501037800534
0.0129757901208005
0.006752711674321854
0.0003195811696669851
0.009181458962974814
0.003805094664402412
0.0051636748723790735
-0.003552394583461037
0.002087770012272209
0.0032841107596844445
-0.004982247664794937
-0.020917767735404675
-0.0008258774062153114
0.024551826523000086
-0.026721100041719403
-0.009132792805867464
-0.002273143572445785
0.002693153769610189
0.011304612567766834
0.010423974474639613
0.013038104430805419
0.013894007323618392
-0.006564525775252993
-0.0005625729587743196
-0.004999026196066131
0.0043641938096079394
-0.003758130468909402
-0.009230615828512787
0.019172502421556964
-0.0015030284180361367
-0.0063872975589748335
0.008247703305021406
-0.012108387439544118
-0.005034053769268838
-0.007019156932929307
-0.019742710251235356
-0.02655732165029709
-0.0005768224877819822
-0.00656186586111883
-0.00661706712753375
0.007693484386243861
-0.008990048922347671
0.01693637921468915
-0.016973352390081783
-0.02793370205035201
-0.002261506506566592
0.003974288406160847
0.0165970361696307
-0.004937468139058522
-0.0037609768435451084
-0.0016973976963866497
0.024171063234742586
-0.018088404901898093
0.003397511523834501
-0.00022729760412862148
-0.009599970788526186
-0.0038311442074841556
0.0010952999483143859
-0.008551628381499428
2.2160666418008034e-06
0.006638550611981502
0.007494809479112313
-0.004658183722909045
-0.00277439270521978
0.00035499533877568875
0.00848221164511916
0.0016299855722993525
0.012086236075404306
0.005025207738494366
-0.0158382210932196
0.01023033487768843
-0.006530174091842278
0.005370451005769651
-7.977062345967019e-05
0.0092478416978027
0.00046608332998250335
0.0014201986824353041
-0.016536613754744352
0.013679921038765202
0.0002510624567468209
-0.0039548225066977265
0.012843875542424103
0.005612770464949026
0.0023972550066850367
0.004798991141340488
0.0006175295276312947
-0.010705123076004781
-0.012732100264419356
0.009200761187944112
0.010549185092515456
0.005402880513425891
0.003090635167190658
0.009708612012765261
0.011547240980434602
0.004226088086555059
0.009992089344118913
0.008835202316414317
-0.00530199180703972
0.008141348176344853
-0.010198841776724792
-0.022582369276906253
0.0067995489146450054
