0.03404099141352196
0.024726459205685822
0.02179834762792319
0.0289001625028875
0.03974041688903651
0.051247570659685986
0.06266975109255107
0.07396140359735759
0.08541961282060545
0.0970613609686794
0.10880659141196342
0.1204092251134912
0.1327837886923411
0.1464686424497592
0.16151124184550805
0.17842541521086175
0.19701296798139994
0.21699531158638885
0.23831140694671177
0.26085700045582433
0.284667426685288
0.30922541126786435
0.3343887403503966
0.360123855734092
0.3862376618422847
0.4122988012679974
0.43832800807987243
0.4644028594465185
0.49019363756574913
0.5158382120398307
0.5410405446247459
0.5653990631992385
0.5891151342897487
0.6120472979872467
0.6342506288196863
0.6555501800114489
0.67589323860827
0.6957012030930437
0.7147629851417243
0.732450392253023
0.74904897769229
0.7644167297523015
0.7780144720803124
0.790482397315557
0.8013052308316717
0.8105182848659076
0.8184472627945758
0.8244673758227913
0.8288434905742899
0.8325619177652673
0.8355067482557662
0.8381435305730853
0.8407329892268341
0.8422705048756265
0.8428131025670084
0.8431819687117014
0.8438804038673346
0.8433812071966297
0.841750120467059
0.8394286007017225
0.8366234756759667
0.8326095202630205
0.8270739263621705
0.8207515433596251
0.8167149592851438
0.813993340048621
0.8118631511250455
0.8100840464183913
0.8081893394735555
0.8053867387677522
0.8014312345247082
0.7941995559800071
0.7882154979709881
0.7821670136537808
0.7761820230952899
0.7712032691249125
0.7651924699915956
0.761560857572469
0.7580228631825857
0.756319585701266
