0.016905257038003562
-0.004659373705408328
0.000328201636785844
0.004075162829965079
-0.007889230286257386
2.0655729059481302e-05
-8.903858579313629e-06
-0.017547243063454208
0.010176580056634932
0.0060049851591954945
-0.006254289739667597
-0.0017154826119572116
0.0050529937419675165
-0.00261356415191647
-0.002427490786725466
-0.014532414124907907
0.005545803118918878
0.0012388090528703843
0.002744599237599636
-0.015265245318698401
0.016506996911864757
0.0015433553545635803
-0.0038713994328638812
0.02029072220761112
-0.0004538602986064609
-0.014506786991465749
-0.004052278554276867
-0.022883151019717225
0.010493965493432547
-0.004164743185200185
-0.007425535252045677
0.010724701315754955
-0.01651075589405839
0.0053542935632609106
-0.020644148031211756
-0.0066215933966680875
-0.012042198455997327
0.01461975627213524
0.01766160877929334
-0.003294137519130651
0.008407332421435357
-0.0017998640125235033
0.005680618873279819
-0.007528371964214647
-0.017083392031670558
-0.01803098658479741
0.0038312185175751194
0.022475950528076997
0.0026941163050788705
-0.0052460461940085235
0.019120188623319406
0.0023730184663719347
0.0010143398521161545
0.0025257773555531753
-0.0013237719756684716
-0.0030947634058888043
-0.014349634660355541
0.005016241231810408
-0.0009477545043989416
0.011930859223440107
-0.0036881846844784632
-0.019063698785304683
-0.000996106318948645
0.01699537296746681
-0.0038342312293151255
-0.008898568610207493
-0.011935919222581831
-0.010500168110753733
-0.0030019373680016306
-0.011799820934582053
0.014976391155975835
-0.0028263523607538043
0.0010864837149473017
0.014382395207337566
0.015033185204169108
-0.0021273296701756084
0.003319742154884982
0.007350265843773598
-0.001928554603497804
-0.017780128529585087
0.0065470570370311015
0.008943523048205327
0.004155026142980106
-0.009235446567132176
-0.0019602731230796548
-0.005907698188631366
-0.0029971123732782747
0.012968851927266729
0.015295796333931558
0.006694181934096611
0.005487451197783295
0.006766289895558858
-0.00012242186606443108
-0.0007566346148706628
-0.006736451873760739
-0.0005586745005007389
0.022599469866262614
0.008690393292538257
-0.003421170234268631
-0.004719266521335214
-0.008644899915857459
0.003743703497375756
0.003915456935025806
-0.014431216570009382
0.004863351972417023
-0.0056947227051849705
0.014267211566488358
0.0015684398370418373
0.017177300496602353
-0.004581267928860093
-0.002879838665207813
0.002998083522698998
0.010559482991645386
0.005658824886274059
-0.01233523943727563
0.0018290070161476677
0.00022244738540560486
-0.00429068593555992
-0.0064810529289236005
0.017475772393486445
