0.030960702302534688
0.027615120901189758
0.029736599206788
0.03238410309266757
0.03834072389715799
0.04702693307527971
0.05925135511820477
0.07312645922418526
0.08702175099525003
0.10156054733871955
0.11659848461168927
0.132935351063584
0.15032453254836214
0.16790648320235937
0.1863512429015323
0.20580337676449928
0.22662742205066588
0.24843499118138934
0.27122156232249306
0.29547120406746297
0.3209078888166945
0.3469054247970211
0.3734636363959393
0.3998107279989061
0.42560988031278674
0.4512959137521872
0.4774076221158055
0.5027199692416787
0.5265967915298195
0.5488045194640792
0.5700545800432173
0.5897618259705388
0.6079753111416486
0.6258896226792343
0.6440522900661018
0.6602528589907274
0.6743183269418802
0.6867889362919661
0.6996970985234255
0.7120330433347125
0.7248082448977418
0.7371345383900876
0.747908598049989
0.7579040134458122
0.7685583803499356
0.7794720737075983
0.7907370025619623
0.8011310227078691
0.8116774165689589
0.8230141136192096
0.8340344920187165
0.845083517760641
0.8561739596099829
0.8674149734242073
0.8765196902426869
0.8833700693718674
0.8888967027524358
0.8937225243219926
0.8960643421851154
0.8975635717710417
0.8974925792352595
0.8971599966692851
0.8976203124197463
0.8966149393894457
0.8959551905471941
0.8941128506855021
0.8925821508930479
0.8901528023373622
0.8863541401255534
0.8811750497703257
0.876334036384824
0.8702625726894844
0.8629321190555262
0.8566817673648094
0.8520541969141452
0.8476369779429949
0.8429133935416163
0.8385456926118385
0.834609773491088
0.8310646224848459
0.8286018358662685
0.8271531071208317
0.8261300204838238
0.8252506926117955
0.8240094686892258
0.820181094220906
0.8139265342613237
0.8063536125987
0.7984226725230582
0.7892696836593038
0.7813794090679002
0.7694123066759826
0.75334722908236
0.7414541245342846
0.7322331372179974
0.7256273422456821
0.7216829904188253
0.7195782528189335
0.7197797152991603
0.7204952280247922
0.7226858692318929
0.7260851255264695
0.7305693797532071
0.7341932819631237
0.7374056129172817
0.7415774735990264
0.7460099087814569
0.7498692844475218
0.7532872738630177
0.7560892244877915
0.7585858441101042
0.7602511805268721
0.7621011399875534
0.7635923291712217
0.7641163119780682
0.7653581463880952
0.7661816560332292
0.7660795001300718
0.7646157630194184
0.7620124442657145
0.7597118822944205
0.7589512718358389
0.7587432986085519
0.7578662621108979
0.7569728809137215
0.7571587590896208
0.7579410770454728
0.759690839583844
0.7610351180832221
0.7632838955925922
0.7660601441666136
0.7684615923720212
0.7720113663165662
0.7761340937538133
0.7800307463077035
0.7841399784163182
0.7879159407753021
0.7911210202221218
0.7940331144770135
0.7970739285197477
0.7987525734617577
0.7996830208596716
0.8005816287735045
0.8005007518286122
0.800115819884431
0.8001074371816385
0.7981566755755182
0.7963922493149516
0.7952050975895714
0.7946118882153647
0.7943923584502817
0.794177357724457
0.7923665395051217
0.7907855048004221
0.7892250788894701
0.7879826829035712
0.7872412924338869
0.7863353289563314
0.7861035321957579
0.786080159372022
0.7858270791893551
0.786705035540407
0.78832685414097
0.7892038055021975
0.7898206168969027
0.7915148604732337
0.7892780159810486
0.785275731100758
0.7820079655269091
0.7782543344455697
0.775925180738775
0.7738683467367858
0.7731053571034776
0.7720110535194328
0.7701737463091197
0.7677193297446022
0.7663641096415841
0.7664865488718008
0.7668878462721562
0.7676809550085916
0.7697586366211591
0.77042473669454
0.7709177615663655
0.7712292554177287
0.7711204018639755
0.7719080550855024
0.7737071691646258
0.7756401465384609
0.7781381729666139
0.781225681676533
0.7852411318972229
0.7880629386514911
0.7903555282083466
0.7907048016249241
0.7905746481814414
0.790881363297827
0.7903944934391165
0.7902931045964735
0.7896832432404352
0.7892466248203611
0.7888752763523406
0.7884480745391635
0.7895925518980963
0.7906620353025653
0.7909312911230277
0.7906949689150946
0.7907685147063818
0.7904354571634185
0.7895416779275051
0.7873488904014079
0.7858287856069407
0.7849494254199981
0.7829761690494419
0.7799299522587873
0.7771573748073297
0.7737340988795448
0.77036779869158
0.7674085785935814
0.7644503090422764
0.764187864832063
0.7643333441131922
0.7652304422655084
0.7665870586856522
0.7674648519295101
0.7684775269451888
0.7702425150511523
0.7722456157878963
0.7743805615512851
0.7767421486770002
0.7797205239423229
0.7812266241064107
0.7826355472339335
0.7836247857955921
0.7840256744814842
0.7839261477409928
0.784485985066388
0.7852457039708226
0.7839977791965621
0.7820832285293952
0.7798377839180148
0.7756379344292508
0.7718051578186527
0.7686213605000114
0.7656572869630521
0.7651064291367563
0.76001018941864
0.7549949319810678
0.7506298104578876
0.7474409996165048
0.7450438628741353
0.742606301622541
0.7408708892665328
0.7405544347624844
0.7414075159646859
0.7431439132553747
0.7457939768234525
0.7485039461497772
0.7518324687253517
0.7549578550069866
0.7585671247972585
0.7611149122368083
0.7640991216429643
0.7668155794267579
0.7696788983130358
0.7723647023029712
0.7749226217897998
0.7777444275102106
0.7795446367632501
0.7809653263226528
0.7818065746606728
0.7805810121031974
0.7796470583394578
0.7786041782906917
0.7777171110416378
0.7767867464625641
0.7751379197675875
0.7738866953528196
0.7734508692909371
0.7726269946756065
0.7718243238785163
0.7724683787308417
0.7732917821189612
0.772435978842346
0.7723179299376631
0.7725096915933968
0.7732903396556473
0.7732394194314866
0.7742072098487677
0.7756298239338042
0.7770666266688662
0.778666574832855
0.7779951386473903
0.7767564452008617
0.7756310901071161
0.7740503675735061
0.7728478769267644
0.7717500842697477
0.771233232353336
0.7717768647104046
0.7732851773199506
0.7744906746403488
0.7766161035542667
0.7782696467169724
0.7798585484042626
0.7818593292948159
0.7833677467270775
0.7853193185616478
0.7871412383464248
0.7893337650600771
0.7917486895923183
0.7929442721612889
0.7944121299826368
0.7956922427652461
0.796812158445106
0.7981083146640585
0.7987435825558643
0.8002329736723642
0.8012923503178324
0.8021492448115092
0.802597141430564
0.8025930135134992
0.802125735701423
0.8026361871024876
0.8021605476839718
0.8010871521029704
0.80006597383783
0.7989229101142846
0.7977081121310313
0.7963281507320764
0.7943203967998617
0.7918148448978387
0.7882910904571836
0.7832046276635715
0.7775017844923741
0.7706659054740499
0.7636672566993443
0.758161091329761
0.7528937375021122
0.7479809887426765
0.7442936542373241
0.7402470424210882
0.7380035665688358
0.7369065579447133
0.7376569493776531
0.7373083779684588
0.7363951610586974
0.7336524757172816
0.7318395861751102
0.7315196003652804
0.7323546149684457
0.7341838812059048
0.735038864642453
0.734800137803318
0.73577695977967
0.7345077040507245
0.7343365694348141
0.7341725516067148
0.7350147684414325
0.7351831470374396
0.73443950403605
0.7343915860406526
0.7351884145179941
0.7372384753967972
0.740416914122793
0.7443230885838953
0.7487819076496757
0.7533186307348174
0.7565701962823813
0.7602987394718662
0.7636340639080488
0.76482223761646
0.7664976719504741
0.7678646953509319
0.7684640639626582
0.7689290366707846
0.7700086217976175
0.7721223583406583
0.7735399872749782
0.773579247260923
0.7738097786927873
0.7733484207796141
0.7733253442365118
0.7725183760328721
0.7706143014792414
0.7692454514460788
0.7687517844789814
0.767476693759915
0.7662200098856726
0.7655701699368535
0.7657970827214459
0.7666394034316135
0.7679073939680948
0.7697427505626571
0.7718633671083236
0.7748580824543085
0.7780473381175161
0.7799764550540319
0.7818401809253182
0.7831687526950291
0.7842117003521848
0.7856016423213524
0.7850469535127008
0.7827058935648409
0.780144038418232
0.776855370043958
0.7728819180628773
0.7696232497759886
0.7669106250969175
0.7649265331352857
0.7635624081966969
0.7632340042869256
0.7628849287457891
0.7614791858503905
0.7598488735100923
0.7579497640787782
0.7522588262192602
0.7472932054936603
0.7434187909665003
0.7405687811630614
0.7369624323997892
0.7350758245969714
0.7337058410862157
0.7343763451932217
0.7361565085690114
0.7385046492436108
0.7404864029712819
0.7428860877323068
0.7451392903108188
0.7480358254251871
0.7500024682868305
0.7519310777885705
0.7532278515574327
0.7550753210978601
0.7564804922328932
0.7585246670456061
0.7605521589826915
0.7627444363241801
0.7644595628278013
0.7669258121236868
0.7702356135776999
0.7735431648652945
0.7768421326888232
0.7800974405733034
0.7835882205798875
0.7873312828533487
0.7900008060883059
0.7930527329411275
0.7954098205066137
0.7976678769247104
0.7996261805692876
0.8010136495992598
0.8018875949060633
0.8032610739771868
0.8041609696514773
0.8057003811555421
0.8069727952964655
0.8081074217540383
0.809707219758814
0.8105469274603037
0.8100743069221519
0.8092233043362892
0.8080616035339713
0.8072086102886782
0.8067820725714409
0.8069818234927356
0.8066809173439049
0.8064002144733815
0.8063129682228629
0.8058446040607866
0.8058414418110956
0.8053833934426227
0.8046868086165273
0.8047200369757466
0.80520512378909
0.8059323212282858
0.806657914739027
0.8078377207511094
0.8093644381167568
0.8106077292402615
0.810883642815236
0.8109686583005264
0.8098855164895257
0.8088105594019578
0.8073676693166021
0.8063432266269784
0.8049050946426147
0.8040499897861126
0.8041325356211456
0.8036438555187598
0.8044475754949795
0.8054549898498442
0.8073326546334458
0.8083672556964088
0.808994065139534
0.8091246126325891
0.8079360736269177
0.8072726728526015
0.8066221477766183
0.8059093553700286
0.8036021620041581
0.8015668571210226
0.7997683675032567
0.7988512283194386
0.798015138451188
0.7973605403243486
0.7963308450954913
0.7945568735381118
0.7926702343413982
0.791717618656036
0.7910033365828367
0.7895430686282775
0.7867341276332385
0.7842725623554604
0.7806237022872295
0.7763538698265051
0.7713707772902787
0.7680445715679124
0.7661707597622963
0.7645108993174031
0.7637794597602608
0.7639814098028591
0.7646852181375426
0.7665439712484485
0.7662418631573364
0.7654429809648801
0.7636280890135173
0.7577747152776888
0.7532341290554806
0.7509939896035447
0.7482288499852559
0.7474122773373625
0.7474984787122733
0.7472133819703876
0.7476054399905374
0.7491542886338546
0.7524223281349169
0.755684027938202
0.7602655658639901
0.7600207201570496
0.759985257286859
0.759306871861129
0.7600063011191805
0.7610345675381933
0.7625475352019689
0.7642273509553846
0.767674647087291
0.7700843781627178
0.7724235164463495
0.7747734685515629
0.7766689402762214
0.7783125236639243
0.7800360370603402
0.7826166036401808
0.7852330179388417
0.7874564756206053
0.7890495207504312
0.7910293273705604
0.7922521249534065
0.7933039868341963
0.7945702855248069
0.7959846676978825
0.7982543073688284
0.799628013790757
0.8010220305146448
0.8027487034998911
0.8043774375812411
0.805561030101282
0.8057389551568696
0.8053610300982831
0.803325727057227
0.8013738693563739
0.7999563774185534
0.7981151102065389
0.7968888472345262
0.7961889648834806
0.79525312333513
0.7942231078740544
0.7932555136661947
0.7933461593123446
0.7942305217765142
0.7948857830489183
0.7971086850599228
0.7991695744392873
0.8007499777215951
0.8010990296777092
0.8012335653079544
0.8025190977913697
0.8045038472853664
0.806343353741907
0.8077232940029105
0.809232526794105
0.8102857536234773
0.8112379356637694
0.8107602227197324
0.8100073793388629
0.8095372799912539
0.8086932254724424
0.8081321723086015
0.8087319668798368
0.8098159135948431
0.8114548137026198
0.8136107890153249
0.816108282826049
0.8189848655959334
0.8201441519256507
0.8209215974170625
0.8216548537833648
0.822491486971036
0.823582917080897
0.8254385057980302
0.8268662489369961
0.8275312965835937
0.8275593700387648
0.8267321500194649
0.8262785050961003
0.8250011021166003
0.8243794350570588
0.8236584181877117
0.8231789914247928
0.8221768563439839
0.8205398705595015
0.8191807268361058
0.8167349214220399
0.8151165707674963
0.8144231213454916
0.8132628237960825
0.8126119994512053
0.812274149060647
0.8126677053066522
0.8129008530682718
0.8119128777265096
0.810760947369986
0.8095291742325075
0.809158641580903
0.80858982115191
0.8061071099462889
0.7969159840399462
0.7873464656503091
0.7809820203844532
0.7766273123914907
0.7747334966644762
0.7730017308318
0.772574787959085
0.7727211092373406
0.7751694972892771
0.7781856105452813
0.7811696517773118
0.7843905568274827
0.7866839782944062
0.7890657988573092
0.7906841039125861
0.7923912597684856
0.7939391108504877
0.7953080879781715
0.7971639440798769
0.7992661718237309
0.8020272903931579
0.804727814406252
0.8065191460782438
0.8087678822855349
0.8111653147586436
0.8135969400127276
0.8156105732720591
0.8166585169827025
0.8174879266058555
0.8186489489144461
0.8193690718896187
0.820565376963812
0.8201162084071831
0.8194397657639156
0.8188238583494201
0.8185717682125839
0.8184180436906738
0.817940436609252
0.8177885183775444
0.8178864915082428
0.8178373675305466
0.816721067819167
0.8149578209304507
0.8116997109846786
0.8089163116456307
0.806940481407287
0.8046220284900268
0.8021850550486868
0.7955126123599071
0.7887694548181152
0.7817186077025391
0.7758004299173985
0.7728714790556518
0.7716338187046641
0.7622946105054661
0.7558136717001349
0.7506571230512169
0.7412269664431291
0.7197180091383585
0.7005041862031178
0.6845038270152075
0.6719749799257116
0.6617966096707798
0.6540219492056756
0.6485793359009545
0.6464777437141322
0.6458256813759552
0.6462104972665713
0.6481555080373613
0.6504463162012001
0.653744294651312
0.6580838033818273
0.6630744652290984
0.6682599104522337
0.6738690554846463
0.6799079900766575
0.6858358343048284
0.691855516994306
0.6974869094016847
0.7027097186392012
0.7085808465493505
0.7144961108825225
0.7199954990256209
0.7257068149718212
0.731427508124946
0.7369747580776876
0.7423010526682357
0.7469381832296221
0.7513457951224011
0.7553519872839398
0.7584634281090209
0.7613659099070412
0.7636984991055193
0.7656722343957452
0.7664225359206587
0.7672319164454615
0.7673580946933305
0.7670676839461796
0.7657253367669992
0.7646039073866345
0.7630877120801516
0.7625297254359428
0.7638662213368905
0.7660388124812777
0.7686046474096776
0.7717830728756078
0.7744282961978985
0.778049580203695
0.7799868705475373
0.7815314667199947
0.7828711260818368
0.7845841743946993
0.7861553102908734
0.7854075048855862
0.7851159268295823
0.785492804634431
0.7863600912536686
0.7881848008248901
0.7903322814503445
0.7887813310604661
0.7888252620323861
0.78883236563063
0.789425090812394
0.7903506092556082
0.7917738480649482
0.7925260968794052
0.7938352115147536
0.7938838419998635
0.7914752275383371
0.7897090170538664
0.789279578278623
0.7882325530114895
0.7879796886012254
0.7877581242293753
0.7874307492134438
0.7849333788321977
0.7823538443318467
0.7767408101395193
0.769044403869301
0.7623162888265829
0.7567923393544844
0.7508292215465714
0.7443574004760003
0.740762241915296
0.7402743687126326
0.7383878739689598
0.7383643560880295
0.7391491225542429
0.7396676811216186
0.7393932933928455
0.7370888518524875
0.7358829784133724
0.7341090391996491
0.7282452257185759
0.7231875418464727
0.7190959186755246
0.7173268987342764
0.7152894090242611
0.7131365106806988
0.709212746358378
0.7090869683167024
0.7093722642580604
0.7100811587095613
0.7109576290007749
0.7126322038737538
0.7152541059254998
0.7186881014837242
0.7199132520539515
0.7203151644076846
0.7222587529045189
0.7240153124511018
0.7235242689318351
0.724075018021938
0.7248292928666935
0.7271485948056605
0.7297288865243482
0.7335603595133904
0.7329306843718207
0.7340363060894874
0.7340338959821433
0.7352397150551022
