0.44471629762919734
0.4334416442765516
0.4183685671451782
0.40221618147952465
0.3896874492133444
0.3746355021101174
0.35819149005515605
0.34147957914866334
0.3282415545812407
0.3111482906886317
0.29653654218415865
0.284889663722944
0.26466562691910966
0.25606860688510336
0.23711835644714796
0.221228635951342
0.2093253090759441
0.19817898546612417
0.18537346233480617
0.1717241964184385
0.1645117668641895
0.15642931218187234
0.14799245952718332
0.14492984932669706
0.13246361138451418
0.13494095104047055
0.12495891919727248
0.12442152514623095
0.11662998530519841
0.1121229051859381
0.10503012651061872
0.10172523314149001
0.10245642164928609
0.09513654069766186
0.09156818566550057
0.08578075478195246
0.07783250549304233
0.08141401638496626
0.0749127255863728
0.0630754577065995
0.06633717511337245
0.06482662643264459
0.05720665193534319
0.05204617063772793
0.044621777382290784
0.04216537367757961
0.04432806840398418
0.034535886605897015
0.04867613601073906
0.032957052360965355
0.04831695241684891
0.031762788555145804
0.02940349753463556
0.011539315324085586
0.04151029202551054
0.0267377431120972
0.005446811401377205
0.005226945303833275
0.015397900938156295
0.03257006478810198
0.021478221902633987
0.02154678603450727
-0.0008792039456670953
0.04538876707099693
-0.009469208514855554
0.014586425594962371
0.00236741997824913
-0.0106658653106394
-0.0014753289835347516
-0.007926727744442363
0.003912736588098542
0.029312744537214497
0.02654028825922672
-0.015437023612735357
0.010364463618471209
-0.035839303252861554
-0.01527987446653667
-0.0011153529654868155
0.0058333550448493865
-0.015950002573487998
