0.03176583428225404
0.03586963030331154
0.03499565049233187
0.036396258200424074
0.046870939684144394
0.05925605944531995
0.07361608662317937
0.09035894452686641
0.10795855280251075
0.1255311845192388
0.14305650460817937
0.16097694792136855
0.18005871618088654
0.1989082474256272
0.21737799831639695
0.23618820869600232
0.25543432037745334
0.27741285822315126
0.3006892388107776
0.3258472544685013
0.35235819288638703
0.37942847895499204
0.407533611524337
0.4359801711614075
0.4645586697700809
0.49332542150363035
0.5212785532706522
0.5490255617707682
0.5755637735882673
0.6002638975956786
0.6234875345114673
0.6443792023355429
0.6641215820671729
0.6821091269292425
0.6976737666362818
0.7106016459056246
0.7224742263334596
0.7333717097884929
0.7431747778733779
0.7525519558881794
0.7605275899043737
0.768251165805211
0.7758335125460469
0.7841691965272276
0.7929634534596978
0.8011319968549887
0.8104306808779305
0.8195993653302801
0.8277996024017067
0.8353916677872398
0.8413217908872237
0.845886582701937
0.8500671488582674
0.853292387686215
0.856569646651835
0.8587201697166738
0.8614996056486617
0.8643532823516832
0.8664023196471083
0.8679992313070553
0.8697265397182304
0.8710264544111669
0.8724036343655389
0.8738927421037924
0.8750596431235248
0.8754363209064785
0.8757907478423951
0.8751698722801664
0.8723234896281059
0.8685958104088511
0.8648867368965332
0.8605403420788328
0.8544785836275772
0.8483574382068474
0.8428477426753752
0.8382916113115825
0.8347646420739844
0.8301544064024136
0.8266738325414249
0.8228653779395239
0.819510149079232
0.8159193203314624
0.8145036149902735
0.8129741138489815
0.8124138732088071
0.8126928575653828
0.8132005388416673
0.8128126836535983
0.8122302529735341
0.811979029489241
0.8119211965286875
0.8117845012484673
0.8105824929628177
0.8101609621748064
0.8095258883073246
0.8091818087613736
0.8084887953704524
0.8076566822254224
0.8034948767179663
0.8000065630580453
0.7973241287805383
0.7976496298538284
0.8014285584058759
0.8047482847487399
0.8061249022333721
0.8068963292503584
0.8044988946843443
0.8002094978854419
0.7966897246661133
0.7948380329506246
0.7933824687328026
0.7928629668590624
0.792802064685197
0.7918483538531645
0.7912155074754591
0.7889603122212573
0.7877938455256711
0.7860876920753188
0.7848589443266782
0.7850669840529747
0.7856298501927678
0.7875938453983024
0.7898354130967622
0.7904606218247253
0.7921215826932791
0.793517447032333
0.7945888619915665
0.7969471057751792
0.7990415185007285
0.7963096864753564
0.7957911912587949
0.7930528949201879
0.7914792807252425
0.7889430407130017
0.7887020729466151
0.7883927367937295
0.7877292859841653
0.7851191800848296
0.7797094849865333
0.7717984469429311
0.7657195483979921
0.7619140504799973
0.7605591015574464
0.7595850994510497
0.7595548447716687
0.759193926284594
0.7600522297223828
0.7604264709141687
0.7614137793710732
0.7604351689672276
0.7570848481405987
0.7555661845540164
0.7520575110760122
0.7503108729744881
0.7506538002862558
0.7508712220606303
0.7523986581504989
0.7519120824347869
0.7529066511814974
0.7559942922961
0.7583170884931931
0.7603248463302201
0.7605107105555667
0.7617000877927252
0.7620327253003838
0.7630472366175616
0.7645415912221486
0.7658912800805865
0.7679776155611415
0.7693168626174995
0.7713846065313423
0.7740919947874185
0.7765918535737902
0.7783234600267024
0.7793017356991055
0.7805416075756725
0.780437771372765
0.7812692015227504
0.7808862607651833
0.7800466236253145
0.7798967313128099
0.7790249871418469
0.7797560292526349
0.7801416350995561
0.7802411086277019
0.7805082856720208
0.7817033140854607
0.7834908394168044
0.7858484400881575
0.7894637022166759
0.7916026903582162
0.7931682332906967
0.7950872088925847
0.7971967050015644
0.7996614320380444
0.8002186753687751
0.8015647658406364
0.8022922810583031
0.8039389548860961
0.806987095479533
0.8098260957656088
0.8131101729106756
0.8161705720110125
0.819535563060618
0.8222631029582367
0.8247529461956039
0.8266169152536935
0.8283170412277322
0.8285915886530764
0.8287516270268449
0.8285165464702126
0.8283172459996182
0.8280322247084682
0.8279429315015887
0.8274880778558533
0.8267103914881438
0.8254482820387423
0.8240396834626308
0.8226749405073069
0.821038342132927
0.8187777363508557
0.8152717443323391
0.8117571495643505
0.8067925068436654
0.8020553474210071
0.798221883789845
0.7955019027816892
0.7928876578934182
0.7923033138502633
0.7922154111121509
0.7917320574690837
0.7914769015739543
0.7910840968574974
0.7917260259983093
0.7921821306383899
0.7929221800858522
0.7937275283077981
0.7952890302452568
0.7956054396938035
0.7965720118995817
0.7966940873310565
0.7969229439739031
0.7970521126342702
0.7970789078877382
0.7978870489413366
0.7993831703535559
0.8003706554561513
0.8012022611394317
0.8025904083963047
0.8040726216338652
0.8053136321595471
0.8065997757060921
0.8072684027709478
0.8087127100601105
0.8101677573266178
0.8117362653149225
0.8133911756365672
0.8149237107730226
0.8157185722777338
0.815895652977225
0.8162342930842083
0.8167397869432237
0.8170385728975618
0.817661175116337
0.8192034944318783
0.8211903187333467
0.8223488514249181
0.8240377329814882
0.8249636232425418
0.8244828134511074
0.8239221695419925
0.8241133814225133
0.8257258460108251
0.8283716527285182
0.8287345294444509
0.8288199665566612
0.8283560132417149
0.8270127269314015
0.8248844803210367
0.8224754976183745
0.8195095036684598
0.8169470765331949
0.8147473640323544
0.8130601170639921
0.8113962421428819
0.8098103144695898
0.8075399931946872
0.8053098174390539
0.80326857945
0.8012413423114566
0.7995107571561281
0.7981109867865966
0.7969744046231946
0.7962583300756257
0.7967848737769108
0.7979019872886973
0.7993535961631855
0.8000157754238647
0.8009258966951026
0.8024083043434418
0.8040269486468825
0.8039655575689263
0.804651643415606
0.8048606056564784
0.8053869506015392
0.8018083603112423
0.7968357651868897
0.7925298647391728
0.7891282821139559
0.7861449899612428
0.783728107507379
0.7786951353328577
0.7727793297885108
0.7687138625311533
0.7658798096147712
0.7645919765614511
0.7644082474393131
0.7645217285357812
0.7665493993664809
0.7683541191372688
0.7709482000081982
0.7731264988711595
0.7758215857224657
0.7783798561087965
0.7799640088935894
0.781432670565616
0.7812615680754368
0.7796466140316873
0.7786297720314875
0.7781583750654818
0.7748244167163252
0.7721735165394559
0.769765856732155
0.7685344813169916
0.7678916452678344
0.7684050858831037
0.7690719805819052
0.7698708535222595
0.7704044888275609
0.7672582658810785
0.7644617681791968
0.7599265529345733
0.7570767799241201
0.754937762936641
0.7533803880454581
0.7517085736928208
0.7512409616418517
0.7514164605084774
0.751482732507769
0.7514311627021788
0.7511127886329092
0.7471274922433413
0.745481480601907
0.7451447587032954
0.7455108086201758
0.7469980820761973
0.7491833834980907
0.7514358826517913
0.7530584046343342
0.754242193893976
0.7552114400329296
0.7574924894561116
0.7597030790843643
0.7598037544129228
0.759362023506306
0.7587036970165183
0.7574005062340079
0.755746918330471
0.7549876262658032
0.7541124418191013
0.7555471958703224
0.7559516699477767
0.757575231467034
0.7576900536606812
0.7588561110224709
0.7590962901372214
0.7595728942111901
0.7606222122195982
0.7623641035680611
0.7636776363873609
0.7645528050514155
0.764870691159749
0.763852048921766
0.7630350074348591
0.7615553685728674
0.7611185544988431
0.7603401700130794
0.7592371051225094
0.7579555636766618
0.7573378932035908
0.7552785731701993
0.753656844436362
0.7514032075540585
0.7490719818796019
0.7475395329162177
0.7463934832449499
0.745109085996221
0.74243172776339
0.7406311487842501
0.7389754499159389
0.7365752989789823
0.7346994376462606
0.7336887495763265
0.7332285888563027
0.7338433369064877
0.7352134863438226
0.7370532478493179
0.738418345359622
0.7398416581181163
0.7411430887170316
0.7427018876281504
0.7444327808277438
0.7468139573208911
0.7494874322802431
0.7530756695520664
0.7566927275750417
0.7598737887557298
0.7638712079207303
0.7671218736931146
0.7706648244885446
0.7737604648729987
0.7766339783969565
0.7791255880398203
0.7814548229344171
0.7836676560748282
0.785659881986898
0.7874272839834345
0.7889269669040949
0.7902018696055172
0.7915563393858951
0.7929058043317851
0.7933871137489422
0.7938284474036484
0.7943285034267537
0.7950350353781155
0.7964391430781065
0.7978384628500108
0.7995818796116626
0.8008141710775797
0.8017747008316646
0.802700852297712
0.8031471738310988
0.8033273078135239
0.8036029891478742
0.8034762155854416
0.8031019077556618
0.8027505275940419
0.8030102563221758
0.8035741818728728
0.8048626648185081
0.8061117089203099
0.8071067622516347
0.8075130356756766
0.8079828419547895
0.8070877760885804
0.8063988392836592
0.8047118373788352
0.8033401099225368
0.8011168032714443
0.7993244884007585
0.7977271758339582
0.7953509888261611
0.7920218997740446
0.7894688970335124
0.7867896625187518
0.7845298648273499
0.7831841593632557
0.78220668306923
0.7818542541770244
0.7818160014112576
0.7808067755014081
0.7805374077593668
0.7800095054993873
0.7795517724093619
0.7781840017408096
0.776282029512424
0.7742919594209354
0.7725933545936602
0.7717608306369746
0.7715834901881476
0.7723209089290329
0.7736570096101031
0.7746864425395528
0.7768816429627641
0.7792993191429509
0.7816052704030586
0.7827227714324061
0.78375080110266
0.7843089370533906
0.7841900722400504
0.7826226438050545
0.7810694559486608
0.7794944092700725
0.7768084612735883
0.7743466973188657
0.7714723186886695
0.7696496566439612
0.7677307075290049
0.7660753931293106
0.7664760235036663
0.7667339880372969
0.7679547331062363
0.7699615512730809
0.7710516486965465
0.7728605864891706
0.7732165911285277
0.7745412785536758
0.7752901595795114
0.775349976538259
0.7755209142856606
0.7757241264978829
0.7769434329739068
0.7781187011940863
0.779010617651358
0.7808309013472263
0.782356525825161
0.7824391841279613
0.7828579823095657
0.7823095539296873
0.7826967615597846
0.783358683615618
0.784858490530813
0.786111133081376
0.7867142322539666
0.787805128994976
0.7883901316451583
0.7883284516979812
0.7885931975927637
0.7889276218682725
0.7898293623413045
0.790142815757977
0.7897334702388983
0.7900349982828112
0.7900286208554838
0.7904338444087461
0.7888896720970873
0.7882204148407482
0.7879564073659275
0.7866434867139959
0.7865314971181336
0.787539939590974
0.7885114438010574
0.7890666621306711
0.7878037345070145
0.7863080080375162
0.7851976357715756
0.7833594539696495
0.7820663443648245
0.781828345837555
0.7804229553990445
0.7788469874724745
0.7768252967894541
0.7722088289724827
0.7680419209896613
0.7648102604407148
0.762130338041442
0.7602826332420487
0.7603488884749519
0.7608664560621425
0.7619462501428262
0.7645285778898635
0.7670832446380932
0.7692179209812985
0.7714501700373195
0.7734242525525604
0.7744381047505867
0.7761530317139199
0.7781599276948017
0.7799174901005222
0.7818418071094329
0.7824488827015679
0.7831939377979092
0.7844295125059061
0.7858685623491765
0.7870976886207678
0.7890325768713864
0.7907028084396118
0.7921829287274345
0.7929059919428502
0.7932154644289595
0.7933214567078131
0.792598355732075
0.7899927347721368
0.7881579744219703
0.7868796864385961
0.7840840162385363
0.7812879405942612
0.7792424844016768
0.7774345284469965
0.7758711478338701
0.7749511995951386
0.7738150594636999
0.7722884341776778
0.7685793762995888
0.7667721742142447
0.7643314452103139
0.7627467868642382
0.7617487811324706
0.7619813785753794
0.7626094506480995
0.7629617569727306
0.763406893132193
0.7640187226993318
0.7635169077648611
0.7629877890497957
0.7618697636887172
0.7609650137226275
0.7607120259246407
0.7614013203117223
0.7625181494066459
0.763855125360404
0.7643476116598107
0.7656871604339521
0.7673884042758601
0.769507346107241
0.7710572708660545
0.7736084174866633
0.7765997566674533
0.7772696277379181
0.7780113715345012
0.7783969845284
0.778174049872559
0.7774135223982364
0.7769166833213431
0.775011845539045
0.7729710541737678
0.7700710580876333
0.7604866156956478
0.7509806460999593
0.7430182859391398
0.7371242879221356
0.7320831437441125
0.7282827514421899
0.7248958158140485
0.7225499505150448
