0.014434453557222797
0.021139620821794724
0.026541795537752436
0.03447812387116415
0.044179353046754466
0.05567240511459186
0.06866024380089869
0.08359821666874179
0.1004083721729429
0.1180360667241877
0.1361018430573518
0.1544240328877911
0.17283058694055087
0.191242854158803
0.21006861432813767
0.2295942184763473
0.24993059562425968
0.271451863286165
0.29441714826161186
0.3192083021271949
0.3454420268485971
0.3726945405667075
0.400528226724033
0.4282359805082967
0.45532869697772166
0.48147971798786116
0.5062260001361417
0.5294764512232871
0.5514236943457053
0.5718326061104586
0.5911192955397125
0.6095381355060795
0.6273023298730109
0.6442511570524436
0.66063254188858
0.6764787243373818
0.6914178829782166
0.7058160336905085
0.7192679219712977
0.7319681039662054
0.7441626799887
0.7558020443272476
0.766875240068966
0.7778671843011096
0.7881856681121225
0.7984889277450092
0.8083930179956827
0.8183746441787286
0.8278868786684047
0.8364150829917452
0.8442474085332137
0.8512846257663405
0.8574046932096957
0.8621570269438906
0.8654608532406926
0.866674377230626
0.8656672127678394
0.8625133031930636
0.8576655361339808
0.8517924358449241
0.8447240145421964
0.8365671666741441
0.8272447237719133
0.8166536701293685
0.8086471399172732
0.8012627321834676
0.7940514139155042
0.7872828048611453
0.7812846828234201
0.7754367934412648
0.767768614042169
0.7595346621383271
0.7554873185049301
0.753589471220174
0.7522399817057724
0.7534491394521635
0.7533946858455526
0.7532563600340695
0.7527515460131242
0.7518367320656283
