0.44159190933121395
0.4168030938133457
0.4245240581350106
0.40343696074174784
0.38248735593991207
0.36620563293290936
0.3681789949822619
0.3423349429422673
0.3219583036368986
0.2991994446615374
0.28256292076007805
0.27271591165430786
0.2605796126773169
0.23706335942831896
0.2266300886689609
0.2105033987927401
0.20545092506871954
0.21249298120292887
0.19314419221188983
0.18583210214843682
0.1822487628157849
0.15522419848104652
0.15103271869727325
0.15650142577732412
0.1393289528352632
0.11685109223486023
0.13376832896618157
0.13571164553745846
0.11937704210320732
0.12065750916717721
0.12390183140888672
0.13066988382297579
0.1146032603432357
0.1142416351065379
0.11312217421891141
0.08925088130616898
0.11479558768976716
0.0872739261368819
0.08529085811539727
0.07558989278632089
0.03891535241451333
0.08779677396175084
0.07219612828136662
0.07924552348758462
0.019146714636689766
0.0665536920252719
0.07202558427643474
0.05444951797532349
0.04950071545637724
0.07532008485307717
0.029834065826153
0.10531875559433546
0.034612900717095996
0.08387155484732756
0.05211649604736479
0.0012309739177778223
0.03472555209604028
0.05273117318700221
0.08374749956561106
0.006882956930278905
0.020998707319964838
0.019553785291007042
0.014738758261112372
-0.02564801399369465
0.07863550642588346
0.05499110632754256
-0.005753809976515756
0.00603152224012421
0.07548944912875732
-0.038999889548475886
-0.050029772245913096
-0.019094490907262562
0.06495412657020944
0.07243050969617953
0.0743663443642294
-0.047159348185847993
0.05622959461768895
0.028604058727825066
0.02866735185049768
0.028005600970644084
0.047096629331521145
-0.0225373769298306
0.0707339374715667
-0.06791658965436165
0.12411910342908755
-0.041197616741108334
-0.03327652661506364
-0.14789947263193248
-0.05261813533784432
0.15941507588100184
0.06963531454132837
0.000600975676911697
0.08890163074204438
0.049107493625286214
0.012549827402154767
0.03350332822105573
-0.0010035066487841249
-0.12370289955093505
0.01960005512664109
-0.06737461468145745
0.03681421553447145
-0.04968062777455118
-0.18935141285685086
0.01162551014351515
-0.008509627621330007
-0.049246621099107935
0.048008194711329166
-0.2646404713074234
0.13379199670069258
0.12135846118089044
0.05122649094651721
-0.03786642027733944
0.10269783813402811
-0.024469897181746414
0.23539405584174117
0.14278271733684883
0.0024618129407257827
0.1148384009738076
0.0829554992850714
0.04350303210479134
0.012993563690384569
0.13519655221455978
0.088204082142253
-0.04743141636866144
0.06680127608086056
-0.08171836483409811
0.046418498807750785
-0.001366576552535692
-0.014077945839223505
0.024840467085273155
-0.00889785746831151
-0.0027761645047238437
0.08249845704870684
-0.02834430507058805
0.07564232791168718
-0.03106968993662551
0.03802511503115463
-0.011623166009140595
0.13983672288790588
0.07930958919790282
0.07241417307817483
0.05039086716737945
-0.040550411481520277
0.10254348143730369
0.041725927261818785
-0.042429285461245136
-0.0201489841949144
0.1154959302926693
0.08286217642001631
0.032098535637477166
-0.059191547698174474
-0.0909187520598439
-0.06870983463740687
-0.006682235590852459
-0.10473125074267187
0.11464664372333688
-0.04052314026903436
-0.0487062068184162
-0.19139401801482714
0.003467978419349871
0.1487387292700343
0.0036384656703800644
0.03482005542600686
0.0899024543283698
-0.05732403908001249
0.0909671661753444
0.12075302615522393
-0.045881392377062125
-0.02993508760037311
0.09103868037170082
-0.1152139779409086
0.026386874000304317
-0.0024242178361141287
-0.015369652686932689
0.031698341946949316
-0.04728257094752086
0.007049295197454453
0.00016816440469069605
-0.032849784843841934
0.05648430087574302
-0.04216363744109952
-0.1196718207386126
0.06907096324327083
-0.048072954168287385
0.12427206989363249
0.09930537046757693
-0.02262731221601011
0.08482490439674634
0.051748502136101326
0.019340162617900725
-0.13875662548407885
-0.042713839125723574
-0.06168734009916588
-0.11676922816135249
-0.2122518224755383
-0.006551949006376567
0.013947029147804102
0.06466816237063289
0.10137418075762755
0.13076099283754583
-0.0691972458215544
-0.10546643323535998
-0.027587830990000062
-0.05572734134073076
0.06259266130206165
-0.04931554520064496
0.09823050923546384
0.01600881998006176
0.043896958079615356
0.11707297822378909
-0.06499843125898486
0.0374894511562901
-0.09348242586843214
-0.024261315432536956
-0.0853485115158209
-0.011734433314634196
-0.11558793798710687
0.07823325361788169
-0.05466515907173941
0.11491970466102047
-0.015357471352237306
0.09061155831315593
-0.09040867666950625
-0.08050457945923906
0.054119643976315523
-0.21160131358065015
0.08378630371908824
-0.056747737583352054
0.019829239488423134
-0.009921922222054902
0.09478786767541081
0.08666696695063852
-0.03199777710826024
0.09785068162833555
0.06859454715823354
0.013012829449748076
-0.12499065745551607
0.07000370245535381
-0.04403778557844107
-0.034658107816404216
-0.11788652484834583
-0.01274916149448646
0.0041183237661669425
0.04852370587447763
0.19619859624977964
0.05796383558246826
0.05118663993193279
-0.06396432527338836
0.001729457474102969
-0.0035984258301092753
0.06356426091271711
0.03956226396445356
0.04852318157109259
0.009635998451379746
0.010186838248937513
0.0629402082009834
0.06251239282686616
0.010302199654990574
0.05298202272787833
-0.03744161390893519
-0.019821386703925747
0.12169990210428405
-0.009401559755813471
-0.07150334130974634
-0.022316873161831063
0.051910934328251224
0.04309347661129259
0.029521811477981885
0.055587156557324546
-0.009191183283021487
-0.027742765849433693
0.09180410294668528
-0.028797840351678095
0.02349861672530501
0.04150826196057833
0.04497377903669347
0.036940891533695064
0.028181894697917376
0.011004872738968774
-0.010742741086439134
-0.16709734941686405
-0.0788145080563809
0.0408174242006078
0.07249904706585653
-0.025513346589471797
0.010401231500327845
0.07369874925146858
-0.14082082434921894
-0.3175136870714059
-0.11520901271684991
0.01301418606477206
0.06608311897634184
0.01606209654472096
0.21363934753245384
0.14758839408683788
-0.006018336844675232
0.07667776854871677
0.17390594415865418
-0.022554594601568057
0.060117602304450735
0.0006667871831911865
0.06325455893332665
0.02774695620040829
-0.03965857991442567
-0.07874989271373978
0.05723341791592329
0.09375268916326657
-0.037994295820178436
0.09884609514433579
0.09304381033901643
0.024544723535753155
0.09972467171457555
0.04609682885934796
0.0463498735017952
0.07095660234411688
0.013462658034671893
-0.03751877913469648
-0.06618612543750035
-0.10016181541130853
-0.040310229843911305
0.08053901258001206
0.0089115569615012
0.13656728472232055
0.002197095782950409
-0.1266896911206825
0.03316344418503692
0.11167430585517091
-0.048441035364163554
0.06675481995844479
-0.31824398047342284
0.05721118972276962
0.060013158970957325
0.03512156670931943
0.1451106703123296
0.06593963643545692
0.019906650388928082
-0.023777158361801054
0.05696262135720892
0.148867734855402
0.04523799758224761
0.026650703850615465
0.04495536479151918
-0.04956913045167455
0.0019219088011685481
-0.04773878125429443
0.06968458323460902
-0.09529278902534499
-0.09670083755124548
0.06904287412020332
0.060936224920778714
-0.06773189112762446
-0.05698822003883919
-0.12399873034158049
0.11306484479073786
0.11579959451460875
0.02260082399848662
-0.01352114741981647
0.004470103813936255
0.11837383116819317
0.13246739511763927
0.03780224222733769
0.10870675717922978
0.10530407976720968
-0.15136728664704735
0.06895571127697125
0.03401907052634534
0.011369790069099384
-0.03408141114199614
0.10212218905552123
-0.01771018748967601
0.028316927547812787
-0.0037559677177351203
0.011035552941541238
0.012167012486639872
-0.03201607677419038
-0.013588087722739561
0.08711533686193756
0.09807667222804772
0.002834187198354876
0.11338459089024822
-0.06347224233302551
-0.21830242168461134
-0.10759813166345089
0.10161020169295104
0.09020413255093601
-0.02585231125208831
-0.09574623948377281
-0.02555078932100563
0.021898161379399483
0.12132229643230596
-0.12273264389150518
0.03981384312631975
0.10410671070845406
-0.017580193539542988
0.02141775934373269
-0.05774378179000694
-0.12546349810142943
0.0018943661272983747
-0.30858854074056496
-0.044399061314296495
0.18265635009347914
0.07803170333096227
0.09865233133310614
-0.011155218667843081
-0.08685167690893392
0.07050702872328746
0.03442500110486996
0.07305527135364998
-0.1637550517344447
0.045792755192399226
-0.017048934464709342
-0.059839504187071624
-0.03952578485966396
-0.007371427741127756
-0.06742658744136099
-0.23362715700891035
0.052428964688591095
0.007955486699437797
0.11636434147557345
-0.2282361492703575
-0.11644946273968615
-0.15735652605793526
-0.23405467007899727
0.039406192402610396
-0.262915291876369
-0.010386980060115292
0.07794681025430711
0.049388688555444094
0.04987937643598933
0.08479965233753628
-0.08215541392602332
0.027868633521654584
0.015384964172109772
0.045297527837129314
0.09651511256334233
0.10385452266461004
-0.050179505501269484
-0.01444425172291608
0.014759372637332013
-0.03461308171273214
-0.005040847966914841
-0.030806740334684446
0.11241048014734534
0.14853972362775292
0.12607373995982807
0.004322940920080565
0.10166465552982812
0.09953055923248944
0.09639623261350277
-0.018845824332945238
0.10119672470076468
-0.04378370582230473
0.045061360758637925
0.0005796703464689967
-0.08558424514029994
0.04039135136640054
-0.0351177804945334
-0.12608552749824609
0.0782777069167549
0.03301227539805862
-0.007475771455267899
-0.03871799692919131
-0.14229621579865614
-0.06144945063354568
0.12393805601543939
0.049536072203826165
0.09341114865358452
-0.2970675462418305
0.20050646180641124
0.08762711588838246
0.07744174688794647
-0.061209611806277264
0.08676159281541646
-0.025718108871407797
-0.17056253711367453
0.017129729994438014
0.03411872369324609
0.1363049235417923
-0.02986283390718436
0.08292279709026346
0.04620161185039673
0.1342195041992112
0.04774718837710851
-0.009586146804911544
-0.10473680611817726
-0.016800495203034616
0.1123939326981857
0.10981159210573255
-0.1603562316434496
0.05210887421221222
0.05417969847286791
0.04436283676429381
-0.04350301112307864
0.07638122653060347
0.01601747321575331
-0.04675363104790775
0.1691179093060194
0.08142562011964777
0.12634265307199732
0.12650117716352638
-0.059971555932104126
0.0928847964071251
-0.036701355833073435
-0.05445353723150803
-0.08042161789387925
0.1362621948101264
0.01756106916075867
-0.05786479054046989
-0.052478401664911245
-0.0012219749712589767
-0.11078125274620843
-0.09368005854019867
-0.15234454518384088
0.017770134999756715
0.025910674829723535
0.05627469419173858
0.04635371146987344
0.02628725114347935
0.08797372888586708
-0.09871975188688487
0.0011290089103025425
-0.11445073995039867
0.10913539725879395
0.14556756543631555
0.014641150150120685
0.0983177930130884
-0.0368361781624168
-0.10608563584619302
-0.14920142974728612
0.05668618389735647
0.08713552890589865
-0.1238262389410012
0.11834962903366125
0.008113970260526404
0.13194422063230266
-0.06375903370551328
0.05247821060605701
-0.051318843759981636
-0.2700144615094814
0.05317051485877233
0.07199154947954073
0.21510990562328047
0.055653793171926424
-0.2943188468867072
0.1188099957460097
-0.011593528707528722
0.04318728595442334
0.12182946016563756
-0.11069414756951568
-0.02610748027149934
-0.10733106231042955
-0.012451081160882338
-0.17586719634335946
0.1297635407950014
-0.045807912860351796
-0.15706043144233284
0.15937933725828873
0.16693948588493773
-0.12846127393682338
-0.4256531198719372
-0.19704818080550335
0.025887899088745503
0.044393916801798605
0.12470399236982566
0.08836084817767953
0.1841649074192589
0.03451414357194943
0.02394594180794196
-0.16236906331329637
0.051879227927039584
-0.02915761149772622
0.06718378725643642
0.15119169236487823
-0.03096475041162039
0.09619827415696719
-0.05028517365547247
-0.11204403394750795
-0.05176356563722262
-0.24985913347227195
-0.2457328003244803
0.16501124049737187
-0.12186494926998614
0.0944712093810221
0.08843758851080658
-0.01091004993858824
-0.014076279311078799
0.17610516416993188
0.15908789282654962
0.08303942433616301
0.08766989338124698
-0.0549570795986144
-0.000256204707081209
-0.02865143237969614
0.005964554135009736
-0.015836732979627066
0.12429330827491891
0.03005298466848977
0.1178212272593529
0.03361755911496689
0.10259521519593917
0.05723023192419585
-0.009106593718937184
0.022391868031521656
0.13760505624370323
0.04556446691034344
0.07190900840389947
0.044124690330002436
-0.009214069157325588
0.12788520866480935
0.03430393721247421
-0.05470674381539875
-0.0010488616835214737
0.031908782387512824
0.08202542516291544
-0.00028284572844061717
0.004882505801306725
-0.05829167561635651
-0.10783786671097728
0.0088368917364256
0.10283235525961348
-0.0454593832471214
-0.05382427892516606
-0.007933181045783444
0.12000962582064595
0.0780714252942803
-0.0483345118916374
0.016355178261032333
-0.11169214351214074
0.026528493168053335
0.06643069685525216
-0.1048586013914109
0.01625376525988248
0.12245111660972202
0.12103385012720114
0.18895184750414923
-0.011857997916286611
-0.024942298169722488
-0.04666764409442914
0.055172322493227566
-0.10894628492416603
