0.03646998092886511
0.026668914206562196
0.028114391908281036
0.030193563504625577
0.03377120187057195
0.03898945276972047
0.04553060653055202
0.05287217003635885
0.06006641458450647
0.06727678858409941
0.07446795779539385
0.08194666534292824
0.09052971995105574
0.10120688759939772
0.11416871851228905
0.12971604456376706
0.14798746800888826
0.16863718278506892
0.19134192118982626
0.21580244166959084
0.24175748767147684
0.268864836789268
0.2966201531765545
0.32472465264060885
0.35309741427402447
0.3816177835273095
0.41000596410152723
0.43849315049276893
0.46681640022208587
0.4944894427213632
0.5214290314231833
0.5475142817815166
0.5726375958240854
0.5967622183045527
0.6201744494759928
0.6431261474760748
0.6655115603022344
0.6872497830197047
0.7076361032349794
0.7267531024929041
0.74432965453493
0.7602987989204134
0.7747500789361544
0.7878450710337211
0.7997972982645343
0.8111484903312439
0.8219062914231723
0.8318389334423542
0.8409431071463703
0.8492070497711609
0.8567782011745568
0.863718976582613
0.8703640018730923
0.8762027766254237
0.8813650533998326
0.8852945085034056
0.8883250982089528
0.8912748284836749
0.8942702484192514
0.8965772215641223
0.8970762572424732
0.896397165911644
0.8945894239522355
0.8920485861284394
0.8880720130447427
0.8838777840897817
0.8787789729827484
0.8733240021750651
0.8677257768971206
0.8621462305033795
0.8545309903507162
0.8448286873303076
0.8359651474766391
0.828785207253447
0.8219679598142671
0.8153588836898923
0.8092873653892123
0.8047750374920065
0.7975256465835517
0.7880385045904187
