0.43346363900474444
0.42816485386914505
0.4152485525019122
0.3878775273272147
0.38536091301036585
0.3677591398226543
0.3464746097023705
0.33576998377891104
0.32299885770063086
0.31421811930161603
0.2952179350499036
0.27118712616878266
0.26127336926306766
0.23358389931597023
0.22897993597106064
0.21742740928820442
0.19934065946879725
0.20303261882704993
0.16613435308462993
0.17828512229637672
0.16153407051180257
0.16710109745756002
0.16169969589040534
0.16840828828332793
0.16240992164914037
0.13073160271033246
0.12767360876978673
0.11765638837053721
0.11297650525186281
0.10458969219576958
0.11483786625806014
0.08736617993648982
0.09222832876717352
0.11017223250534691
0.10697557675590119
0.09498763975561991
0.06918931952387525
0.07479911031253456
0.0653560582153489
0.0671724079324405
0.042105885908845564
0.11366509091019156
0.06137955238631998
0.045600903985609564
0.08106053744620106
0.028493565626611095
0.026886530233619255
0.0804519190153698
0.027820165394920826
0.05094338647176716
0.03468974719335011
0.10206999119956844
0.061751046062517356
-0.024140899288946027
0.07274320888048186
0.06602300199841993
0.061121785960550956
0.020925180910745744
-0.031081341504850313
-0.045357145571871094
0.04194310088594544
0.10257057515961943
0.018964340569593452
0.06298935322232807
-0.00875967587512183
0.018377110564367916
0.062307092079270654
-0.003619466921248704
0.022815211440366412
-0.002455475506864868
-0.017003485330656765
-0.04409340868699507
0.053735742628226946
-0.014516179325290257
0.06104733561363812
0.05539073825646257
0.060282843531901664
-0.022115418048467284
-0.05203737299664968
0.057688760400826045
0.006011683162029491
0.05287719088460413
0.023016747310878882
-0.028432917858961848
0.04696492188043355
0.019979694629619127
0.03778334235395281
-0.13294276508134628
-0.05600748340437378
0.009733487131580398
0.15010414675686173
-0.03171245960752633
0.05034491942964703
-0.04285203301348084
0.14832473044437505
-0.0977926161571242
0.06640309984169446
0.04318426034171552
-0.06545058433546513
-0.05430796257145942
0.057329465633831955
0.014671950463774008
0.016487831281182308
-0.09902773164301826
0.020327689666232218
-0.07992963192368208
0.23497864736683072
-0.08573507190872665
-0.1973610093116428
0.015977466429136777
-0.2004204375828571
0.048814343756681644
-0.021748471815552506
0.07448318048142388
-0.0958748115535164
0.020490169533332048
-0.11063595355120337
0.08895342253686672
-0.04343579655406693
0.05023637197037312
0.07562153777348884
-0.08305733888713018
-0.057530556909472286
0.07919315088801043
-0.10557684645798016
-0.14696470414857343
-0.18294978895929126
0.04300218481441287
0.08887628287818866
0.10317043007113486
0.061277924009772555
0.014636037546846448
0.02302257149560777
-0.002538417896049805
0.03741654777761505
-0.04596160772091573
0.0678048763279987
0.09583014205989526
-0.008593770262287359
-0.04253047810479982
-0.033364054538125965
0.14410476203841555
0.05042888023522235
-0.010775636002579247
0.1654062822774422
-0.1410540796837474
-0.12265454338055193
0.03089085046888934
0.11207387163296101
0.00393034235764983
-0.03196919220663463
-0.05060352461701567
0.09868977465219608
0.016002320710812923
0.04447202872544498
-0.03635989288654218
0.06462557614283587
0.012342947218351996
0.04246323269322655
-0.010656291485236835
-0.0030883265917168723
-0.1579316609055127
-0.006265075033793588
-0.030945421590200195
-0.015514836909884977
-0.0833867034648178
0.13231093349610717
0.034302763117644075
0.0294348243454729
-0.053143242872719654
0.1421945896020334
0.018078780845174725
0.11042639557972145
0.09373147809444038
0.07478768497031252
-0.008760647274107414
0.05929320537702337
0.04730925242807993
0.05152519001424777
0.07850807122204256
0.02881042517441773
0.02823870374254972
0.02507005947118507
0.03768069330265439
0.12490414270134159
-0.07791184611204072
0.038768730781430394
-0.0025889871238901074
0.036792345710631
0.02171987938080222
0.07734564482072909
-0.10470627619873618
0.019330986412042783
-0.04313125954774777
0.028399357596116503
0.049793204574879735
0.045318866936318314
-0.05103869428230445
0.08714299190419317
0.029133168104014062
0.021253763371316736
0.002020880645764167
0.008293389029175757
0.08024598338630451
-0.15264112923793238
0.05262114393539613
0.014061364257282882
0.09873724949066337
0.0920297182423378
0.08557894131080507
-0.029909929278640668
-0.08940329925484436
0.11010275929331964
0.008854247053551811
-0.031183844870554367
-0.00988074911771386
0.03431798653033852
-0.05397268374072195
0.10413663395617972
0.1001784263722616
-0.07343978182715871
0.14519160138392484
-0.08551787511863518
0.04407822827342517
0.07605632909875876
0.014498450749323821
0.015124511352085201
0.10362272731133282
0.03328529143106812
-0.26452533633757613
0.01364223989426977
0.01384490993964671
-0.16676478104225245
0.05070521629459879
0.0405190713965482
-0.004914074358455145
0.12239912731850694
0.12162422372301629
0.022249895603887238
0.13906626338229838
-0.03532826284859969
0.03718310548729675
-0.034584804619982035
0.012477613632726203
-0.09019261739185702
-0.11516535564185615
0.06696634408238356
0.08297626839265743
-0.09745665427825434
0.04945411304889852
0.03424258719426121
0.06642894480618972
0.0626502255844481
0.06439954103454093
-0.04835234598330784
-0.15566388555780097
0.08008968385429666
-0.1320279251987887
0.06615766193745332
0.028738309449385824
-0.44904842828498204
-0.08722433860434287
0.12179857817814305
-0.06318722465958304
0.022522943555658037
-0.23628903537704848
-0.008245889939839657
0.07330822224745814
0.008136147678595718
-0.05504007097457664
0.1459552900620667
-0.3019200818381369
0.06462488749629575
-0.09924313392568751
0.17188669776137305
-0.007251406845654174
0.17162043440479163
0.20993366433669924
0.2103094190864211
-0.18694415979695167
0.06821911184388779
0.03773602325013242
0.04137168364449717
-0.13714898563638978
0.013827672747905362
-0.05607760497908587
-0.09390546468208016
-0.019375265098179995
0.02157570423517613
0.03166665604455815
0.022367781683468035
-0.0822977723318995
0.0390277606764865
-0.08126771863097992
-0.02529415054361639
-0.0177887042685263
0.18738792910935648
0.0902104170793449
0.09746823676960187
0.0442347075318385
-0.0037678334093368404
0.045516548228706766
-0.09199106749435715
0.02097842950295986
-0.032201210781278244
0.05385247955434058
-0.003636286269572464
0.06858758827041389
-0.07420577119673866
0.07258015904358778
0.13874472334293142
-0.04040165046332922
0.12016245232003392
-0.041695115170396146
-0.028969216769647588
-0.08096231442109914
0.0344307516541798
-0.0023719063735765378
-0.0028248166978762645
0.014887613483215045
0.12744832431390263
0.0699644743612522
0.05161327474588634
-0.04994585404986884
0.0003874418988642492
-0.021616228384694347
-0.025782899137775317
-0.023934060242203126
0.016381450653517537
0.007694900370832092
0.12712732917763558
0.0645841319054985
0.008816762169983339
-0.01497068769225074
0.0021107753829045506
0.011192779499749672
-0.031181863996942005
0.09855624378274369
0.09046221887263467
0.013834357679929132
0.051808672362756214
-0.1235287988551017
-0.044769505168768875
0.12511558302313042
0.08831680081615767
0.05553415697610503
0.004526870118044479
0.04555420435627633
-0.1200596901858314
-0.13395658743893257
-0.03644397034841873
0.0626220414791413
-0.08477627879418492
0.17213539944025236
0.1444961400387893
0.0676610874750222
0.0063305965984750134
0.08344724365927614
-0.0217315550718159
-0.15367883454758946
-0.21111577249407698
-0.011668267922197995
0.09487211880678215
0.05921271896752994
0.14882618220912502
0.11487483035811796
0.017524333072676535
0.11232197200717553
-0.015936234434744234
0.0057119230108789165
-0.004224227034437145
0.01065957302837739
0.10217828072969853
-0.05768346669118085
-0.13708659159588954
0.04087156886012938
-0.0696164464651492
-0.10625025660375265
0.028070576963121374
0.006211860031247574
0.09057768622900997
0.014584143885990886
0.1294327886645384
0.10304945170488522
-0.18400329838092777
0.0737117106556181
0.10998965546858519
-0.0464740198419904
-0.06279176661069763
0.06382285199598298
0.1497138302297465
-0.2763184109776261
-0.0197625340641987
-0.03735876980950126
0.01905538023301334
0.10424259291983717
0.1282294738277619
-0.03988776533693861
0.09130740234215073
-0.1118298360754546
0.03401507684962585
-0.034800224133805235
-0.08553498924137215
0.013126331430302784
-0.003827923470075212
0.10256448512560873
0.047197375218751336
-0.10886097653871873
-0.06558512962545149
0.005874942757109258
-0.014879816206674445
-0.1638160610833479
0.01132208845261451
0.03127418032188717
0.17452320151331763
0.0391527699999919
-0.10933099438273841
-0.055467039541785
-0.18510077848514872
0.07115957116450844
-0.08457954245060251
-0.11401461581159156
0.12034787115429874
0.05001522189542723
0.17323721094408695
0.12678545754969706
-0.1576753609535817
0.18551666616175744
-0.11061039907648462
0.03382046876343736
-0.04390323991382983
0.07759768528842298
0.19346623605045
0.011115178810539916
0.11599191726919433
0.0776334013626746
0.006627110981187234
0.05901196928733471
-0.152963104165444
0.008912703064021199
-0.0025449934462817847
0.015214584780170404
0.08152689550279701
0.09157524464110395
-0.23728419454953598
-0.033445726124153086
0.03321645090279396
-0.007275607314496169
0.0643289700053199
-0.01273270465356835
0.013165898367449635
-0.09253658661712916
-0.05970429491243345
-0.16902015673303905
-0.06784732327947296
0.027875030462627626
0.12477201500496599
-0.0692503212682064
-0.1354809169313762
0.013946839491936036
-0.19137714338381795
-0.06413398417175875
0.04568442198839756
-0.15510743505895253
0.09033197672250826
0.11254873325821291
0.18244438645466443
0.049017350887489486
0.08354667657643738
0.009466639254696374
0.10844608113495119
-0.05085747635202309
-0.13106514791189583
-0.025254159617991823
-0.06419186227804907
-0.1220473666076316
0.12104054860360997
-0.0008620504478613622
-0.19531407512438825
-0.25083646588450237
0.044300121625638955
-0.07784181632119047
-0.026170107552638933
0.14621727969366954
0.04875684699255184
-0.1895329141124057
-0.003213252861479776
-0.030966228888299363
0.044761772218568585
-0.10615188962004352
0.028230133169178273
-0.17652173538075022
0.1332978501764044
-0.2119230019563474
-0.2508263604693002
-0.07739330110711129
0.08911006186829251
0.116666704461378
0.15865445055720712
0.05841802654321265
0.019576335626901697
0.13527078319774016
-0.06418028314521695
-0.15062509137358426
-0.11883125384920845
-0.12652630454457214
0.15392856524424625
0.17847635728474892
0.009540035002256309
-0.0884819419661731
-0.11626849263305461
0.042329974856211705
0.09795776999289629
0.017984913684279014
0.009835632393895732
0.07276222718688002
0.09595767863668431
0.06877886562611768
0.16374558167340497
0.11467101700896587
-0.12998813549372012
-0.017960745953127466
-0.059972517142288795
0.0611316642372805
0.12018830700726629
-0.04623169541542593
0.004524656394095883
-0.07559948860018006
0.10207357541718431
0.024982781813793042
-0.004677616705084486
-0.09987074686919128
0.05661122049259648
0.10469634973624548
-0.06805728399426292
0.08526519862159637
-0.1479302273650055
0.012561049953167314
-0.031328597082251775
-0.050171750121173364
-0.22729412274385075
0.017493119287443848
0.20107248883149853
-0.053343856554178504
0.0043483300341872755
0.12490854650523175
0.21613108865996472
0.09547500962926747
0.09254435678391632
0.09927828747624845
0.06732180048540559
0.10402948883338581
0.02056816581140103
-0.11970651104682672
0.05021966750587681
0.12572866115125048
0.10238072179911017
-0.08264587582900207
-0.03705311721493176
0.07245445240755488
0.06352740838011406
0.09133017020433515
-0.011003826089416524
-0.09176846601890132
0.089609772784156
-0.05816014640536715
0.026200341217583245
0.013318116463006568
0.19897383025094362
-0.03158021813684131
-0.1610664829782975
-0.004358140568389235
0.014444211835933196
0.01136460261060468
-0.028350363088768593
-0.060690203206055005
0.13779369192247182
0.028021088276548645
0.029231797131207937
0.06300647779921403
0.018476623716325025
0.1230137263270229
0.10783635212505466
-0.064235630451413
-0.0658328161367524
0.18029389458160966
-0.09885596610872749
0.08464278431549821
0.05859318926738999
0.048949575899014164
-0.058323885233566464
0.05281431405822351
-0.006146113288950761
0.024520227709288966
0.10804916842844003
0.06743559146542616
0.002542442950231538
-0.008626929217825818
0.10988761599679081
0.16597150227059987
0.08380283404464867
-0.015685412972961776
-0.003645565398097572
-0.06698352020440901
0.059715985038027275
0.06316663717136389
0.08054899144183092
-0.042296682232168425
0.03145605746400065
-0.06764814629669214
0.027599232996351808
0.0011366613181657548
0.04494170136767145
-0.16131215771858032
-0.0107098489458759
-0.08537491885741721
0.028582777243681023
-0.010808941343668055
0.09959237670396698
-0.028259339038124942
-0.033355074645384675
0.04136938122187167
-0.052426378274960994
0.03205216671746236
0.1423183566332451
0.02350453153789578
0.00409086861316077
0.030712835031808994
-0.008584646693230558
0.06122212501254609
-0.13243357061445293
0.0706108493732398
-0.08941039695117758
-0.01812626650840876
-0.09562561231459588
0.0014841672856701904
0.07699127965356456
-0.05953794229104925
-0.16867151557288707
-0.09025383551398336
-0.010161436289038872
0.06811426323200881
0.11143190673316722
0.08283160486384844
-0.14297773004097702
0.0990788626933275
0.1451942577971992
-0.14229217399776894
-0.00866103794511286
-0.13514958359732954
-0.14575135826893504
-0.038420212983460544
0.06364401557127886
0.02592100729241742
0.07509898051774283
-0.0074345960204771355
-0.1427811477995624
0.05546884061428076
-0.14482095322877941
0.009670148425372449
0.0469404479187393
-0.1313101687063969
0.03575771162168062
-0.17724479543203764
0.1352179664947631
0.12118770683101021
0.056082880731663565
0.14472525307399936
-0.12664860163818314
0.06557357033293809
0.06603285124268893
-0.022737255624680652
-0.04107434704058721
-0.1087481244632914
0.035713454672806955
0.09200240372838792
-0.0548375972107491
0.03307630974521808
0.11961472781593896
0.07012819041754975
-3.687370716598526e-05
-0.12135404337526845
-0.12319044220903075
0.110966887649524
0.02102250227200536
0.03626166011714449
0.04830301378839269
-0.08349172410475969
-0.23998660489811485
0.006249262498139563
-0.056727291054942786
0.11438469864669426
-0.1346665352319103
0.1716428142295146
0.04907550358074814
0.10319962200885868
0.024018580958274693
0.007222397231904598
-0.29074953711729834
-0.28175923144769155
-0.017990104389833173
0.059863736388319155
0.13165060794808842
0.029985375199740982
-0.19641492265672245
-0.01658802334661147
-0.15579006308688315
-0.019959634483237232
0.04630394636698515
0.16233641702153762
0.21711471368561486
0.032519606749283225
-0.0272441781434829
0.09151927819971012
-0.06080558286400961
0.008975980635647751
-0.034324670633274046
-0.0642924655560756
-0.1532174865585103
0.07925751168506456
0.11894790716643522
0.1121982148380754
-0.14510107172083808
0.04643970179512108
0.1413073634657283
-0.04370563626526691
-0.02715335217427095
0.12830182748153945
0.03280332039722439
0.09027572927909694
-0.07907565402224526
-0.04537914303301316
0.10441122322468938
-0.16384859271767005
-0.013829588062066689
0.11072124802565414
0.08030820404142369
0.039241751330358565
-0.07524761132486557
-0.05283980803778998
0.035420369289286824
-0.0361641458014037
0.08477282760065119
-0.007642015694597992
-0.0341898123295753
-0.16098222752902858
0.1382067439521561
-0.10028890590632589
0.02389823025210641
0.023089023383047358
-0.04525983505461295
0.010003900860111548
-0.07001823902204696
-0.22793310860087457
0.163974714911287
-0.08386669761112797
0.14187410029397407
-0.046008572388845814
0.024684558690777292
0.11472044832805756
-0.0771235650211406
-0.12171213229361155
-0.07976881735246466
0.014201741073982033
-0.01540111677054623
-0.012597747325938435
-0.1429981880113127
-0.05183474149333789
0.09169637749469167
-0.06563968346750881
0.040659609666543195
-0.07938724987788182
0.06347868364205961
-0.4749170660124229
-0.1292817547690368
0.07673892158162321
0.11523467260685655
0.08141365978502418
0.08005804950427364
-0.2592591332917986
0.0017210136345793825
0.07050439426426014
0.03563770074187306
0.16192918917635923
-0.02741935058909184
-0.045978394756534646
0.09980502370881322
0.11229613038522651
0.020563891997465722
-0.07859314869333567
0.08019957483645573
0.01740404280845209
0.15423264245330326
0.01900540708157472
-0.020606075267147306
0.03309658168488183
0.1474693501851086
0.0032480247309283894
-0.04218835787148234
0.04667389687503931
0.008155904203276387
0.005736748581952333
0.11961342178959039
-0.009516394318347388
0.015877757601895248
-0.15866001577015754
-0.015080405690416021
-0.01361623684985136
-0.02299521897556911
-0.004172224474991659
-0.03236001189868731
-0.07341823349929244
-0.19749619988399225
-0.15535858366574795
-0.0699218048727347
-0.18616986623628384
0.049933795598905206
