0.04165784254017877
0.03782212564449303
0.029867472592707292
0.024404748656847393
0.02302976028924434
0.026822776889261407
0.033855449418634304
0.042379367177822036
0.05172364026824834
0.062003562223123955
0.07360691762490046
0.0856085685409231
0.0983553923066276
0.11220865110789804
0.12679595147307793
0.14202989493376464
0.15850973848082334
0.17708784766616076
0.19725759382886976
0.2183823043246507
0.2409871145948751
0.265229810005103
0.2909199981467181
0.3180727765304478
0.34591637620304777
0.3737390699652341
0.40158098789485913
0.4291783208572367
0.45605894932348406
0.4821123887105849
0.5066145344866702
0.5294794640305133
0.5512714695941805
0.5715827955000583
0.5914086544431223
0.6105468920092608
0.6286617716513434
0.64628131543408
0.6629328447261454
0.6785454441554184
0.6941514793415019
0.7093493736537463
0.724264989108493
0.7383531889751441
0.7516846368836143
0.7638057813936872
0.7751949596357139
0.7856664449773556
0.795372181405931
0.8036364864434343
0.8098785198768648
0.8170706761593709
0.824427424874741
0.8324930460261738
0.8393008965901784
0.8460576006922991
0.8507143804062255
0.8547972525238052
0.8583177801266889
0.8621872361796108
0.8653045987559774
0.8669383318124408
0.8682684995842861
0.8684956752655402
0.8685985178472483
0.8681233197857321
0.8664646272289388
0.863315878561906
0.8584687641551692
0.853672478567142
0.8463182522890554
0.8374003445518028
0.8281854686860449
0.8210938661613296
0.8142976172063371
0.8086839255968463
0.8021092759615269
0.7971336633618952
0.7894995032751505
0.7811782218856556
0.775127229459221
0.7714234378278861
0.7668517936022653
0.7644323185918855
0.7638120651534951
0.765723059720807
0.7685516197446682
0.7715613609037945
0.7732003531306417
0.7752374558857386
0.7777920238646866
0.7784513968444531
0.779995371448268
0.7813976739729483
0.7828433089554735
0.7840485668286868
0.7852043296402708
0.787246916277534
0.7906906329776173
0.7946067742836731
0.79834494216363
0.801963206381899
0.8049998168127185
0.8059748087292161
0.8064215864208036
0.8065585299352493
0.8054390174658551
0.8051799581027471
0.8054259974358111
0.8063548161405752
0.807176002457705
0.805973849602926
0.8046076256042829
0.802509301247687
0.8017221017406284
0.8012454123469878
0.8002312219316409
0.8002394332767971
0.8017715039272036
0.803738477514225
0.8061905869819088
0.8099587642743535
0.8130608046366181
0.816661519211353
0.8191436385382835
0.8214053499508359
0.8228723259830706
0.824526881271891
0.8259502256547326
0.8278680890397042
0.8301519757328156
0.832108044728764
0.8342275252446821
0.8361851392276235
0.8374504893283415
0.8388880869511619
0.8388384750437913
0.8375894067444449
0.8363996326672741
0.8354507001948553
0.8350272661421962
0.8335328275260402
0.8314459975875741
0.8282012442011722
0.8254922351835222
0.8227474920959024
0.8200672957396014
0.8181266474870424
0.8165343703389666
0.8148168467317193
0.8138371295978778
0.8128795453555789
0.8119608402281107
0.8115424558786773
0.811121888462207
0.8101177902043735
0.8094383446001768
0.8083858645096857
0.8065928730504018
0.8038536716891176
0.8010827444041699
0.7986006103956159
0.7958438456897413
0.7935449377111151
0.792090831642442
0.7912371015582413
0.7893350526130979
0.7876380926144627
0.7852657541294481
0.7828831525957113
0.780656196096166
0.7782374516210822
0.7759422521374595
0.7738933017897207
0.7718832108757779
0.7710124736135476
0.7702434546328476
0.7673925359675898
0.763101461156655
0.7598227488610398
0.7576403875371245
0.7548893680639657
0.7478268877896089
0.7415234223893881
0.7346777334304592
0.7257849795573262
0.7202310559664407
0.7144554101807686
0.7099666593308847
0.7054778405728557
0.7016124825692135
0.6985210917761978
0.6976677801113512
0.6960293481492911
0.6954160743423016
0.6955259541196346
0.6957985832190117
0.6959332736043966
0.697198933730355
0.7002572588704732
0.7024833360589741
0.7050957997181292
0.7077587786547643
0.71185346373842
0.7166240851893482
0.7220618154495296
0.728057305300088
0.7340173440938301
0.7393424877313957
0.7445434659677014
0.7490544796461305
0.7535572385358085
0.7585302778048257
0.7642817703406665
0.7695877151412778
0.7745885246575086
0.7800014249281014
0.7855501920521487
0.7905478159958341
0.7950022066863873
0.7986334061973528
0.8027615043180393
0.8065187210003344
0.8103398660753873
0.8133937092758189
0.814711638038401
0.8158236966091009
0.8163795665582014
0.8157210039872657
0.8154193569247868
0.815018222035047
0.8141899834180025
0.8132291943187463
0.8121191432907691
0.8113660733368068
0.8105629648978474
0.8104403074237863
0.8105254804400971
0.8100677064700714
0.8094138999865618
0.8083828264897106
0.8068351924073087
0.8060877641260499
0.8046792416823273
0.8029050132256483
0.8004917999162504
0.798379798329213
0.7967753262541436
0.7934757638167748
0.7897487656278631
0.7873722872064804
0.7863676949029349
0.7857676703582827
0.7847222124250404
0.7840138457949242
0.7833628684228584
0.7828258462887884
0.7828430681004579
0.782571229001822
0.7831418412117477
0.784745710452
0.7857099956253789
0.7865661088364381
0.7875213865314376
0.7889950793611044
0.7901432514411874
0.7907122137871957
0.7905014020786165
0.7898597544492135
0.7898695916818828
0.7911110469662855
0.7912576516631955
0.7924247157357004
0.7949369785485662
0.7978096968448898
0.8009382474548417
0.8039044398762852
0.8063578833637383
0.808914239161209
0.8101420229129372
0.8109835980503071
0.8112408878258445
0.8109603721709864
0.8111178148504351
0.8107260725991137
0.8103676325785273
0.8106645382323385
0.8105446171872317
0.8116303277375163
0.811855175720722
0.813070504494895
0.8141617776353529
0.815613640566479
0.8174840065730682
0.8192693213662847
0.8210304324373544
0.8228392049353136
0.8254533794934262
0.826391826016021
0.8260348428033217
0.8259458270192357
0.8257341397252035
0.8258359198653662
0.8245943939483035
0.8234759107682004
0.8226745428131321
0.8214335512773755
0.8206673723794342
0.8197625363308361
0.8189964442592444
0.8176492447116608
0.8164217560224817
0.814449002747269
0.8121465363244108
0.8101623482652558
0.8067341799011978
0.8033219701337618
0.8003469061484808
0.7978032412013336
0.7960915223534736
0.7950989956126029
0.7946860305744126
0.79340406316266
0.7924958178681847
0.7919734920538597
0.7905947383126302
0.7896877721134393
0.7903087937740784
0.7900773075505092
0.7907544999588781
0.7920028808800866
0.7939883592757757
0.794564449463305
0.7939338248028075
0.7928411598844356
0.7915487669654231
0.7909400068293666
0.7901983018084389
0.7895885726893109
0.7886504091057364
0.7891282407145753
0.7883434485037124
0.7885106264231746
0.787993507826124
0.78722032130793
0.7869908548063168
0.786598364340787
0.7840156610961806
0.7808826329976882
0.7767907455630833
0.7729908553866004
0.7695802413885333
0.7675025506595065
0.7650138936165877
0.7596852774848925
0.755317498561943
0.7536529897184397
0.7517738045141596
0.7522763751564887
0.7529146345513289
0.7539423348482966
0.7558690388488868
0.7578502560936977
0.7596153916649281
0.7613475878021603
0.7638833141492649
0.7650731692322286
0.7647925631293434
0.7623826182001523
0.7599439252264879
0.7572587801878934
0.7541904815392381
0.7527958911044215
0.7516715081643424
0.7504655558306982
0.7500699347501943
0.7492233464556439
0.7495440520735275
0.7494717143065439
0.7496801359559885
0.7516256166469902
0.7532130230595057
0.7552165334606327
0.7564979874522688
0.7559780050140928
0.7535486199052943
0.7518366223977544
0.7511392821031142
0.748623553514471
0.745036313306155
0.7432599850605134
0.7401052263514358
0.7369809416044987
0.7323919690466021
0.7295322191725638
0.7269437266349905
0.7245647382719088
0.7230925309222119
0.7227781577124657
0.7253529403470491
0.7250268123422143
0.7267193664421733
0.7274450554989851
0.7261094509374605
0.7262032964984679
0.7278079752859032
0.731201738068174
0.7358725595897045
0.7411799850160524
0.7462555868645491
0.7497270544132402
0.7533892073690847
0.7566428314839121
0.7572474559785564
0.7561136383041841
0.7552435839546598
0.7532597204527092
0.7516668895941935
0.750248591715243
0.7491314987990443
0.7468664552287868
0.7431847280230861
0.7410569260170362
0.7407244369057305
0.739048621319958
0.7387252239109791
0.7410088031555674
0.7441658381031577
0.7424294166612005
0.7420198182325288
0.7426819856211662
0.742626898862168
0.7436057051355999
0.7462297848822672
0.7501130343676764
0.7542953752179461
0.7580769494122874
0.7594478881876188
0.7616995173306925
0.7638175328878785
0.7656676962670972
0.7679917322490645
0.7710527324078912
0.775323000256696
0.7795809643886702
0.7825263077097788
0.7855971052043556
0.7885180171962674
0.7912938744841186
0.7933496277710095
0.7933767636899913
0.7933247994882339
0.7934369384585921
0.7938728121473417
0.7930671090804028
0.7926739679203629
0.7897535702909726
0.7878787212925724
0.7866984893158029
0.7857833817678878
0.7848815754089264
0.7845532052029449
0.7842775869056408
0.7838519806451173
0.7837110603312165
0.7847828437769933
0.7848797910799359
0.7846272709132038
0.7830744088507281
0.779805729681492
0.7780453373081843
0.7770945248028157
0.7762053287821903
0.7747941230851023
0.773661271073814
0.770326523191887
0.7682429567158274
0.766520194959215
0.7653459583112825
0.7636724514876112
0.7616244880341598
0.7597373526948307
0.7579537151656954
0.7566134927193906
0.755368810457246
0.7542820570399514
0.7538435417903036
0.7544918772072438
0.7555591868681415
0.7574762487951707
0.760820993574787
0.7644892814187078
0.7677039478712893
0.7710485687586259
0.7725582811836251
0.7749307095394474
0.7771180378378535
0.7782719009670778
0.7791134158634614
0.779043510290549
0.7788003435613069
0.7781362922617657
0.7781728458124876
0.7775697293582541
0.7773911169164146
0.7778278789329075
0.7794758338765279
0.7806181638282382
0.7821865590808664
0.7832631869994368
0.7816636975826163
0.7792750755702199
0.7771455679586068
0.7758849292521585
0.7723774257876809
0.7691899155745585
0.7671060037631345
0.7653743115812007
0.7645249418246052
0.7632108246007483
0.7630000209069121
0.7622967938386845
0.759943071381916
0.7569098690269456
0.7535500382265491
0.7487142208914321
0.746819185923213
0.7448383506505952
0.7407227723083726
0.7392917035910592
0.7357004272460937
0.7330110372591144
0.7304466283782266
0.728689441277546
0.7234998659161161
0.7198699000160181
0.7176574954347683
0.7144927374730166
0.7134073533478732
0.7123899777938488
0.712372511549631
0.712382366685909
0.7130653479939444
0.71443401166296
0.7137624337722843
0.7138912531524755
0.7145100709941128
0.7151493539734419
0.7161582070719433
0.7173728123762118
0.7186364362078416
0.7206450694841835
0.7226497903521952
0.725476784299747
0.7278258673102348
0.7304395647827434
0.7342221725035576
0.7375296497757495
0.7396748910330734
0.741336697121255
0.7438466926143535
0.744872362663627
0.747216805108879
0.7503192833998571
0.7514095915359589
0.7531213686143863
0.7533388912853591
0.7538465377994986
0.7554342742012206
0.7572604434203727
0.7596380143862862
0.7612739480425247
0.7625567598883821
0.7647002484674803
0.768095876821287
0.7714921668751816
0.7746019852932922
0.7782101872160356
0.7809901648124152
0.7832668633741094
0.7845090597893879
0.7854827105241524
0.7862194966101869
0.7873887408690474
0.7879738990816602
0.7879701893925304
0.7841763666328468
0.7811244702066631
0.7790928653149577
0.7769618259874795
0.7741379691134069
0.7729979257215582
0.7714340376552448
0.7690288312596247
0.7683702213751737
0.7685969462022355
0.7664990999405885
0.7619380759509273
0.7576926880827456
0.7536575012215002
0.7506173117709244
0.748746516393148
0.7479206221065519
0.7451439418597343
0.7435729452137985
0.7422110607219328
0.74002561078216
0.7402634446800792
0.7404111166108346
0.7402728963746885
0.7394855770843549
0.7382657943244275
0.7382480241584494
0.7390678851356554
0.7382091553757438
0.7390111726042476
0.7405311611516047
0.7407188681196379
0.7413648630850569
0.7417257123850269
0.7417261142283309
0.7417408206518749
0.7422301338525059
0.742763152510404
0.7435412875535921
0.7449241039754242
0.7469762934593452
0.7500088861050669
0.7533279194469638
0.7570009453588249
0.7605764421190485
0.7645433830844093
0.7674167281736026
0.7700124720084588
0.7703799129986678
0.770454301727515
0.7707860193461955
0.7713355004959228
0.7716294566205294
0.7721683482643291
0.7712349851356061
0.7706691832812979
0.769679249308386
0.7701506720426529
0.7706302056132308
0.7704595104882136
0.7703280065600566
0.7708671503263753
0.7712919274223715
0.7714160957824726
0.7709055747683462
0.7705865913791506
0.7706616031338144
0.7674234152657208
0.7638743897999979
0.7618685415954047
0.760914476947957
0.7606023911877612
0.7600269499154312
0.7594264432601376
0.7582168511806828
0.7553558448588596
0.7533822075836665
0.7518538245260201
0.7511177585144585
0.7522869949027644
0.7528653564708737
0.7524957640820759
0.7529738618244818
0.7527878237314698
0.7539835939256769
0.7554224712972957
0.7570829681074055
0.7583849341653734
0.7600522136139646
0.7607986359394708
0.7606092224572307
0.7606071663009163
0.7594289480086491
0.7590374072618377
0.7578177198609777
0.7574727041586629
0.7561068592188226
0.7545357939840476
0.7502296404927306
0.746518885680319
0.7425812565920161
0.7383028407777878
0.7357943796115991
0.7346206305236813
0.734388460954461
0.7332607102617592
0.7305636712570521
0.724623057516777
0.7203273840986936
0.7147505198021189
0.7109435687893616
0.7081954299371042
0.7063091197460085
0.7063707277269355
0.7073270349970897
0.7102719166502741
0.7144209083226425
0.7159946851683022
0.7183620380323226
0.7200964811311164
0.7228718572049347
0.7247144408954896
0.7279032755647589
0.7319410159109146
0.736674997785582
0.739528961284823
0.7425435058544979
0.7456018299454432
0.7472521874686924
0.7483399632377229
0.7484584189767941
0.7482874728124853
0.7482763708544942
0.7483402682966731
0.7493124653583542
0.7500352749650917
0.7511549734309928
0.7526275860980464
0.7535833105459432
0.7536489602119956
0.7543768970295271
0.755824494880943
0.7572600389338182
0.7587242184511561
0.761049974088497
0.7642719495780349
0.7666642078849505
0.7679698615782485
0.7669984373444739
0.7640497009509972
0.7621723798050255
0.7610224659272394
0.7611635086888804
0.7613588716503364
0.7613064444351507
0.7615607896536304
0.7611119604344531
0.759816853930352
0.759226239319109
0.759278689956725
0.75894999377825
0.7593512169894924
0.7598178909006668
0.7610846454653947
0.7632069253031663
0.766121781304182
0.7683352781996944
0.7709943000218382
0.770790046581495
0.7709863541671983
0.7703429051184884
0.768249497064128
0.7668052402261046
0.7636394200978205
0.7613522052325544
0.7601155288265561
0.7599875587432661
0.7604005646632663
0.7603962105145043
0.7612536790365566
0.7626846289871032
0.7618714076237066
0.7612291508004044
0.7605442131257623
0.7605375344612302
0.7604481464356613
0.7605322873984923
0.761118927952332
0.7607476271073723
0.758981334934563
0.757982626205875
0.7555220901971078
0.7542838878510612
0.7521989113163965
0.7502669029612087
0.7483590149951994
0.7465147774542844
0.7456597294115631
0.745889215454551
0.7461341746181355
0.7463704446741584
0.7465686288822256
0.745898580143069
0.744810625551245
0.7445870935287298
0.7453995132967871
0.7462449985687505
