0.03127308070238903
0.026679266061203178
0.024678182623077017
0.028636517971241882
0.04130561414043478
0.056628134237048336
0.07318944142310035
0.08897830073114676
0.1036724610374879
0.11912954705535682
0.1353927884309766
0.15259280201101819
0.1692375640856579
0.18623519939357625
0.20412998826512488
0.22179870230175855
0.23986189061542637
0.2586486647602442
0.27892562686211786
0.299579706532948
0.32119973078207587
0.344192151854817
0.36882226646684235
0.3943964154382076
0.419843987913021
0.44571197567412324
0.4719275099318642
0.4981913419004677
0.5235707819955954
0.5489854753824117
0.5740937172127744
0.5983144221269511
0.6209082411005932
0.6425193332835032
0.6625471578358004
0.6820405305449271
0.7000767999956585
0.7166146444240619
0.7324792219857705
0.7461273595293528
0.7592674125397818
0.7729241803053861
0.7855630554294721
0.7962930228222224
0.8064272111041034
0.8156392848651394
0.822758875115967
0.8293014055228558
0.8372980049768858
0.8456044694587798
0.8535042303057503
0.8622038802230441
0.869018204469926
0.8774059888350006
0.8833161688530937
0.8869159382294362
0.8896219478980756
0.8918114205982208
0.8936075873195347
0.8939546042988675
0.8944332234531743
0.8930910943129202
0.890792049797234
0.8878099147712627
0.8851064474176148
0.881820381210801
0.8798530959070724
0.8789718805207037
0.8785715097980956
0.8764788272740882
0.8754297039976169
0.8723204093395663
0.8675393261038891
0.8618546494347666
0.855652060329752
0.8493133377073651
0.8431638191344815
0.8379911321462773
0.8331038786311641
0.827875379444484
0.8234290977037164
0.8198634486502915
0.8170729698864543
0.8151485353453624
0.8147393316308615
0.8153156311797817
0.8165186564779714
0.8169428547259503
0.8172430044187892
0.814457073295764
0.8118457610070788
0.8069549117629853
0.8024339204535591
0.7980992653039458
0.7946439700919028
0.7920200999556841
0.7905014637483845
0.7902191079724202
0.7908192411457061
0.7910085955640318
0.7903142312926277
0.7892929453986552
0.7878176881068547
0.7864908501288396
0.7848813239353342
0.782501328118842
0.7807780653072491
0.7771986856569881
0.7711912865563145
0.7646107114561969
0.7594947913894502
0.7552090004547234
0.7507772597867173
0.7474395166504885
0.7434711908968435
0.741787239529008
0.7414343865962443
0.7407583749681812
0.7419435206531636
0.7432069677173936
0.7445778454486304
0.746384493949412
0.7489383265619592
0.7517789242158176
0.754589829129484
0.7570089827358442
0.7610623869335126
0.7650126741286409
0.7687913199996138
0.7729523862917981
0.7769823666428844
0.7817529780960724
0.7864442623011058
0.7908145777961036
0.7941605778673742
0.796888306272519
0.7993509410767641
0.8009750045075364
0.801747303890398
0.8019049533882094
0.8015957572946723
0.8013897992952621
0.8016252797378083
0.8027007939272423
0.8035044057923239
0.8045880969982078
0.8052983734646361
0.8064397850319995
0.807317204043029
0.8080199419780327
0.8087587362600693
0.8094307474717432
0.8105515718795216
0.8119700022174359
0.811966154649998
0.8109836385804746
0.8101393596424024
0.8080856236071501
0.8061880406377325
0.8019949933148359
0.7982343206715677
0.7952009567456525
0.7916731188929
0.7877936663831138
0.7848390190558779
0.781246197770252
0.7789908757067218
0.7783130619132433
0.7774194053192104
0.7770085797146974
0.7769433272807043
0.77669504931213
0.7759108356321343
0.7752553357899201
0.7755159880491853
0.7760668612326175
0.7767874186319079
0.7783193619096137
0.7787509618239167
0.7796742421333328
0.7801886257648569
0.7802584845016556
0.779710882865712
0.7785924553502065
0.7775811048745903
0.777719581574119
0.779151539705235
0.7804512788532011
0.7825849636496139
0.7846707093568259
0.7867249055264413
0.7897707882548685
0.7933592888729419
0.796380028749118
0.7984435656577052
0.7978419345180408
0.7970852094520054
0.7966256910269589
0.7956540811442664
0.7952414422507367
0.7950008539862563
0.7955722058164457
0.7967584392242774
0.7980748977694639
0.7987271206974589
0.7982968798214433
0.7974224151695618
0.7972170489839504
0.7971425337295215
0.796503423237703
0.7962245534124547
0.7960971466447094
0.7955222130004542
0.795713682429692
0.7959981591773753
0.7947114696530709
0.7935208958160657
0.7903513100032574
0.7878033475493472
0.7851263922550118
0.7829246236994082
0.7816783349867539
0.7808435310895567
0.7795820073660097
0.7780870262866992
0.7766534651292867
0.7741104063892108
0.7721816558264623
0.7700788212063568
0.768242476333321
0.7674716106436834
0.7678510239229598
0.769125526289973
0.7695052681954191
0.7694513216619313
0.7695466088589176
0.7700655509520371
0.770479716883159
0.7714920588424242
0.7728696390250787
0.7743268646101481
0.7748854571484465
0.7759060348583462
0.7768419054575747
0.7782120123786166
0.7800022799146998
0.7822586229443896
0.7841808608438062
0.7853777479859972
0.7872578006564223
0.7879817232627591
0.7887039803208348
0.7901075018376186
0.791720057947139
0.7940246806515181
0.7965907502776475
0.7987247807015414
0.8007817453210659
0.8028310523438124
0.8044665276779243
0.8056627927293303
0.8070095701393537
0.8085919832953572
0.8103471405305702
0.8109939114543
0.8112186643209329
0.8109815931633807
0.8104584608664445
0.8104126896442103
0.8101543563822075
0.8098171389417451
0.8093890524412976
0.8094499873128966
0.8092708185639647
0.8093015239854504
0.8093393316741975
0.8092415871618417
0.8098909576358055
0.8102216288465484
0.8116819950423931
0.8137567559110532
0.8155617226623704
0.8163852325456905
0.8152934770787934
0.8140537332530061
0.8124837408770181
0.8108565231735797
0.8106870541283362
0.8089909482721349
0.803519650783235
0.7969220253741298
0.7903629403542902
0.785378153939818
0.7800246582857835
0.7755325573118744
0.7715368178302117
0.7664343922146469
0.761772607737615
0.7574295677914252
0.7543769648641836
0.7525272596306251
0.7512924024622664
0.7509948456304878
0.7516788754037543
0.7523645751371308
0.7527873715857647
0.7532439428935291
0.7548414511884485
0.7566682975114798
0.7591834119435457
0.7618101116328725
0.7646436756044103
0.7677402505649086
0.7709178036330293
0.7744168559520588
0.7778414940859735
0.7811942315008147
0.7838170032613537
0.7862917227930337
0.788861213158061
0.7908104648294509
0.7931488048299123
0.7953262417260638
0.7979544365675149
0.7995710982022868
0.800764065085619
0.8017204709690277
0.8025361160222225
0.8019593556067584
0.8015044901025654
0.800188813938481
0.7984034824108691
0.7965726552444783
0.7940934340931496
0.7921232763750138
0.7895830046745651
0.7878808127826357
0.7872008758389898
0.7868622575165967
0.7865887002537812
0.7866272195867866
0.7875219592418361
0.7884046449963235
0.7895879698497311
0.7902913853030892
0.7917293984429409
0.7927068186173278
0.7928532833397667
0.7926622888563934
0.7920992402720528
0.792168999307699
0.7923727853567526
0.793859299134278
0.7931348347896928
0.793088891809172
0.7933415790441117
0.7922759635510419
0.7918704808088431
0.7922089406712246
0.7930067868466116
0.7944128799039785
0.7963621141113659
0.7977567672122381
0.79954654313005
0.8011745677076177
0.803099202171371
0.8050942295141676
0.8062586484595807
0.8066417177591049
0.8076310915812802
0.8084142305975949
0.8078621453720596
0.8070714521150492
0.8054375350059075
0.8047933962294159
0.8036221448202352
0.8031598336241073
0.8025979224474947
0.8021975384636285
0.8009445673656653
0.8003647756727855
0.8004355674010628
0.7992308583022224
0.7981343077273151
0.7970146765344006
0.7964682489111728
0.7953491781457125
0.7932251128312416
0.791262240720022
0.7890505950672618
0.7866546386044483
0.7860767448661418
0.7861486655618394
0.7866473181377749
0.7882803912799361
0.7898506280996598
0.7897669677641406
0.7891959215476234
0.788303070357306
0.787263197879891
0.7855238697762984
0.7853442631317774
0.7861919938931847
0.7868671184167276
0.7864751281935201
0.7853280078737843
0.7847598736089386
0.7835083771858955
0.7819373532065649
0.7804277892747877
0.779016186136621
0.7787665498976508
0.7772729954445969
0.776659245554176
0.7768440037846229
0.7762134823735704
0.7738885477031202
0.7718502790333885
0.7679253099825192
0.7650541826893046
0.7588110810486293
0.754215792532964
0.7480640936581209
0.7372345055741776
0.7279669805198042
0.716703409074822
0.7056372512860043
0.6948174833851793
0.686247779663952
0.6805340173330482
0.6770233400189642
0.6750302162404348
0.6734136401663733
0.6716498977893848
0.672403505783681
0.6754250727215783
0.6796854179123885
0.684062763180292
0.6873224234684092
0.691036410265744
0.6933788956207388
0.6955648638490529
0.6980897590689048
0.701823397875935
0.7059532412574385
0.7098504678964613
0.7129403584003942
0.7161726311264519
0.7197004907582598
0.7238419738674654
0.7274826311642638
0.7311034565426202
0.7338422438949896
0.7365481086963465
0.7399876525600375
0.7427314722498176
0.7460552986978604
0.7490069310470441
0.7511224119719719
0.7534351434019878
0.7560653152594465
0.7587328909061124
0.7606305737990848
0.7614468009061167
0.7611631828859723
0.7612846438256994
0.760986228046226
0.760500863106708
0.7577629732693764
0.7559489369613818
0.7540532767265113
0.7529016392423059
0.7513644464079852
0.7503212744921453
0.7495112594584821
0.7477735903684292
0.7465926730377621
0.7451489659276382
0.7442845390440318
0.7441209269411821
0.7437712202156536
0.7446666796789461
0.7459052986212545
0.7475368612558806
0.7496482639985076
0.7516788398891019
0.7534600089348482
0.7556403315895086
0.7580229341992959
0.7594983897141552
0.7606251010855619
0.7629766150223539
0.7641511192316368
0.7634463352174513
0.763111804013978
0.7627053908781996
0.7617946664891124
0.7614354835174374
0.7618527521658941
0.7627190302142465
0.7639661105576717
0.7667349526283962
0.7693014408567198
0.7717935921293586
0.7748876999950554
0.7781238646408326
0.781898599282699
0.7854756212320162
0.7879068235188474
0.7898931551041186
0.7921636667489573
0.7941359356821871
0.7956678783048373
0.7962772039493503
0.7963506270618186
0.7958063688913999
0.7950358582840086
0.7951799306267247
0.7952399593719831
0.7961162159642118
0.7955409821502931
0.7938453634824044
0.7903020268049706
0.7871936229228312
0.7843958603655905
0.7814718191139901
0.779352061083219
0.7779594237006421
0.7757140514206492
0.7739268050079391
0.7737688225648788
0.774438912342923
0.7747372243500152
0.7750379018295663
0.7768608467103452
0.7793243500129038
0.7813894045094176
0.783184260219181
0.7829210073612295
0.7789078736993251
0.7747615056391608
0.7711193995010135
0.7681894626847509
0.7643585197464299
0.7561853466320928
0.7495013993720766
0.7434527517116205
0.7385047184795002
0.7352768361227792
0.7332882489780501
0.7306297988705719
0.7267679929252333
0.7238688313212349
0.7203331241056247
0.7186219849723426
0.7181804510397503
0.7175790264788235
0.7180054251657682
0.7195238068735382
0.7204241867909246
0.716402364400054
0.7106651282436086
0.7076300000863376
0.7062417728169013
0.7082229975989348
0.7111607415504666
0.7154071003321878
0.7176532869183055
0.7197929038329676
0.7210811944725019
0.7228755588072299
0.725505279021458
0.7279950811511795
0.7312409622177662
0.7341886488749758
0.7370161247313067
0.7409708189785892
0.7432893275027218
0.7459556691961537
0.7464287280205153
0.74620378890446
0.7467937763024162
0.7449857312559228
0.7433399836818311
0.7424061394593959
0.7412812136834026
0.7399936600075765
0.7386096481532937
0.7383190478492043
0.7383587971776989
0.7384909541503488
0.7380970190689714
0.7382531399579402
0.7376610808624087
0.7368195374143283
0.7376303717279723
0.7389013590963329
0.740020154584284
0.7424708170060182
0.7441626371815572
0.7462537083541613
0.7477503692719517
0.7498029701161857
0.7517880707822594
0.7544171893760669
0.7565128214311957
0.7585325466767514
0.7606562301415976
0.7628639003363343
0.7651294229090231
0.7669438002969632
0.7697589984486093
0.7727838660472356
0.7754002946455663
0.7778876918289397
0.7799869769668886
0.7818892486641704
0.7829698885963563
0.7831682887754173
0.7831303503167163
0.7834584974311122
0.7839437540385537
0.784008492274737
0.783542997080644
0.7835826887515971
0.7841463958417463
0.7843268004477512
0.7845998277947334
0.7843361565935901
0.7854803068315146
0.7861979108611438
0.7853953434477748
0.7848341149620521
0.7854888699959417
0.7867899392434332
0.7890399921175019
0.7901358629377893
0.7900164325686363
0.7885260989502658
0.7867921974143044
