0.43876632491000916
0.4273316310838555
0.41199564436338826
0.39614771792933245
0.38217816579235764
0.3664892561687526
0.34790496756113876
0.3291726599757966
0.31307539399933626
0.29264316422392
0.2753656242420862
0.26091612087830995
0.24334854875542572
0.23593870225470615
0.22043310972384406
0.21158439697402054
0.20558312524869654
0.19820824200512943
0.18939071799999913
0.1831806994477858
0.1753042491571682
0.1716690780755793
0.16446350571300555
0.16072491182184284
0.15027331921253412
0.1514921346520524
0.13676157030623576
0.1376489837988949
0.13087580178355546
0.12150566841815919
0.11805083923488197
0.11396800056067313
0.11262639309861716
0.1030343949318141
0.100581300330992
0.09828405243302774
0.09334764169371074
0.08872596557487639
0.09512517064963316
0.08665230038017335
0.07895803924450606
0.08156738389493945
0.07631842779450593
0.07971191043480308
0.06991286183702144
0.05942106818676057
0.061946795860092385
0.059413405334271585
0.0650831303496952
0.042542200695031174
0.05863911466833549
0.05073637908882356
0.05177463362865814
0.039312271706215984
0.05170383946234719
0.05020949881803055
0.03841668464973097
0.014822547617380333
0.020444969801947044
0.03708558672422002
0.030606882942836144
0.024636419756971617
0.007012325434387012
0.042674222946913254
0.009544588865222747
0.023418658581883245
0.0010447134069884734
0.0002968375534033729
-0.004735769933051803
0.002249506518258393
-0.006723496543151186
0.028029944791444217
0.01908033009791016
0.004878314868000333
0.01614670242718974
-0.034513931725501656
-0.011034491521354717
-0.000981449984820193
0.004419432074062202
0.0029105527606373416
