0.4440693399362386
0.43273620805992163
0.4188485654531111
0.40338805868921424
0.39106249501377266
0.3764504576289476
0.359157115165055
0.3420401034699816
0.3293314835185506
0.31230287583460814
0.29733517971355083
0.28776569229023885
0.27112485879029435
0.26513633249126944
0.24834191533614963
0.23620891909664182
0.22640192642617657
0.21870243620674368
0.20588562221531842
0.19538554050574203
0.18740631560215282
0.17931293659244674
0.16874714485687292
0.16296693359267433
0.15516510922407006
0.15298654342704243
0.14178955828527112
0.13894115746252694
0.13697474676223526
0.13145874014875758
0.12576560503500517
0.12237413991000406
0.12036701178821219
0.11279046469044068
0.10830033585223658
0.10452461514164318
0.09603895164981752
0.09626304339752767
0.09385214292912336
0.08912942669786678
0.08598887411383727
0.08701726576525132
0.07396838159361618
0.07465659129098268
0.06548025198019408
0.05196494084035169
0.05508347743659686
0.04872664045534053
0.056553678976549615
0.045174341485545166
0.052798037358739947
0.04642240543972237
0.035879156397337686
0.01965068331013725
0.04696060502930205
0.03659995857638909
0.027345250714225777
0.01563235173907046
0.026255965852969076
0.028311334471511462
0.024815215228369825
0.016199941802361895
0.0060580298745210315
0.03934060740205236
0.01059867505393225
0.01993523595532659
0.014340072375117807
-0.0016120668144843364
-0.004407790889762286
0.00033128904103318924
0.0006924857226898173
0.0224250210370186
0.013284308913995624
0.004164041656126438
0.012147820654139219
-0.028671823213821668
-0.01149998526043905
-0.010765237564192454
0.012026858455750189
0.0009446719998929543
