0.3329011929961083
0.5402470648509654
0.2595567976527784
0.2780799571428678
-0.09601395496294522
0.2223879053904848
-0.2662349487606787
0.37347811335103004
-0.11656599658440708
0.23628627344159264
-0.18160179330463733
0.002847349455139615
-0.18762149308863207
0.32821348754076424
0.09229756362530514
0.15474393465850117
-0.3047088562826292
-0.2936515163651329
0.19593609131151135
0.21165823293188268
-0.14881174909207695
0.07558527015109001
0.015650122194958885
-0.32835516692575106
0.20437903394714985
0.17148073030858405
0.4436208658249159
0.2745932445015546
0.2093891077415202
0.3597174643007575
-0.21670983145538908
0.3002846014005092
0.06938048431636125
-0.08603788153865737
-0.10940262973253435
-0.1721783214797169
0.25546112231394785
0.3354389999270881
0.1233973588836179
0.43614503062615123
-0.2828007797195487
-0.24181748512334764
-0.36376277175804234
-0.12269647924142536
-0.06424766928404589
-0.20246823199529992
-0.004732663938533941
-0.1097664423639069
0.49265001706331596
0.26362399457574137
0.23642905906940473
-0.1325452554280963
0.2809204767226465
-0.23015926669128967
0.07455484687273511
-0.22847129170739502
0.22038694080185717
-0.04425303107084208
0.2416888166712649
-0.2565383629882124
0.19008407839429495
0.07161040403071196
0.26265611052739424
0.236934400632856
-0.36692789869674536
0.13113126871005973
0.26143425173480406
0.3803462288403752
-0.3673710911445994
-0.056481369036036226
0.019455725217448462
-0.14244486141372933
0.2951934120854332
0.449235132158193
0.33355191488204466
0.2161128673687634
0.4121228754422652
-0.12535530322286753
0.29592419612134974
-0.1644814332279625
-0.011083329513505956
-0.3929419182023689
-0.2429958604007327
0.29619730724091864
0.2553042762224804
0.14061437170753582
0.5039061992027124
0.19149468740775116
-0.225382641304599
0.028826694924224787
-0.10608402259273761
0.16485645052304748
0.008647411809572889
0.37264691774346936
-0.13025209195411339
-0.033732970008509944
0.4486601980153454
0.33656110290803765
-0.06040655563605126
0.11095194391682478
-0.119425132494881
0.26671780019799085
-0.24743361394920466
-0.37921860787453116
0.08858028191145076
0.4591332648429468
-0.25837658380867823
0.3506392183551708
0.10475585383001915
-0.14630247922934259
0.18766136470370004
-0.048435937118515515
0.3087626496440547
0.3135920065387178
0.3850788479060838
0.36098987160635976
-0.425345255266288
0.08435250086147023
0.06306804522549332
0.046936035753769055
