0.43805277942110715
0.4430680623414159
0.417639933833884
0.39231915410231355
0.3882844623295496
0.3813680245348004
0.37019089902515134
0.3514163141165971
0.3398617747566348
0.3222777359890222
0.2997643923898464
0.2763348834779357
0.27140353537035977
0.2651004740144086
0.23711018593101957
0.2287909887949765
0.22760641155042688
0.21200150965010867
0.19329942314332293
0.19612108919948912
0.1827858797000383
0.1852857829301242
0.16743878162646125
0.1451933002015655
0.16001004613269548
0.15270042638259584
0.14118135484998112
0.1215920002584488
0.12232639358220665
0.12337916862078174
0.13918693300094442
0.1063765194729201
0.12507743110582303
0.09277677748649277
0.1287321211111639
0.09737358995106649
0.09231479937050868
0.08017318723379241
0.12737183773352911
0.1020144015238163
0.07647846866789837
0.07133047046953317
0.07898211846941272
0.03640349403490106
0.056239721143724775
0.036313582135570066
0.09278388300538509
0.09485019058208183
0.030089278640123118
0.08831274904465575
0.042077881918801185
0.08098713271052871
0.055916942288831484
0.008687749738464423
0.10167643921486702
0.04430535522129009
0.06338546473963297
-0.004459588596518738
0.05238967315160198
0.021417316064985037
0.038793908124036325
0.004638016845306792
0.005980863889678001
-0.014144741330163302
0.04049217840486585
0.0748924183075605
0.03406666004211001
-0.03526115452725831
0.002111609620418009
-0.010830012455795957
0.07485511009097129
0.02795280337165168
-0.014108815542300257
0.04254830701522622
-0.004387677217147501
0.05031705703858713
0.07381566520283633
-0.053987869092370966
0.05314873517775637
0.019641322628617064
0.026430742843144672
0.08293563565248813
0.10953605026020491
0.010502772627492774
-0.06574907954220921
0.06138236209973574
0.07729319299852178
0.006983452813307978
-0.011669381701652326
0.09176694604086877
-0.09461691568707742
-0.018493608173995812
0.0357924500593797
0.04881054675447183
0.07403313221822427
0.08723576543658368
-0.0667230826727353
0.04872537842679703
-0.03341722861404772
0.03597938882238311
0.0032576156434363512
0.10291776534533209
0.07592379997938542
0.039008864583449765
0.05775645552639552
-0.03791889964757922
0.0168024268862077
0.07023763155189433
0.032201488740615514
-0.11550273552564994
0.007006499267200039
-0.07467639655365876
0.009060518375018367
-0.07055483218478809
0.005450067749152132
-0.16227206890452772
-0.003079976435721332
0.07526101861803614
0.050609320060777785
-0.01629062861897035
-0.19253788544513717
0.049867263602363376
0.018526646319786677
0.08643736163857291
-0.20763125375376412
-0.041159841468695224
-0.05150613870201093
0.01130955362314584
-0.09579542638558969
0.09077500669214045
-0.10638214155872883
0.0006603504219474532
-0.10440217725228851
0.007821243864117089
0.18713884595942515
0.12099494459896559
0.13703858279091563
-0.1370580892924803
-0.009684851361099645
0.08696941017956977
-0.0598074434399698
-0.0914231514852788
-0.13794366293831584
0.06750058019028737
0.016068646026341227
0.12453122617718027
0.05862490622291805
0.14442448060091206
0.11603251551826504
-0.07190675767992638
-0.019232311038509198
-0.0026882127384537657
-0.030605990910877567
-0.34016318230826614
-0.04732183076935215
0.12440919126398009
-0.11971919987548751
-0.06690637647720665
0.13891334866441496
0.22785008078702002
-0.10699194012646718
-0.0763281361137258
0.03351331895969839
0.0961834899819643
0.11654559126503972
0.020507207129036698
0.08864015691811822
0.053367872377541536
-0.011444568614542239
-0.15491462068554895
0.09204170043961651
-0.06299973106612944
-0.14134846179850757
0.09096679561432697
-0.0675903336729442
-0.10406050066607042
0.04352126189928007
0.03396781088693451
-0.11730341927422516
0.04431599688529819
0.07067396854423913
-0.0036767280998843965
-0.029340226166793104
0.12597710591353412
0.03596189238583114
-0.022974957470159874
0.062450804227360046
0.15908713476835307
0.09893012131203771
-0.013892999606654022
0.005883432199695893
0.013159262799387506
0.0216518343004537
-0.04044173588878386
-0.25555264584511184
0.08190365109511433
0.05127451163095237
-0.052332204903578705
0.07937299253917152
0.1186578307004923
-0.045414109196037056
0.04166737968903589
0.006237018965618735
0.10809908797860912
-0.058977831572728734
-0.013096613633906462
0.037014329157482206
0.10632240632683837
-0.05577593744667364
0.127046223156775
0.0870829434544968
0.06462235450580328
0.09449623325974288
-0.04248096520359912
-0.11197061452047341
-0.09843196782041586
0.06527108862897335
0.005811757549714303
0.01210130484938532
-0.032177088609949944
0.01468374795922922
0.013149128693185241
0.0017531974072925172
0.10520511948235695
0.0427977699460928
0.11379468922869246
-0.00791065565463045
-0.009310805276577683
-0.031072180244183456
-0.014107723902472502
0.04354145044880209
-0.08026257821879745
-0.01525921281869913
-0.013580221601883324
-0.04346691283314286
0.007517906320752499
0.0005032565821741497
0.10679214997106307
0.07152849000911315
-0.0037273740871094363
-0.18043838956392189
0.029278485697290635
-0.08614817861942448
0.08413495819687966
0.05143817637597253
-0.005244492037883353
-0.052363300756736786
-0.006347114154416245
0.0710730469043056
-0.04290270399385532
-0.1042880231836032
0.03624146599554573
-0.006862874522280404
0.05742273445034385
-0.20789762920072752
0.09787119280177986
-0.05366767234558367
0.08190823142779952
0.0302530808246958
0.16275963754397377
-0.007504835167740809
-0.171158957197309
-0.01182464441527209
0.06704864489861073
0.06870675561198303
0.021636076722900355
-0.03222135752311839
0.0019434275847595162
-0.18628147819632557
-0.19567030169349064
0.13898073955531498
0.11460979471497923
-0.13221797853202866
-0.016187307307068965
0.11372806029658905
0.10196510448377444
0.10256556102072112
0.047636897958737545
0.0020909983120777076
0.015070050102585775
-0.0969026365679917
0.020634658522974914
0.010843220939181886
0.15102705226986934
0.03153020279419699
-0.09386961769724955
-0.050885909192983414
-0.06845160180368415
-0.02045007804568655
0.0047945436565127175
-0.03949173771646364
-0.09838942913940485
-0.011858076728997635
-0.03820781791375483
-0.10588246854046812
0.07437874699079533
-0.14134848595720662
-0.024059793099705074
-0.19994876283756868
-0.006362893525110547
-0.20834331831477293
-0.09585669918621698
0.20309333186989287
-0.11839553206176034
-0.04333991568623463
0.07500156787523204
-0.09784548245432256
-0.2618854009260929
-0.12761346760614467
0.08104149730921723
-0.08186480543734653
0.32214587621673263
0.22655696347476123
-0.3576787887975472
0.0179216628050623
0.1507542553357601
0.10080979973026949
0.04453410178445272
0.1643289620722751
-0.07006505540759256
0.005771694397146976
0.057709048018196096
0.05872050591192429
0.03474795736187808
0.07357773578871069
-0.11863888730037864
0.0950039931578861
0.08100458243214598
-0.03148602415207424
-0.054656018456824884
-0.007045166108993084
0.09935497050522335
-0.029733073332414484
0.07818292215498013
0.045265213921555636
-0.03005277150587149
-0.05729456463133875
0.042315878676518315
-0.04575718330513745
-0.10959273650428603
-0.07234772725453376
-0.02016949220490849
0.05716748939980343
0.041465565019145556
0.028350923783593218
0.052266350323221966
0.02372162187927701
0.06429446344808593
-0.021210793988433063
0.07693181991822312
0.002151992147673254
0.12773636162531837
0.10467116469508131
0.10213485908192149
-0.13333579347425928
0.027518214737029312
0.1335377567396604
0.0405920752288339
0.09589908471387476
0.02926246709573682
0.02511500478600137
-0.13587039016614733
0.03768918786653891
0.08695514779300034
0.03303946326546231
0.08855370421391418
0.0160290500441857
-0.08786491266655638
-0.11633135559173446
0.05597276826125547
-0.013434225668038646
-0.020933940992799882
0.027330688787846558
-0.0366146396156235
0.0642235323051013
0.1566336055720015
0.024090603507139874
0.026503750807616966
0.00954441661351535
0.05527003415304099
-0.02119827421375342
-0.20217341560678348
-0.19110522244350814
0.014168890762452258
-0.11020981530380836
0.04151262234511982
-0.02083881907567431
-0.23527168333054727
-0.17030572270837352
0.06873910497541386
-0.16808865887633606
-0.040849220727142366
-0.1489799757004805
0.014939693010612431
0.11390029852611971
0.07835299668267864
-0.0454476990635424
0.17074829912309253
0.003340688135236969
0.23729246026298434
0.2060481624695873
-0.008749116129437073
-0.15881778156511173
-0.18003417232841767
-0.14226388914722532
-0.010110063265731273
-0.1911593774024486
-0.28363194341836784
0.015877845735250362
0.12014994730619166
0.0050380538809879916
0.22345135277828132
0.09507839494498294
0.040793901526297804
0.1120390319896335
-0.06935082129436798
0.07748337069975275
-0.20401549605500235
-0.01770946975491472
0.17994838477476527
-0.3543032882794366
0.1543486337113541
0.05452634249436761
-0.14704488180973363
-0.1439799161190336
0.17108650207853038
0.04097096734503658
-0.2789653654414169
-0.050932362557492006
-0.1598117335163345
-0.35274176015003467
0.07937473770696124
0.0383287329646525
0.1682528077779043
-0.3691646117939392
-0.07489986524404124
0.14205673643268324
0.188623936931125
-0.14886150617922955
0.1077148124552636
0.06548812817686628
-0.04761946060707167
0.15331268977829948
-0.17821750223519361
-0.011847404601752487
0.044896254121172485
0.21018472997635718
-0.0021854273104701116
0.07900514290708205
0.13720034318889035
0.04116646519283507
0.006101683040096617
0.1623280222694377
-0.0958130084444826
-0.11399040050971321
-0.08172668848356224
0.0723496811273931
-0.10344680045371224
-0.002464625595083092
0.04196984324740388
-0.06084209442966537
0.010508397326674523
0.07574230661471382
0.005568222161077163
0.0802968786715485
-0.05054432126915942
-0.008149362360809542
-0.05110197051091303
0.11318868127084447
0.09797664239339465
0.07912271539698762
0.06899887420127532
0.008180837305982458
0.0010750466770014788
0.0812252524239776
0.0932106428887019
0.0551115404630505
0.12364051107511442
-0.25286947953323824
-0.05860405720089146
0.17938041629636003
-0.020731399729064903
-0.3064912856240024
0.006517366586930917
-0.171753748605303
-0.06678718590990262
0.15870321319118746
0.10661280714154642
0.020699117436430825
0.16749728326627256
0.015472287127653361
-0.006767231011686414
-0.06402318929007744
0.06904854358236778
0.022994625080140496
0.105694165579303
0.12465669897817655
-0.05812506074872914
0.12234650394350266
-0.10325282184167572
0.1356793109255678
-0.04615854117261764
-0.06285008753663646
-0.06632420652262294
0.12761456033166502
0.04854591104302586
0.07465929415772848
0.06225473744558335
0.07930952245330103
0.14466100339620758
0.08617631335046855
0.0214834181454297
-0.004812857724764363
0.06109808145067369
0.0619426063134228
0.05882379339959981
-0.03092057044167007
0.08409692954072179
0.0016669014203044008
-0.0751664439112043
-0.0875264510767011
0.07183388107842897
-0.010043678150920554
-0.02931156687183789
0.05342284982441381
-0.10282271346645677
0.07999075491314511
0.07127327409501205
-0.06580385549177126
0.03732544606984245
0.04030926456397499
0.03596671991753342
0.07319502510546749
-0.00803150247897344
0.022665989478573567
0.08380069622699232
0.018204799981620667
0.09296264224470463
-0.08412744620606294
-0.11003985164098473
0.05176211699837441
0.05437359952181736
-0.04460279335828443
-0.005817527321154148
0.019558833970497902
0.04710288709401761
-0.006103500594311417
-0.11196252412512131
0.016437072569591205
0.08342120923000163
0.07923991068871283
-0.016984144073722618
-0.01317002794892752
-0.11464118093170694
0.10100781775996437
-0.0967348831018281
0.16718589587091087
0.025612102408997306
0.1529156514807829
0.07943086107183417
0.01971835078626294
0.09584680719345318
-0.033308721254102225
-0.01103383600063823
0.05832612735219028
0.031622438986019186
0.038989684941187264
-0.17792489226882335
-0.08276071210360159
-0.015248521243170998
-0.023181462211626536
-0.026713513078208573
0.08982926487390408
0.07725025084530102
-0.10785828890436366
0.05586697919043798
0.11492118943769902
0.10295370325554581
0.09425068092478273
0.006811767638068622
-0.004893044685592263
0.0753095836802673
-0.057849279338066606
-0.0840629768175909
-0.014737531158757644
-0.08816641745702603
-0.061555065014007315
-0.0985061243798715
-0.021516172186011207
0.05799297079456689
0.032656225128721905
0.026317718976751392
-0.18706907603448664
0.03220215289228123
0.025481002513472073
-0.08946423851773722
-0.022501768394211696
0.033344187381100454
0.009884330008910036
-0.06940680055856785
-0.08598707684066953
-0.028074098774216183
-0.040581952060498194
-0.11889523339677444
-0.046607100476480534
-0.1425094164457571
-0.2473449893369123
0.05157962547497369
0.009871187961700889
0.0881237065930579
0.24980740020341746
0.15456267689053432
0.02877774289422219
0.13018667536057954
0.08601555679835865
0.06160831114032206
0.11896164188171021
0.03726877110349208
-0.009059827571416434
-0.08990798339101491
0.04798055984516142
0.03327578438479539
-0.11653783997372447
0.05281868093089165
0.08033961641450316
-0.045491374703629406
-0.04214786748989474
0.0848554692588323
0.07544923099399042
-0.0554582348167183
-0.07756020124633078
0.05903363457292732
0.12274537660197776
-0.05941044846036203
-0.028180990204196954
0.10955207260818106
0.11248622860696061
0.06509047366481718
0.09753691238372925
-0.0003299432006742542
0.06723424321104415
0.07270104892514595
-0.06600769756668112
0.01297529174416212
0.02111102930434333
0.0223372371435947
0.0780554875392862
-0.06612284042271899
-0.05551299608343219
0.0514213900025538
0.019938871995252683
-0.10517866233925488
-0.04598928269487046
0.04362493251464544
-0.009166200856567608
0.07476716964852104
-0.010932275475155517
0.04836493364218836
-0.1306984849352919
0.1268238609695796
0.12065723915311116
-0.05395627761008792
0.03535095312206232
0.07564348384966141
0.011216242986890557
0.07876600465572625
-0.1704117222277194
-0.028256449779216486
-0.027180361533996056
-0.011044539853424018
0.05111019279189888
-0.02094541729355881
0.05158111927051723
-0.052955898227915355
0.08854874510888527
-0.02284676758312021
-0.16981151784536963
-0.2804996123855773
-0.18173288868876947
0.05141082061871094
0.08015909695251511
-0.05580518349215691
0.15827580916885636
-0.18814292391730358
0.02355843845112865
0.001088778399669088
0.09893271123024439
0.07351596869189653
0.08615029340078223
0.048332599689525024
0.04719803660533689
0.08548535615956054
-0.18299977177745874
0.06790470704137491
-0.05482674705427126
0.11591063149816005
0.0678822292705914
-0.008496986861152744
-0.2397351753382969
-0.10439437919578476
-0.09243287030395198
0.16784657734786512
0.14844580138797314
-0.12284103092772558
0.0866795825000351
-0.0789485425868971
0.01758741299537958
0.0383159753759747
0.11841089350535733
-0.15437787918759005
-0.02797216296711591
-0.07212339607549889
-0.04540875897042662
-0.15925757404627516
-0.1975067437252418
0.10612694367962744
0.06636891751755808
0.026073708052472222
0.04471988906058383
-0.0422136474607987
-0.003440430125895566
0.08268635219097625
-0.11263012991399024
-0.05891096917605987
0.021109317320616383
-0.02131657521746022
0.011721276774266876
0.1121927889323841
-0.018630467092832892
0.013720612012150635
-0.0544063822260199
-0.10676282142377347
-0.07445324618521743
-0.08735847758412796
0.12467428885060078
0.025917077231669028
0.14745085232192046
0.08913116772263113
-0.00891778822015643
0.07254689493974892
-0.11575409826118788
0.00873668562394464
0.07031071497953179
-0.06462628981421104
0.03212112085398133
-0.08025611422263124
0.06398262067532473
0.12741518110670347
0.022357433585445785
-0.03223190820355992
0.00185045136352735
-0.015338881536291149
0.026302269207485574
0.0810553195084982
-0.018463739755458453
0.07182729072523758
-0.24477134223598018
0.0369822034204671
0.005083078250580075
0.12922961272238148
-0.0012960646758268801
-0.05918549303170695
0.040485510865371166
0.13623996461031757
-0.07982555826066562
0.1135327093521954
-0.029393229744881233
0.01656586274140809
-0.004880795010672734
-0.20928489760079172
-0.13243247279470816
0.0828407318500386
-0.0028669494191936318
-0.08272749218942721
-0.044052302166909696
-0.004861463098732699
-0.22708425321346482
0.025237719543209358
0.09597129737579957
-0.006846259334298388
-0.10859999846151558
0.06177300104030653
-0.11975281980590635
0.201072337711524
-0.0619122315479268
0.02938349806895807
-0.07162056422065499
-0.06636640983336728
0.13478492212633403
-0.09176127457561212
0.08355864388276385
0.10146960245126091
0.03377301241645392
-0.00141208221757827
0.023852720436014996
0.08863087586991747
-0.00015642025673845428
0.12271625824258847
-0.13507162490322489
0.036534771230910146
-0.002525129214942412
-0.05702196661384884
-0.044436194548304164
0.1093999400953185
-0.00941311606040418
0.14280396151294877
0.07855521614813588
0.0037242817898107683
0.031006777095376692
0.024210131151637393
0.053965430645422585
-0.0596064429851636
-0.06476421504086982
0.10006824116302931
0.0585652612734317
0.008845846980727878
0.02054411326065253
-0.0010566522806790823
0.16298410282230796
0.05162348052909438
0.07253718051051511
0.006685860690000822
-0.11075921109127251
-0.07667771718852301
