0.43337320735824064
0.419933230247934
0.41684521181756756
0.3928222456369188
0.38783440234746736
0.3722332172461106
0.3547224789868947
0.35202534566990384
0.329327847164599
0.3208788208548181
0.29601339621538353
0.27666236238651626
0.26830346560338103
0.2638867298866948
0.2393642850187026
0.23049006511222614
0.19490574669262367
0.18863798711756752
0.18930975320137272
0.18080251192053237
0.17079468635313222
0.15211563839279646
0.17337409451509284
0.14373222240307554
0.13743169430610586
0.13664928863369097
0.12851445634170144
0.11099805902517407
0.12961963312270908
0.11316968135466227
0.12536558564469136
0.10010157664694308
0.09554919998429451
0.11836170489664266
0.08821219652688961
0.10273020715999148
0.10632211117099677
0.09561279791375277
0.05260227737693507
0.057956626746657136
0.07998650221137155
0.04637009181360624
0.06294287364227613
0.03874726037921078
0.06297033880630215
0.03385015793462215
0.07448729195944143
0.04302074914224674
0.05922464120198728
0.03933089383729971
0.10331264059490441
0.07049728892532425
0.06497139978203736
0.059777038796476056
-0.021158148580010194
0.02004070525366869
0.025454127668850524
0.05048035441945675
0.041483801875685955
-0.00532952016228827
0.0894104589188422
0.04233584251494216
0.08155565176765694
0.04337205987928816
0.07910468083483918
0.029721446349022906
0.028364260133226904
-0.005391685695321002
0.0028812727177598974
-0.03144677381878591
0.006989688449853537
-0.03694595074090212
-0.0021348895455869377
0.04202871856746687
0.019803275835067635
0.0910412221080047
-0.015779875750900674
0.04337855368348853
0.040607187327927896
0.044603534335957984
-0.0766236237695741
0.06569046472632817
-0.09186944849605505
0.0035967165238083854
0.04096477979528984
-0.012059604532277945
-0.014141333448055016
0.07200316939243534
-0.01729621258796432
0.04054898184157446
0.012293298652933549
-0.09397083780497884
0.09720048114184282
0.056878841082838416
0.004817918316934899
0.04353562953943335
0.047939821411546124
-0.23042073701297583
0.029661781546615418
0.15272650931170473
0.00994866708306763
0.160959586961487
0.015581149492634394
-0.07708636698621263
0.069548368641909
-0.102242815413077
0.030143521574830967
0.10588890755283376
0.04789159252365127
0.10129732281706327
0.08679596643030635
0.00929081522286851
0.03179373501576038
0.0742734246800093
-0.05424959470288515
0.08721887825552549
0.0635536179034813
-0.015618768173191744
-0.028633714235896668
0.005567252375918097
0.09989143422796654
-0.03978988739775957
-0.1011499951044047
0.1152590620570102
-0.014867020908477024
-0.006297928010077003
0.09148188912891675
0.02615724262893382
-0.16764461266797848
0.07346747560358846
-0.13334455137912304
0.0480056093086067
-0.02007805831303111
0.18322688810123156
0.0016718717036035557
0.032030903247626974
-0.08579512277736256
-0.14305236113194153
-0.15637123676263298
0.11420501329884275
0.07136715544083388
0.06113284202085467
0.030537706374719142
0.08195999094384887
-0.028474219551499425
0.11762607801774339
0.06756847110297659
0.08123920836945664
-0.11551572849369074
-0.10281580881237196
0.08056725927366887
-0.0871535103889085
0.031815601159419504
0.04119366783305245
-0.03490265331544595
0.056579512729318104
0.0044250238078997195
0.0861621917818981
0.0007287986842580696
0.008733326685838427
0.05988787907847576
-0.026468231745204407
0.07087515960776558
0.017714854798982382
-0.015982706503398503
0.09883891866299221
0.07459884668444555
0.028099673335082065
-0.07666719893565144
0.003863589388878319
0.03371621781469031
0.035214918648512394
-0.004783637370284866
-0.05526213736836372
0.18378845557205253
-0.09930476246969733
0.15006523432770602
-0.05177397336145928
0.002412569217053906
0.019491855361012556
-0.028140670615414365
0.04374027566275279
-0.07480033926979923
-0.033640080180828535
0.03922283563393453
0.03287044420692281
0.06226279844556243
0.11048933862432536
0.07566405852437796
-0.023241495955116598
-0.021029710228228415
0.10832883460271886
-0.06191165109193841
0.036959887776243594
-0.16384956776008963
0.14267751000435108
0.056204097171060396
-0.017008719012763684
0.12830847720016986
0.05591028590390812
0.011340149529655563
0.08476751474721211
0.04310081292861073
0.0630706071491075
0.10282206819762324
0.03494964230375691
-0.0124713792801594
-0.06775374032152437
-0.036205387592613825
0.024257815077763478
0.058845254136439484
0.020602637106044153
0.06531038512860315
-0.08747849378590067
0.06286527339755976
-0.06999720928240183
-0.01285174076591633
0.0225228345397816
-0.008298683264747475
-0.13762621030477473
-0.14667319377232912
0.045543484535883194
-0.041259235510555214
-0.009532553526571896
0.06274215945870354
0.018693887110408425
-0.1345280410283919
0.14507048891897867
0.15272736857561825
-0.0069087627268009655
0.027263024583732587
0.10280599968572607
0.11193601204619935
0.04851930043252578
0.025140862361534844
0.08892660781868789
0.003608274263272815
-0.04892848370889413
0.12145125181590533
-0.02901704525875415
0.10008719462765153
0.03626772236734904
0.05674159132770795
0.013179285484950287
0.0209299458370501
-0.007484296035525806
0.032286779875753346
0.09700330254071488
0.10540967108159588
0.05467047562976579
0.010753047234992152
-0.027522303028438944
-0.04189471772274245
-0.025158685897166744
0.07552237394834044
0.1095687194284316
0.07878559489989384
0.09549804288455627
-0.09590643025090284
0.11807507712643417
0.06633083793991912
0.019610548683213547
0.012018688693669732
0.039709190154701035
0.07891987898026925
-0.21391303345680268
0.08018251084332606
-0.06272271788763584
-0.12835047844316239
-0.058738408201616354
0.04174238852739459
0.12224360121872468
0.08691019437306102
-0.04346928262350913
0.15159740660919718
0.04332629366369084
-0.09358014092450162
0.048862392852541126
0.02841322228888249
-0.0056400709579391695
0.025241326897659733
0.12724235441257647
0.09610150526854983
-0.016846677037963276
0.04332090769556218
-0.060077512419434154
0.122600801403905
0.008866327686143038
0.06658877660491669
0.037313624272409696
-0.06393110311553096
-0.05913506103969657
0.0033382282303488497
0.12482826952898363
0.029108305479316032
-0.003300842540126969
0.006806656569824043
0.04656957400037992
0.09772301460292954
0.05218445329631882
-0.18088715617190398
-0.06157957440352313
-0.0037383095404336375
0.04811746619488194
-0.2800983498789055
0.002388782176312665
0.11212650975234012
0.10501161452038621
0.09207479830346715
0.14505027393973974
-0.24046344642342365
0.049186458802521704
-0.0070111619752804
0.021128025690146768
-0.018431558958611594
0.04920838800044197
-0.18464728575506695
0.14436061616395612
0.09518909271818221
0.15584473069409788
0.021481688777342522
0.05879672300346911
0.04706320955761839
-0.023965441898498585
0.1370233391681437
-0.08169624977060208
0.021105662967072336
0.11552004892289386
0.05002344124983377
-0.22605008364103862
-0.03573366611224171
-0.10050071163322793
0.08336021470708921
0.08172458614153905
0.04561124888568374
0.09131444844822267
0.13696748827554023
0.021131346812900798
-0.2748008836099809
0.10339718412702098
-0.09059404295369067
0.12426837155687376
0.014011473266307473
0.00850870016310501
-0.058650875902951705
0.004064405899155243
0.003677721210859075
-0.08401017074808237
-0.07998475632525781
0.03765379462695784
-0.22181052962250503
-0.06790623008975849
0.12474601932566909
0.07562639057239412
0.03259330140249933
0.1643080384135842
0.15720497875554762
0.04550688272979614
-0.06772791477948814
0.006225390168086653
0.051637675421161044
-0.034796080197438184
-0.2763532535532921
0.07636420714970482
0.019173135566438015
-0.02565647035762053
-0.14928781453932682
0.16406243493292288
0.007473867718295113
-0.05781103859268266
0.01719819522157867
0.10166573671613555
-0.07858157198351223
0.21186517816835726
-0.05350764015347864
0.08863954998095158
0.11726689513497268
-0.04595704728992278
-0.024768654565715198
-0.00020258461272304462
-0.14632649350026894
-0.15839926923628644
-0.012195573660711223
-0.012951280034005475
0.00878901282717831
0.05215109720745076
0.03246647815543535
0.024350954959686144
-0.09318700155061999
-0.050181738811902465
0.07019018492776724
-0.05079241531051715
-0.09872585020898361
-0.09875490560818567
0.025244937533886957
0.08611685632070815
-0.04773635114138097
-0.15771161413421952
0.007657524831139795
-0.06719494959090666
0.08688670654678005
0.10966025261534329
0.04934038792888956
0.07953494864782978
0.06332939601043086
0.051082782827669704
-0.12759716729672932
0.08435004836160981
0.03398617016234157
0.10887013967550513
0.09282423006722518
-0.01876417950069098
0.08739186129269982
-0.003643070473557608
0.03547948538915352
0.06900187864504859
0.09163739911957569
0.08665508417503648
0.01340594840913184
0.04545763796940572
0.006316922511237721
0.03400621287102967
0.008068513751669948
-0.06304732424930026
0.10594330353204406
-0.05344020847288966
0.027130486456291847
0.036771540779783174
-0.05094495776796193
0.017897427237157426
-0.0093383730608666
0.038682002455114994
0.05222350242937457
0.0410390196802804
-0.024653417338013073
0.043622674583438104
0.025400874815564967
0.05028248207750091
0.01457865072277359
-0.040699875544013886
-0.012005300237621586
-0.08103635154372235
0.09441427917000927
-0.2710698524860363
-0.048466706083277966
-0.04753755597353759
0.09629025898192095
-0.014568351761958143
0.008585307905623618
0.10550144633222441
-0.0891318639573
-0.10195856843625217
0.06845880588306563
-0.12720543156278485
0.03705014908069715
-0.008094818789285751
0.09739515008145455
-0.036572917710087416
0.18380112772220097
-0.12223610523562234
-0.1419494043402052
-0.04869007298164241
-0.09266871483586248
0.0704031826824098
0.12061188019943786
0.25604569434142554
0.09552965050674156
0.05265156904495005
0.06309779606773308
-0.09725700138886884
-0.1266678709000303
-0.07590755682432648
-0.008040414325862555
0.03681118850362097
-0.0460530746376121
0.09605260625559897
0.10422586909994536
-0.07067546383078904
0.0796356353760202
0.1430530603931972
0.09381152658814412
0.07439349591643063
0.015884438911443477
0.11925125360817201
-0.0244289088868217
-0.19190682249661029
-0.03342277761875867
0.02519658734168434
-0.09810973095818531
-0.1444250437258292
-0.09394115948228687
0.06578435490347584
-0.10371000206481351
-0.022579480212306935
0.046527952824634566
0.1693908017436721
0.09926096975802706
0.0348398083960772
-0.02083452806150199
-0.009709311583556035
0.044816096853579845
0.030336071119848596
0.040853865519623334
0.16468961912118557
-0.04261664697105694
0.07070240742113587
0.07101152428854124
-0.027987116034038695
0.11252507276692253
-0.0030656307186249787
0.11073421896450408
-0.0926736997031592
0.026409789749742174
0.10467576364655906
-0.08119447381808298
-0.10010288194217776
0.11335838310327412
-0.15802552656092816
0.06338068658329954
0.018518136952837827
0.10017206849164884
0.058138661219436394
0.027728966683671363
0.05805222858555703
-0.04075116067271545
-0.03474398796574285
-0.09058960340797328
0.02464976342182512
0.14831793058581416
-0.015571822720363393
-0.043525892373585506
0.0264993809005587
0.0020361338626289083
0.004249440303580099
-0.15927318828565717
0.12747762266467882
0.021724808339101398
0.022675213392287785
0.16605563036251486
0.0974480075378566
0.006708462481576194
-0.200993876677121
-0.1873506860811115
0.10222040943812355
0.05744868760120775
-0.04319393412371819
0.09337143933385889
0.1139027420042415
-0.11340830775542299
-0.10399540825300213
-0.068684186697197
-0.1915281778153035
0.03083353192728061
0.05699118827547062
0.02846129114116175
0.1624458464700403
0.05903385793794086
-0.09675383051230413
0.0634053854055851
0.01138118940734767
0.07669735006776945
0.031294777727119416
0.11151409849154148
-0.027451718261219504
-0.08807944098517873
0.028983596930698186
-0.002556839563169877
-0.022598230832721056
0.06926861856874639
0.0332671146354685
0.07981350282324479
0.1620154393909214
0.1365393449276674
-0.06390104959502829
-0.10059428821227767
-0.06058982518467204
-0.025402074050441148
-0.002235248512992505
-0.01282972783700953
0.004380036434914081
-0.1279796431346676
-0.16847338851609206
0.019463510699814723
0.007766152961455164
-0.21918092040858494
-0.10840036675417941
0.033504712902058975
0.02470229375926375
0.13659502417645297
-0.04532041220512606
-0.01942206006018099
-0.06819919769031468
-0.07826525299606679
0.08649867270018774
-0.054253707175822896
0.05537287876941427
0.06486012662945478
0.1592094458970359
0.0105352601830761
-0.014506925940230397
-0.031919116893703636
0.06597630361631057
-0.2229835306670761
-0.029152056492407596
0.0381114039315224
0.03769301883389825
0.09318299324230611
0.06588993043780966
0.05227510470500518
0.1037126150937206
-0.01858802307361973
0.15402586548071745
-0.03536362047812425
0.016717711457659046
0.015771165887857486
0.10750225106138561
-0.07692497221673822
-0.21229701920699906
0.00794367302631982
-0.05630078244535708
-0.08039816484368001
0.017536111210867678
0.06883894897324894
-0.11217814382161984
-0.008984041454207725
-0.020500341001777778
-0.40190184033860543
-0.08808707820801842
0.040978314974136676
0.07952848454085082
-0.011197158391723194
0.06823779599265611
-0.27068620107237085
-0.004907975237624429
0.15108450169314763
