-0.004167578474054706
-0.0005626682722632948
-0.02136196095668454
0.016402708084049887
-0.017934355851948632
-0.00841747365656204
0.005028814171580428
-0.012452880866072316
-0.010579522188623389
-0.009090076149268494
0.005514540445464244
0.022922080128149575
0.0004153939299840346
-0.011179254451135169
0.005390583205807888
-0.00596159699806467
-0.00019130496521151477
0.01175001219500291
-0.007478709492938625
9.025250973325124e-05
-0.00878107893240342
-0.0015643417038462366
0.0025657045200129566
-0.009887790487696217
-0.0033882196602919635
-0.002361840308526013
-0.006376550124843013
-0.011876122863852843
-0.014212172273041269
-0.0015349519567694914
-0.002690569602160135
0.022313667888866046
-0.024347675765210443
0.0011272650481664892
0.0037044453666323423
0.013596338626725962
0.005018572067813133
-0.008442137038298618
9.76147159609348e-08
0.005423525721490291
-0.003135081969934089
0.007710117380694115
-0.018680906545637636
0.01731184665980468
0.014676780105734128
-0.0033567733852384748
0.006113407795737174
0.00047970591868188374
-0.008291352890147787
0.0008771021840833142
0.010003658865506951
-0.0038109251751534995
-0.0037566942307899367
-0.0007447076289398098
0.004334963300765708
0.012783792302718682
-0.006346793051793623
0.005083962426834318
0.0021611600626368203
-0.018586123861234975
-0.004193164821526888
-0.0013232889843674336
-0.000395702396936057
0.003260034333869806
-0.020403230487287153
0.00046255523141696905
-0.006776755773280415
-0.014394390267386181
0.0052429643001034865
0.007352795760652025
-0.006532502677920357
0.008424562815713401
-0.0038151648176508617
0.0006648900914614487
-0.010987389469960565
0.015844870563956764
-0.026594494563834885
-0.0009145262289065814
0.0069511960504699145
-0.020334665461226135
-0.0018946926471238082
-0.0007721866535295716
0.008247030054369817
0.012482129205970341
-0.004038922693379395
-0.013845186665358649
0.013672354239271245
0.012178856330562903
-0.004620053481533805
0.003508884940877463
0.0038186623412669696
0.005662754414424561
0.0020420797891411197
0.014066962416613704
-0.017379595043845678
0.01040823953390729
0.0038047197021500046
-0.0021713526874487937
0.011735314984949535
-0.02343603190999962
0.01161521490740773
0.0038607804760359453
-0.011331332736769825
0.004330925546566909
-0.003040864388013156
0.025852948680645495
0.01835332722864825
0.004406898724151096
-0.007192538414266773
-0.005834145945790076
-0.003250496283817861
-0.005602345062377971
-0.009022460680705018
-0.0059097227546944546
-0.002761794922507378
-0.005168838937325868
-0.006985899499363887
-0.009288919245238192
0.0255043823587966
-0.014731732477998857
