0.4388097733866588
0.42477823532756354
0.4195178795876296
0.40182554069568643
0.3937819943943812
0.37672126214717894
0.35985420118368583
0.3493202636101087
0.3385692024340206
0.3141200208224093
0.30311737793843774
0.28605873062888776
0.27752688707124157
0.2568748228890626
0.24273451900910398
0.24941286292638543
0.22781141527104481
0.2099112153630131
0.20669985865241114
0.1987979037032921
0.17633155273636808
0.1851882200908394
0.17632411062146774
0.13975278173790862
0.17684960513625603
0.1584033047957854
0.14413075045471152
0.14572190911294247
0.14445824003153068
0.12277754684921988
0.13183418693509114
0.09030678573998807
0.12082438824931974
0.116411584260394
0.10901563817939053
0.08800469376171349
0.10649065453280276
0.10137222978626764
0.0732719252868978
0.08940445358378152
0.1084196558321957
0.06456182499045271
0.1133407715211151
0.08255980423936288
0.09900105941201992
0.06666874424721392
0.028384456984400397
0.08280586700926856
0.06507030403972835
0.08049348682789542
0.007963192579382383
0.01514973141578757
0.0431228065265124
0.017810363233920823
0.03009724624249427
0.05778137256674426
-0.09085176867838185
0.0027168556734512017
0.08741614149752824
0.08484636409456103
0.04952790564277215
0.054997032164654736
0.11047832706351418
0.045690440834242396
0.07146374626714835
0.05867239532965207
0.06259474920641656
0.023594461953314494
-0.07283920971093905
0.005491264403957585
0.07752577745044342
-0.0018429498857407411
0.002851745123719829
0.04365338256194812
0.06850754381142354
0.05352719363517605
0.1329721408432375
0.026084508349896673
0.08372566904940404
0.03706673411548855
-0.04960758761604522
0.016189820187831105
0.05442653466641517
-0.03392461933933544
-0.10512615434434025
0.09150105395455077
0.049918700924048265
0.10640901051272555
0.04030872073357045
0.04769819511598783
0.037523869561951695
0.10596326719815813
-0.013048183138631653
-0.12926072879279227
0.025622308403845828
-0.0167635810965181
0.02823908083682719
0.06165772306416917
-0.1278274054111571
-0.15384107013147064
-0.035009869066424226
0.0012229259414444638
0.06935571859769007
0.1289070399362015
-0.1620175254480819
-0.2704464689118449
0.01022135381145256
0.15354198461149593
0.16003712923205426
0.004604471627649431
0.13887457757415594
-0.02959307868168215
0.13795199512682393
-0.015275777297732107
-0.0385041365136336
-0.07558317375694712
0.02177221650061195
0.106651154055177
-0.018000687538520355
-0.1034434851543965
-0.11202755398915465
0.05578739077835193
0.09943905391420188
0.03625690725947306
0.02802506289264889
0.09187397520950952
0.05914289125147798
-0.02526013093968571
0.04130952552192574
-0.13087881137814306
-0.0712977398333483
-0.07986337124730303
-0.07834882380534369
0.04952443915136373
-0.22705159605084047
-0.20424205137754148
-0.35291155645944905
0.08928927694513306
0.07077411229326092
0.09172127016853804
0.21525649854331091
-0.12989045425931356
0.1643710615555165
-0.06674050712843405
0.007976879434663964
-0.44769790540837817
-0.21756543416071894
-0.05128392299091045
-0.20224252883256066
-0.04215013871063378
-0.0097033847108291
0.05127866538603981
0.11173751952642852
0.07541620238835373
-0.21956389448171976
0.11861541360493039
-0.1458349296819319
0.18815027202983786
0.06680993060551188
0.24711921885419652
-0.020108784687542514
0.16978733446631583
-0.053706312485488183
-0.012517018865325413
0.16127535235081508
0.02503308303502494
-0.29697362671505356
0.053847049779636946
-0.20145082233539613
0.0943929491916396
-0.008992322305530376
0.1218115421138809
0.23920577063476023
-0.043177799442813414
-0.024962898040988946
-0.056403024446670336
0.10035295336276917
-0.005185714548524123
0.12986641739559235
0.08746707005405585
-0.08642620551984936
0.007741378099415108
0.2021959074489988
0.11091578590646795
0.019309265772882944
-0.07183390794395361
0.031374948462636165
0.0829804712727169
0.058952646230364
0.1855862510527348
0.059646112697770814
0.05886884168646089
0.011725248966091284
-0.14099640834117544
-0.0007180438357787811
-0.044309416446626226
0.058761522341509886
-0.042138518469159614
0.07900188112024431
0.02497152000660746
0.15366890880102024
0.020718775223058428
0.03905485021954935
0.035636305806493185
0.03099651013443866
-0.0824520770905598
-0.016884265863775116
0.05600883611036228
0.011000160487574073
0.06769241670174181
-0.06296615309139575
0.10209688280251328
-0.2414177665340571
-0.08327113377372952
0.1307921558320126
-0.015819673362217013
-0.2023435553264863
0.13416262630384412
-0.0616004650130475
-0.12201973987863524
0.14379745663908633
0.21709189619193242
0.08753976690843052
-0.16171624079751712
-0.012022965025553112
-0.1655713745345565
-0.2516351498356645
-0.12935929161007442
0.038362494011975334
-0.0877660423163712
0.13765441437167086
0.07494174098735512
-0.2895693980644283
0.09525064401331174
-0.183654440792817
-0.06273193963848422
0.24583291776486282
0.03649929365103605
0.02316059258440406
0.008587140253752179
-0.054380429241733585
-0.042172090862552136
-0.029951000373292236
0.10762589988532112
0.12301975759422856
0.0745887994472686
0.014271110832852207
-0.013269842451623326
0.13965219682075602
0.09033606464200128
-0.17605249521787414
-0.08292348694193596
0.06810421616074325
0.1289137189235814
-0.040223674911161855
0.006394612213517503
0.13542000681310906
0.060593483802594494
0.026192212804674486
-0.08167904672186987
0.08685913083560709
-0.01388489060395215
-0.05241027319814573
0.13938715042966532
0.04274278894668221
-0.03199779788960977
-0.020751634796375873
0.0005249391254839031
-0.03756084957812211
0.007417504497688299
-0.023167962583425572
-0.15688437300704972
0.08288141259073312
-0.13110962086363698
-0.03653686840449988
-0.04780827911593921
-0.024970368907975327
-0.1458151030199928
0.01516374543743948
0.10889654988054426
-0.007275971988706553
-0.11024459465524716
0.10273868401805719
-0.20324152981399823
-0.09988558107602796
0.058465350038034436
0.23290526459449662
0.004042850577153978
-0.13998486371365848
-0.09083118276532387
0.10706478986459494
-0.24166201610691707
-0.0536007186396571
0.022727049563694535
0.19027232845963188
-0.0792184021982234
0.060145045073875025
0.21551475030337708
-0.3755567005869146
0.0356085694675462
0.1250752625329849
0.07064896413546073
-0.11345666267322774
-0.022657700729943997
-0.021045643481649945
-0.016236099867744547
-0.03209375366407363
-0.01120773017105603
0.16241188200737244
0.18302001521632977
0.020426411913984255
0.16543734547458822
0.07894537641142663
0.054883296246359015
-0.045277931238071334
0.008691855016986938
0.027876136417850972
0.08475911110267431
0.0971246544640223
0.03954555597909981
0.037260840344162716
0.07101320539614397
0.15333265591784673
0.12006503579413608
-0.02971219949659365
0.018088680800681822
0.0629408578084823
0.022954527559673255
0.04362428638248844
0.02219932140388059
-0.004475660831792183
0.034903405980762636
0.08453238303321087
-0.04608616655843967
0.1030981659139742
0.08302427102561188
0.02824174538994273
-0.005285438446388402
0.052934671840041914
-0.005587513229139529
-0.015693888077201734
0.03898819278892357
0.0692983594671181
0.0993189918598858
0.03998761824898661
0.03136726025707143
0.04735093372452964
0.04929778091759862
-0.04791425502708213
0.0009127513202058513
-0.008331947673791085
0.0856175068551509
0.09365415744329625
0.014117218413810806
-0.05818441537852492
0.02629165992339938
0.00475488985573036
-0.1259867357612804
-0.010840148010910378
0.0386749083430703
0.05012117353030049
0.020095198793609548
0.08462228235738445
0.07694015598974407
0.10452530602941451
0.0028966210500558365
-0.05616594626918936
0.09120056097310769
-0.040179860245234345
0.08649683751757531
-0.12335785124540077
-0.013858048010416013
-0.023750793250635893
-0.18024256325391574
0.08098454532042992
-0.009662906123650727
-0.007528226870345378
-0.03825297523627558
0.013674285130293673
0.130808696985506
-0.09898151199379424
0.06574783078500512
0.008638616764401752
0.06566272156578845
0.053793177235661516
0.02296512007784912
-0.09156023799403512
-0.019202129604538265
0.03388892862408688
-0.09058949977933628
0.07439244707885906
-0.00021209902965457772
0.06818745902466944
-0.06266821892402075
-0.15806012795195112
0.04018044100655965
0.007360224997255638
-0.02080486635780754
-0.029808102050306595
-0.01502432480833682
-0.09629153192906836
-0.03804875466169033
0.07202305208390547
0.039132236084244265
-0.1331344162431468
-0.00895251625946858
-0.2214102589586031
0.13519516011979665
0.17426490311989118
-0.013289927412909686
0.016420297149351837
0.030934292614303083
-0.015953578722502026
-0.31037441437653757
0.030696875383339428
0.040476127796929384
0.12302513043453966
-0.25546862480634636
-0.1597693886503363
0.1570780239968208
-0.057790934473328504
0.020628846300908554
-0.020825081116799482
0.1825620465842328
0.046772630159369666
0.15485884272622497
0.0305036096061847
0.029548326718000117
0.051525617694815895
0.021163321157466275
0.06843477889564104
-0.08392060620187092
0.025416740718818498
0.017875185958112938
0.007986638345038988
0.01692854749381223
0.012763065035251986
0.027610017088524064
-0.07711220846265221
0.06547256474585694
-0.22206436934163853
-0.12274258480302602
-0.11176862418498013
0.21918259884999358
-0.19978645943532258
-0.10436266007852069
0.0001474350802285196
0.043778950644216996
0.014498579136358991
-0.0787128065621413
0.20007299250079397
0.099225639153465
0.015383271533818799
-0.0025405860118106194
-0.10712749415236877
0.03697800145433594
-0.01926425405897969
-0.0996668998004997
-0.0324228430473007
-0.012511586519510898
-0.005861655302529356
0.06459549291523081
0.0684548417286156
-0.5349821842532836
0.026742890193049484
0.10511277002646296
-0.2080330038966729
0.0948569341409824
0.03931727928178935
0.10321073463996955
0.08343548340160717
0.009915697506407584
0.0021933689515986066
0.1690693510181151
-0.15352375940796947
0.07344086145788958
-0.03589597489109975
-0.32157803998247536
-0.12142849381579734
0.22107848152492088
0.14220366948175978
0.05916852324068411
0.12483490142857767
0.02847048391632412
0.07469134276428258
-0.26894951044758475
0.028548576416495663
0.028984332386735034
0.032461313207003406
-0.027889885462409447
-0.03081819165658839
0.14246013707085586
0.08903657805631654
-0.13037143875979051
-0.06186556597157544
-0.028804688824438096
0.020759282418061298
0.043769498752485814
0.08508352521255313
-0.19371035143361803
0.03049456687854918
0.01402895642709373
-0.0981511382206447
-0.11410926737885385
-0.06928523121848629
-0.022330482496069615
0.05651819079717574
-0.049947427621984786
-0.046126360660670884
-0.07513388157995882
0.16131053455924987
-0.03644292552576134
-0.002604989365379007
-0.2558704816155788
0.05928910190855036
-0.6233934443355011
-0.022516664585989332
0.16782588944483706
0.08102122641427917
0.281071204369036
0.2653562848644163
0.13174068787579368
0.04754936958771372
0.1120569692565172
-0.10215236943136341
0.017851118969793245
0.06001449452223556
-0.1973219635376059
0.13640073325708107
0.1325770563544959
0.0007677333680062293
0.007962643550381732
0.05085210825717512
0.02737482312301376
0.002676862505765598
0.1605528363278229
-0.0076526761961599465
0.05058189528977475
-0.035315857374408455
-0.06610278024340177
0.07440958789855823
0.09504728374918453
-0.05949054888360994
-0.05379299088510703
-0.02050999644772511
0.02596581109919066
-0.1023109426946861
-0.0652794906405122
0.0311801682810135
0.06276575503638765
0.12205453303398384
-0.07143509870069542
-0.04680655578229864
-0.02390700601341622
-0.04621932958268238
0.06727054596573889
-0.06730277827680531
0.08698775442127848
0.10446293265604162
-0.12169023301719284
0.01642051441975878
-0.1198001797370809
-0.05964013269152657
0.014794922014507161
0.07817204340909317
0.008473740593958445
0.0645366649595584
-0.12507210099867994
-0.016743983071780044
0.07649904528857604
0.09198464750612179
-0.018533547642034964
-0.046412882524244026
0.010566324054337939
-0.015953459962104732
-0.239723153875391
0.03146927432488389
-0.24265637297879783
0.14311270164167744
0.04213835903142338
0.06203464574600237
0.15443649211316413
0.10496131009388154
0.06180561975232246
0.11322706944777755
0.0830249520711468
0.15283139488713599
0.05797406168842267
0.016667565002661144
-0.03603453282337987
0.09445712506801446
0.06882154376916733
-0.09267535190368192
0.05316998752216612
-0.005301546986314354
-0.03502018083679059
0.013607432235281602
0.04792547730688884
-0.023169997840003287
0.032818475043535245
0.025777539446620867
-0.026837340399489373
-0.003862050003163753
0.11986366375961655
0.02109201867194893
-0.02521069644132401
0.04468365262698415
0.08173737921233015
0.07190062454309443
0.06415242051805475
-0.05930791566037463
0.004313054062059007
-0.058929720258343865
0.05130288103534286
0.0784020072464322
0.008150212901673393
0.000607814484547442
0.06975290145883806
-0.030920361139199604
0.04826173276947893
-0.14914343057123747
0.134968571091808
-0.21521451416780757
0.002053520730541325
-0.10787342626362018
-0.08278639292249268
0.01330027190803107
-0.043464812287819066
-0.26998962478128485
0.08796879889441428
0.09482688900249436
-0.11121193300724541
0.034417428762645697
-0.07817033182717914
0.01960146357636905
0.003954033815194935
-0.04545946397816325
0.15575755191878154
-0.16680448893908362
0.10540844735722577
0.06640857567492697
0.09817985599654677
0.070017063777699
-0.0429126238003702
-0.06593320558357496
0.030151254825417695
0.019739480701916723
0.030949497630359812
0.05706613749937167
-0.05569816809832462
-0.5107104755516436
0.03240699241597189
0.027246927808128207
0.09740851831722136
-0.06403365518678428
0.10637549258495699
-0.019094239260861512
-0.09955247203444262
0.087942624976247
-0.021899854956626497
0.024912309246422848
0.025616987147151604
0.06285793274943913
-0.11357322757471933
-0.27426514842222494
-0.03141860260193785
0.10764595931633664
0.04904056534532414
-0.020467519966287262
-0.018009840455578185
0.12295522874469261
-0.1602179840516179
-0.045878575352904405
-0.007920081832272663
-0.09824760100757357
0.13037615340529884
0.08817555219919815
0.012413506419568454
0.052226524865122026
0.09825692102447342
-0.0319595609797908
0.10643565505238006
-0.1609731259769256
0.06046883234851663
-0.26663023789657536
0.08333905412463294
0.008863240294365471
0.07222723416833832
0.061161654924393294
0.04316634345378467
-0.03605919733777141
0.06692361782585154
-0.3424132662256105
-0.00481724578188969
-0.0003110689832491742
-0.14625875598628946
0.057885470931736294
0.2552698009483346
-0.11675935423443229
-0.946525346972843
-0.0006770617265794421
-0.05854166749406753
0.04780781943921636
-0.18652488276310686
-0.06470326851827346
0.20592642578857762
0.04135128843235064
0.3115900195386154
0.20667216065817773
0.2751730712862728
0.23391070033620587
-0.5060047180567582
-0.007662457402931033
-0.2116635200107556
0.09701791182529879
-0.045493369835451714
0.1767691435912883
0.07035341719448907
-0.10070220877130276
0.041269392034270935
0.09520316217810476
-0.189720199694428
-0.22751732167308292
0.08230360515427976
0.06483713137359237
-0.032248887131662296
0.05412366022295928
0.06602104815155657
-0.5374704773504986
0.0002501334979775338
0.07927120615849281
-0.08775524108453259
0.018763819435959228
0.22826515720528184
0.16147133780234468
0.06889278463920817
0.10189943164703885
0.2315851104230705
0.04094064761391519
-0.14187636498524236
-0.044531703953648916
-0.0857019319820499
-0.151499957915448
0.13733667036053848
-0.05622857579539253
0.010147963435307383
0.09368327743662469
0.2008804864847697
0.09287147911233884
-0.10429681843201832
0.0006484511877247745
-0.021623128746631748
-0.0987822978638081
0.16554312062323023
0.06403998536364375
-0.21646210817089206
0.011768661230661115
0.03902972258090548
-0.0007888492826545468
-0.06671376362597148
0.14233982308477122
-0.0359945528334189
-0.01537212621797468
0.05519967015933308
0.16771375596419208
0.09823362071952452
-0.04576363717362031
0.06107431821636572
-0.00384831906406069
-0.029932341446183508
-0.05753845824291959
0.04278879800789148
-0.010712286621237022
0.06062795988613717
0.028708352302609985
-0.1180918970883309
-0.09320654128741424
0.09722599682938432
0.13689268551836276
-0.00379661129384512
-0.15883075022939097
-0.18174043665267847
0.09406458800992773
0.04195374748120162
-0.06346842537003128
0.016709473702695543
-0.029030258840835432
-0.00395013107204345
-0.1367923311356385
0.09672246444299498
-0.1377828293672333
-0.11995231531129014
0.1742057740860128
-0.03286264289098384
0.20201451606221232
0.009589247518904387
0.1103503154648443
-0.06251715829586846
-0.10855015855174022
-0.032299682196774704
0.004839948619001555
-0.016877019340378996
-0.2729393552456063
0.02550951299657017
0.058769824643724655
0.19189478636627882
0.12432085103768525
0.20688758233982135
0.05190683275841873
-0.15944996265339484
0.002104467818180855
0.040154682111664175
-0.10351383049258789
