0.0385433969746986
0.031657167410783685
0.03497227966428982
0.03682031083287328
0.04004425901064611
0.04609064067338223
0.05436855745843021
0.06462217830836318
0.07635599511877099
0.08985437204255402
0.10540815760641503
0.12299268120106495
0.1420252832242112
0.16226768690538265
0.18374855517041347
0.20653621080360227
0.23137470516257114
0.25824105706297357
0.28727984349793034
0.3182935046005678
0.3507850390709951
0.3846238332117678
0.41936895100903704
0.45423742144273
0.4890572484436969
0.5232424875711347
0.5560020228513606
0.5872278896030719
0.6165675716700159
0.6433362846471431
0.6679665181694491
0.6905006146307919
0.7115638823361636
0.7303556075584638
0.7473644600729846
0.7631218446321051
0.7771331825374791
0.7902548370899024
0.8025912492604135
0.8139074512811106
0.8246685686885795
0.8349589428274153
0.8440526187598909
0.8522622782518964
0.858400030383555
0.8633663255710502
0.8667391612584016
0.8694573371437605
0.8705906757177458
0.8705561338812119
0.8694537291577212
0.8676122289642074
0.8650911229065052
0.8617985218273521
0.8579227774237418
0.8547550094995793
0.8520613742553401
0.8488139931337282
0.8442352645665605
0.8399744759446544
0.8356999986506349
0.8309452383046086
0.8257227868746418
0.8199945498021024
0.8158592857166111
0.8108473951431956
0.804806082393221
0.79903342561873
0.7934722150445356
0.7886210035911796
0.7824247390975447
0.7742347119755221
0.7678940257801729
0.7645984038486133
0.7611661621345934
0.7589572539515076
0.7556580353623504
0.7540059179012099
0.7531710660442328
0.7519314565392003
