0.02552165205496481
0.035558001741557196
0.03896313003946603
0.04677099177024069
0.05844842683263291
0.07265791123459057
0.0878300174748263
0.10483752030927376
0.12371286633005343
0.14390355526838614
0.1646745685759321
0.18558875689915397
0.2067992704033954
0.2284626492391424
0.25084199084939407
0.27421897334331446
0.2985567557447848
0.32394440931334906
0.3503004529449331
0.3776444520480935
0.4055789378966554
0.4337749703210611
0.46183980979306277
0.4893676448040818
0.5160582653903578
0.5417629832966192
0.5665098478847935
0.5906012291647786
0.6139383480574626
0.6368484063345031
0.659564848190639
0.681950702340374
0.7041202293577892
0.7257128839545685
0.7466124418525232
0.7665086722796628
0.784708292876474
0.8009101974332568
0.8142131860367166
0.8243233129623695
0.8319679905398267
0.836884975626441
0.8391455707888268
0.8404726514982215
0.841391848336346
0.8431401637355783
0.8464964748988649
0.8516316823745155
0.8578580254388105
0.8635530723624159
0.8687433110192713
0.872865585037365
0.8764967923582735
0.8786766594912485
0.87929916698361
0.8782270334268371
0.875802225314179
0.8713559076628079
0.8648067857391695
0.8568657823201848
0.8487633729553282
0.8410009237836916
0.8340051685525667
0.827466522561348
0.82166031947372
0.8142283973754418
0.8054786789213044
0.7967858747791902
0.7886818418611932
0.7801419957033409
0.7727668347919101
0.7652665931982061
0.7643803487135254
0.7654501311171341
0.7665369117742818
0.7672499844478803
0.7648843697682365
0.7625566027215799
0.7588637974623876
0.7558577192021007
