0.4407782237264748
0.4283016378204033
0.4126955413580246
0.3962610078452212
0.38149280325340773
0.36555274773176366
0.34603258683881166
0.3260700366346122
0.3087297210430858
0.2867173214172606
0.2678531102491256
0.25326479889517295
0.23384216573551925
0.22475982721949989
0.20857522709419585
0.20006513370326168
0.19352562201131562
0.18917193014792522
0.17959979980989293
0.1733265486824474
0.16430057698078698
0.16312943222941118
0.15282756937328007
0.14942007180537248
0.13944129449450726
0.13956093704441264
0.12808956926855153
0.12399602804525911
0.11858678409343931
0.11425143550381966
0.10642998166290635
0.10272840414238382
0.10608478068813959
0.09623962985538476
0.09650365136140021
0.09337258387454567
0.08668871953282614
0.08607343130069839
0.08946064502952089
0.08156417879357641
0.07315959706834152
0.08013928593788933
0.06704265899551143
0.06874824936521695
0.06362810344824937
0.056135483771438954
0.0519072113663549
0.05323240557060516
0.05153482533063625
0.03769363462299746
0.04786588702354594
0.041551643922795756
0.03830628894235805
0.017511073664678856
0.046498975348041705
0.033722294819561516
0.020665528132551736
0.00550338828865321
0.01647272448328957
0.03361590916701268
0.017616834550860605
0.01711147011232894
-0.0028042985828783396
0.043395613132735766
0.0008969816382345952
0.011225959540580033
0.004101641034582493
-0.007461056787642195
-0.004341716177967192
-0.013859197146665836
-0.005104466889207737
0.025102154169591717
0.022045884294101536
0.004547014354751633
0.014065424277699023
-0.03306223971353395
-0.02069354358155895
-0.007059927112670672
0.006737037333520268
-0.006403424789115153
