0.4396259708988772
0.423827347342745
0.413495585503987
0.41076504417219656
0.3882222119433293
0.3665586288853149
0.362824770967366
0.34429826186635915
0.33138520328476856
0.31138695193049415
0.2869491264221926
0.2925617890009492
0.2777891754540853
0.2468132616962163
0.22842735381138263
0.2372899775508216
0.21539848312435728
0.21027175760084077
0.19755793975070957
0.19225865136317727
0.18206968844727744
0.1805132056991584
0.16189109913734107
0.16554199787239643
0.16659037965664036
0.15397802371272384
0.1503409356796283
0.13797005349040914
0.1616491046681406
0.1417000241435869
0.1451996604159016
0.13187251398559235
0.12652857156819775
0.12924068357275392
0.11119757908301775
0.08953752315915697
0.09547752707497159
0.11646301000239878
0.1051525686232534
0.046872709535531853
0.09371781030985371
0.09505865046060225
0.0908665955044749
0.07390286135620344
0.07489952706895153
0.07083806661232567
0.08917004414317015
0.03918937144342738
0.054511230487249984
0.059661442903936046
0.08442823603223232
0.02326065283884743
0.0341135152776727
-0.01219064451046703
-0.008905290650583764
0.019395101326731
0.0819156366859255
-0.003609693827327898
0.030812621320452926
0.023671435667254437
0.01986106400414972
0.04568564971067074
0.028029749839234175
0.025407347917801193
-0.1138481179409907
0.15216712631307022
-0.14149694240781185
-0.0005773099562074169
0.012750602383469534
0.04667301253848649
-0.1074423697364304
0.05343541174739258
-0.020199414326182774
-0.006174595344105138
0.1299198015717018
-0.09932407341113025
-0.026501579483295346
-0.08424257141980207
0.006824368748317822
0.14885593622033794
0.09676897939631801
-0.3538237813213002
0.04021633537270425
0.11896463388188594
0.07458248786094451
-0.006979422293885595
0.03360260552892369
0.011099865712751844
0.04247467530103727
0.08157461744979216
-0.01125887495198774
-0.0005746479170404273
0.007936917640621766
0.07138874459940958
0.032155265780125564
0.10117235037599542
0.11840222588342209
0.1360713808164975
0.08315840847054035
0.018990149512348675
0.003301006950712948
0.03868142998314389
-0.2139840722070887
-0.049699739794126785
0.12975361886947512
-0.036891047587129244
0.08072639890072852
0.03893859119905618
0.1192973624016212
0.12185232652323197
0.029382396793776244
-0.0075646768818831145
-0.01630329852046053
-0.003401157781889874
-0.03713928869625471
-0.06625603386184398
0.04986465614799934
0.06600453824253633
0.10721799058436976
-0.019743712826425175
-0.014408279289367276
0.00396739525619122
0.08765481383417761
-0.06523549069440515
-0.004697146257911622
0.02120896192732169
0.048040673170751336
0.008204879759682593
0.1005453388812994
-0.12872797676552883
0.09374819726815298
0.030560376319832494
0.10414643655811895
0.021609571189111054
-0.03576839621376138
-0.09987192463501537
-0.06577413508999863
-0.000272856145176692
0.04746530791204828
0.08281258997381497
-0.2804555941539765
-0.030795162399287146
-0.007221410217122859
-0.14870856145038458
0.015927235134377993
0.03988586617982437
0.032157120054807975
0.04766970356142569
0.010300812154317773
0.07865428277394781
0.17483663549323353
0.024335691811120552
-0.02631533636521899
0.08155759867698437
-0.03469782532663568
0.011445910773726087
-0.019078813402484962
-0.04913504654518275
0.07026474041170044
0.045453971272575056
0.10072821980008079
-0.010026012934156836
0.07375073717446712
0.05433311614072589
0.08066870991118918
-0.055931104277999744
0.024405471072226403
-0.006885892497745405
-0.05929095796757178
-0.013169283916408259
-0.12494271142088409
-0.022067960852930946
-0.07244665246016546
-0.22434866716065838
-0.0031915979474215206
-0.08903389293189046
-0.2247755954754428
-0.06047683109455737
0.09281114967837673
0.04244832360648093
0.047441586960028925
-0.2713846468153448
0.035640721098808004
0.02345960697349042
0.06109709921817297
0.04562536798734701
0.033843601886229424
0.17612560370680358
0.05817698025198659
0.0592870465749506
-0.21774695572540326
0.1414891156439494
-0.02383025410320716
0.10198879116023218
0.07957225141883029
0.009069080083642544
-3.1390069917036634e-05
0.1398707342303141
0.12552352227249097
-0.12111541310978402
0.04423934773839022
0.020973390119416235
0.12715917777221747
0.10898147591309798
0.0405722912719465
0.15291044718382596
0.09568425335490682
-0.02824095640209945
0.06419504754904082
-0.029393098471810375
0.07147776458810606
0.044258504461586246
-0.008097230491544538
0.027735933286276382
0.07568321728788474
0.04375824926922839
0.12632131260508084
0.05250956474942625
-0.0658838905361876
-0.015052284754672351
0.01589933783513464
0.07880671065418499
0.003519558068095119
0.0008483672881103299
-0.12390551429656105
0.056054555984137555
0.046250244914185445
-0.15927460205767852
0.10005591893184701
-0.11349722600114032
0.03361922524892719
0.035804647476486984
0.09018460772227743
0.16611664620067024
-0.02647147306676767
0.10615580381303047
0.03884596122075157
-0.1445110886811577
0.09242082903329973
0.011408616810097472
-0.017231743318630643
0.09785769929383198
-0.15349637274429873
0.020423730946964036
0.038668728602850255
0.06724441615174448
-0.04212666194619086
-0.08701915863126275
0.0022687426612268413
0.023959087201862128
0.07229707151419335
0.08795924262094262
-0.04380661968753652
0.1286056557630853
-0.08096452397006737
0.12656400935642664
0.08775361506245638
-0.08361185587704767
0.05653709632222903
0.014951996836446102
-0.11255540150293852
-0.12628696790923755
0.010078448243557914
-0.023703969910902623
0.03610113606565546
-0.006300978651062161
0.020741189609052413
0.051148605196884245
-0.05858937248002283
0.08216553722921494
-0.018101850829401966
0.1314932492727915
0.10664260493300387
0.16690850110033528
0.10184899388726876
0.06950957353754794
0.03826668560721874
0.10103322349283622
-0.08281719758699213
0.0610583231508286
0.04331230892577603
-0.03651869828883014
-0.03353100697762812
-0.019042678060586682
0.05486639886313466
-0.001181079494732451
0.02809373458010178
0.011020226039080094
-0.0408928561817522
0.08284488033349102
0.09215056835113122
0.025858477344437192
0.10356199798654042
0.10746818206198461
0.06450433483084361
-0.00558086131441804
0.07650651708106826
-0.05191109043920206
-0.10676126813966014
0.026961411083244458
0.03913384268165393
0.0029781019757421645
-0.1578643610920084
0.05310383737060559
-0.07570823682528338
-0.04931254673885399
0.12875723350310836
-0.0030996398074317755
0.06794497710980263
-0.011213485061941308
-0.0038164024669778973
-0.0197976322137976
-0.04137073456696305
0.11300781021789108
-0.1413612332206029
0.0654697451017659
-0.054417471580338606
0.015391646036988393
-0.010445166070175649
0.02595520292675757
0.10746767938869095
0.005523915089934772
0.04547417703840978
0.07198413483176136
-0.1682426837567803
-0.017550208032731773
0.21892590194333494
-0.017566496303954127
0.01489073038422406
0.030586966497859858
0.08128823427505133
-0.17724051307776512
-0.05427360947228499
-0.017578351534445757
0.040829378199697175
0.017256492317145544
0.013470185846154947
-0.021602909510664237
0.06942598086287854
0.14801710173007737
-0.08107733038788922
-0.012617951717209586
0.003271679306938724
-0.04104206602642968
0.0017428066987363877
-0.004753328042378824
-0.16986704784654394
-0.0821375152842363
-0.03644632222357369
0.06679237939265054
-0.006398044010441528
0.11573815877374904
0.059232111320170755
-0.21680635478614207
-0.0545794507631121
0.1236123567387617
0.035905444739087855
0.11548524977932123
-0.013681086943180598
0.09103680773666734
0.10280499110156466
0.09373101132367889
-0.004087940769464393
0.12242180927405488
0.07755216802648013
-0.02934026340289142
-0.17738033338975767
-0.09132381192383643
-0.03034080027961461
-0.16895090142954539
-0.08032054828539426
0.16146223185144032
0.023637504423692557
0.002495163031762726
0.07001904876581222
0.031073525586110207
0.06732464933138743
0.02711907405881897
0.08433404761540542
-0.01108846088879778
-0.0029315035261060496
0.14441679443703914
-0.04802937828585474
-0.0951299987210309
-0.12287894781686681
0.04405137035814849
0.04592771373157495
-0.05465847980973704
-0.09850707782297596
0.19179964160902585
-0.254368805745528
0.010813752270604604
-0.09381955148715238
0.161634556520851
-0.12353601771968559
-0.21567219430389273
0.04409039709705248
-0.14241131311387834
0.17519542610554611
-0.11154189724406072
0.10946064301030012
0.010946249093578109
-0.1846920979838581
0.0024133248193027868
0.11121897274715437
0.16098359342856083
-0.06651954831333096
0.07611186594319586
0.05729028697184979
-0.048802085506151616
-0.04009721997793525
0.0478249061881989
-0.03271410613490433
-0.048906748036212755
0.0628067217626837
-0.13835201044879775
-0.044257470943972366
0.05262789190925543
-0.036505869278396164
-0.19537605493528987
-0.10586812388327793
0.14915990522147066
0.1243445165345406
-0.13819832577585356
-0.036179579121332295
0.19045735137073788
0.03959471513027285
-0.3559185100807283
0.13250979303817173
0.10711572264263519
-0.13615930427570933
0.1844292508973701
0.1201782680263967
0.01878913415639566
0.04959671738624505
-0.05567565048743395
0.004982692363655117
0.005789855974611957
0.09734755899729841
-0.004620696741212016
0.12640199134774116
0.055264438361676826
-0.0222919368850909
0.15180016460435924
-0.08661998780767033
0.12270745361248941
0.016409861371206258
0.13743261082070818
-0.014615810482217717
-0.09909104422122006
0.024653250704964214
0.027038898807887457
0.03855648732437611
-0.09256697871680153
0.010073927531033477
-0.27158501637794596
0.14401819749845018
0.11344956582306986
0.028463058086893533
-0.02792819931678381
0.06937645537309145
-0.008778021035472316
-0.0346469090017788
0.08934487784741962
0.13367304589053036
-0.10333662978724445
0.04615268350739876
-0.14720069958583692
-0.13498228576304172
0.16969407961639904
0.11810881513239885
-0.03629464268924021
-0.02851272209902389
-0.0466187101546196
-0.1512057353516416
0.012153744286937607
0.06495046122810677
0.12758076683790176
-0.05048050737610521
0.049678942547557
0.0535345657082264
0.02958300803502245
-0.09951129521167257
0.012137179570938517
0.022047429974830224
0.0710404608942728
0.03875458972776841
0.05496595180384284
0.03222448111420945
0.0757111652475374
0.17623400953529467
-0.013140193647318998
0.08112506081666815
-0.0198824517792745
0.10607704421039077
-0.15078388693131628
-0.08355195374340574
0.031861633621012575
0.029499523861817922
-0.05903440370835933
-0.010651200208213085
0.030313471655816437
-0.0678908474346469
0.13054917818713252
0.05897174838495789
0.004015554704829782
0.019037729606233345
0.03930069473968112
-0.06197547288604843
-0.26986920834674444
0.010073957769168196
-0.03898198771069239
0.05645987299055838
-0.22952827555204436
-0.026033891811656273
0.050838258363559596
-0.10944283663422738
0.007709315350267976
-0.16044614250087097
0.18555898950262584
-0.06589114739283464
-0.10241843531999517
0.03466334655144859
-0.06670557841652847
-0.14449462735834506
0.031074452447206302
-0.08909725599238072
-0.09155838215371215
0.12731470899121827
-0.12653896830057043
0.12446014192605132
0.007680788998594146
0.044681552598380414
-0.20778661879763516
0.14897630646363075
0.15581526294054643
-0.20228592877876295
0.10092530226724106
-0.03716918163716143
0.07402066704886462
0.007660474068248824
0.04342456865742361
0.08803969581125465
-0.04791059995788172
0.019202365731911086
0.10634047630980487
-0.15811789888605166
-0.019398151732824553
-0.0931835362255673
0.017748715252724423
0.0995295162224229
0.003781982786170923
0.08024847635999965
-0.017719200199993845
0.021739877268969476
0.007911110045011549
-0.023745232994795473
-0.08540811464178544
0.028960973135127965
0.08996154668660539
-0.12270874244185437
0.10532278224524128
0.11705365972412879
-0.12240131333925452
-0.09280600472502498
-0.1722023215173678
-0.03634743134481622
0.0893535669947424
0.1189220949640814
-0.11163983264587973
-0.028033482220703232
-0.07644922349137984
0.04809199736198927
0.028459210263160117
0.008540261028198937
-0.02664378626956454
0.012081915866865522
-0.19633100587034036
-0.017022094210781935
-0.1519281871412581
0.07534246964328573
-0.026601148678157438
0.0981137855846328
-0.13687268627261495
-0.12816699759094974
-0.29438483021185113
0.11278741669559944
0.11563057360664691
-0.14624768243669584
-0.051922797183362235
0.17035478041747742
-0.21186119880043353
-0.09706260977457848
0.1641678412353847
0.13292056432584182
-0.13798818541003843
-0.2511628839297684
-0.01645820573608392
-0.055898703972480646
0.03461248077275808
0.20956731968834486
0.13088505577100812
-0.21845767028975482
-0.018916624844418917
-0.10202940157224083
-0.006091533945665972
0.057810576782493905
-0.10844758812531796
-0.09961623941946729
-0.0488724785844431
-0.07067281440256634
0.04789057154104537
0.15637097111977832
-0.16592970714296362
0.2045827626322364
0.06219157282945553
-0.09205335451835006
0.031522005354890026
-0.04451966839218924
-0.04157288893021838
-0.057197259255863275
-0.021575705946813017
0.013435094808435022
0.016375313771121502
0.14944233816469854
0.11586648841460295
0.058309068739351044
0.09264706708120973
0.03298078014326539
0.00010718489940547693
-0.04933165104518489
-0.20585415902675308
0.02317542628217445
-0.2069919391505709
0.053345613672660164
0.010914863775929096
0.06032400622236195
0.06681201277223231
0.10867530491429434
-0.12457941472731815
0.06466088882319876
-0.04933458630176557
0.024249259428390624
-0.18569253869627278
-0.09237913816360266
0.05323075380429504
-0.015591862031398174
-0.030180576620070232
0.11728195162584126
-0.0006490972109303161
-0.0623384270068269
0.14722316536123076
-0.4703169309427697
0.013171244972606022
0.031673527710625815
0.0333972498968676
-0.04239594035653238
0.1090387291291618
0.04620834205616814
0.04329066157920175
-0.1644330031234228
0.06858826073014634
-0.08527469485873718
0.11252301406520165
0.22575078016509675
0.05451963782332142
-0.16296787896777698
0.0923647839754611
-0.01004667789147462
0.05989676059266502
0.05892124190330439
0.052623602749029275
0.009928309470642716
0.10275307251238552
-0.19777091962577575
-0.2536522083945847
0.016197294676765617
-0.08603520920759
0.09086728296372326
-0.02623343253271171
0.08596176712599013
-0.010021402042998617
0.01587110982711276
-0.3938572566844921
-0.027846631677362232
-0.014303577086184571
0.03487030873172997
-0.17220942700933217
0.10874035310462782
0.039877435799317074
-0.0758672103159862
-0.19903237014734732
-0.1635538174323995
-0.06600670719398471
-0.11201516626153585
0.10284285908201196
-0.04792329173417753
0.035748600888511506
0.05498902330494093
-0.12920870906529158
-0.08378114157882133
0.23110032833923433
-0.09065077096374263
-0.0013061936722807976
0.0397982322662046
0.17897724294893358
-0.042037705624623944
0.08364857679966481
0.09128476473833935
0.11928736658868161
-0.10792595042488329
0.034298054004071765
0.08187204622670424
-0.12260839777522037
0.09671751837958376
0.02592143153182297
-0.04866109833453469
0.05150973069884551
-0.009293187642278489
0.14994792712839872
-0.11251638021653299
-0.03007316612903088
0.021958285930258892
0.010557856275500821
-0.1231291247160563
-0.015640298690946186
0.015960884512296325
0.014493215624418354
0.06624242563502442
0.1101783069772666
0.058097319108888434
0.016867325784096776
-0.01912092766032547
-0.16990110499543476
-0.08309182076973542
0.1819241561569918
0.009271764897771984
0.029173422874382016
0.09755629033688801
-0.1005212358146963
0.08142356213978291
-0.016385742625621758
-0.06165515282165068
-0.03553045136391353
0.07186279045078764
-0.05990601754162084
0.12994494480109864
0.054939183496181265
0.04623694985924387
0.04252006512671219
0.0949537938130105
-0.008807741411801406
0.05618164643422241
-0.2666459028696322
0.08737665566485198
-0.10716678245888489
-0.2135263750175107
0.1032861981461497
-0.18066231844189384
-0.020216623253787813
0.10436689056519238
0.01922232361437637
0.06547195919561571
-0.05613744546388921
0.1395297251623066
-0.05881418404139582
-0.17535245879512962
0.12749960663855453
-0.11036653268281427
0.11414369126838231
0.024469094713663375
0.09668667974779166
0.18341918049492217
-0.007942111077068659
-0.052794263864564206
0.13456995031735447
-0.09780415560976519
0.19238724606081486
-0.0830791251390458
-0.0967424007652049
0.019618466065671136
0.01412203080773583
0.1521143094880718
0.08063121827964537
-0.0033971344971961415
-0.025570450963760982
-0.0544058777655263
-0.050268264513062655
-0.08725123617726971
0.07982227846540485
0.12214449337396499
0.0015536969597257366
0.07313601569706174
