0.2603532843446939
0.29719813916706184
-0.07191556955679276
0.31568472427179806
-0.3428285156620837
0.15346958851668402
-0.25225242998653047
-0.3405144273505678
-0.09513757706322903
-0.0957804856265668
0.007059180086877647
-0.08026292375093454
-0.15505201884244338
0.28515909703843134
0.2647344153063496
0.349328615570651
-0.369451825637086
-0.19221235251613866
0.37617553618671634
0.3966947380658738
-0.05197171860703604
-0.21170441524797715
0.3270621941356399
-0.07732292127703778
0.2953944017873635
0.25210465034878216
0.3804610611750834
0.3302553124705821
-0.01686543692989676
0.38475251117440823
-0.047348489428821694
-0.3397966089589439
-0.01095776843039259
0.029287289317334694
0.16220927738995924
-0.19532347173642522
0.2522484742964831
0.2763183273976329
0.2679181218026292
0.4636694372130573
-0.2205648075482044
-0.14889829140843508
-0.05659193288128479
-0.31099277573223266
-0.08136298706261268
-0.1346946246435861
-0.36189351643645146
0.06490164527499571
0.16620344812530752
0.2123537766450562
0.2982525977816629
0.06632962844482188
0.1199784667228106
-0.23734925406163337
-0.3284823586580604
-0.3119919435319404
-0.1618521018581092
-0.006654191266272083
0.03919509777075149
-0.37553461262578997
0.2999900635739027
0.23975878983584906
0.3729750012846198
0.16052809455748918
-0.28506879222524784
0.41798023407261126
0.37291604270423834
0.0977892534361721
-0.22238298668410336
0.2316277088606051
-0.09444696495806211
-0.3408252947206073
0.18284307193728183
0.11828867025930222
0.22793668418027352
0.2744629315055845
0.40088141642471536
-0.1287705900245191
-0.3638216947918295
-0.2799875737730455
0.1872654328084555
-0.05399181713959677
-0.2630542480928086
0.00866329179094125
0.26070334079634633
0.1669400517919264
0.5024128310612359
0.26922096110030175
-0.22285025694133062
-0.14990618835702144
-0.29004047449485443
0.017846120128766463
-0.08086641224671295
-0.033935126618500025
-0.15111235263720676
-0.002956666431206818
0.41448803708214366
0.30702843302681604
0.2131995139469779
0.19896172913873886
-0.2938662350130251
-0.3431482965880804
-0.2795026620744066
-0.35329116825547313
-0.05257661554255052
-0.06841889583615308
-0.2942420545801255
0.08604353794333283
-0.03413124079317559
-0.12439729861742495
-0.11729337344728377
-0.17836786245089867
0.37663991244850037
0.23513100003601733
0.4275438836986535
0.3614763650558012
-0.29553299897219526
-0.21883519102042515
-0.19459541552198703
0.0006376526428381653
