0.3709438151220554
0.08121230784362296
0.44488250349774716
0.43801009486444414
0.40049081526082075
-0.1509665384677602
-0.45733481166395734
-0.34623904086985674
0.09155094804547179
-0.20386279730208734
-0.14627066963650415
-0.2252806177379276
0.005858631081271508
0.12265838180325157
-0.14367436032153913
0.22021372319244195
-0.22082885357487173
-0.3275932285635037
0.21343048087787833
0.26341034049285483
-0.3705923858994248
0.011460697880526923
0.1099415852613124
-0.1941921694035977
0.24272105599527508
0.24844882071636165
0.545682852179185
0.327270525696763
0.0004961159710816137
0.6006940061814937
0.14981933137997092
-0.28664862583054934
0.17107401947258533
0.4100764321323738
-0.24647854269247707
-0.10367952002910648
0.26748558807783146
0.2952001183060953
0.13038400103545555
0.5450627222793442
0.3716613937926087
-0.39224873572026275
-0.025657030905600637
0.4708252083759478
-0.007523722100062372
0.257841553645881
-0.1549353729981695
0.08385946366096542
0.1535253406777244
0.3873261122734226
0.41734513849285426
0.15518162755432738
0.04861355616699421
-0.32540833249893913
0.1112739380919358
-0.5068732516487727
0.32142920006413056
-0.03295743404230777
0.39052249833771574
-0.252655316289719
0.20396337362647313
-0.09101147519700481
0.4693562979834749
0.23592756906800913
-0.464245396367085
0.002921049763299153
-0.0859722988172529
0.05478403577145541
0.19834234221451466
0.38058548297685574
-0.030914047458571785
-0.0986815567780456
0.20285077663384812
0.38043756181771854
0.16291116688805893
0.2822880534899182
0.1365523067057463
0.09887357141418854
-0.30838461964134944
-0.20799024336509706
0.0596696113210772
-0.5073780405741095
-0.2682966633985193
0.25257583607895784
0.2341874155796838
0.1790247214087798
0.5768952063769999
0.2487579873334967
-0.26183645103382386
-0.2779670308198327
0.2850175075533956
0.04966691565275232
-0.14189807484509367
0.02406819040796735
0.24282801178864002
-0.4966778432373045
0.7047924041470292
0.4153507592476954
0.14248182346535887
0.1014765896232237
-0.28208725327627343
-0.1492841384455823
-0.43717352836535867
-0.4517459784706647
0.1293202748445848
-0.3146521076681386
-0.14949038469518267
0.19721842109047324
-0.1369652460363146
-0.11395756368235054
0.048416609110068856
-0.2507391947596159
-0.25923525314502416
-0.2566650046286855
-0.0305331116457762
-0.05511408692193193
-0.27568218497215596
0.27758809943397866
-0.04959450831924187
0.08010887230094157
