0.4357291826873295
0.4246547976909348
0.40856938830505585
0.39284675200993036
0.3787082589839797
0.3622202035373189
0.34395713342379886
0.3241040079252393
0.31045346349419295
0.2910930165472797
0.2751584869492357
0.26158389138359717
0.24125270337716564
0.23494250840733233
0.2167867368912607
0.20308494367882907
0.19596373501872177
0.18713820671111492
0.17678959223477114
0.1684853474785153
0.16347409843138483
0.15650449992630366
0.150482321159565
0.1472927529680409
0.13812160530446893
0.13968567454507425
0.12708491231306313
0.12722148779125148
0.12187184528312067
0.11427146464979365
0.10878364462016221
0.10516488480452219
0.10337842760611599
0.10006977807590856
0.09572515670928777
0.09375391270023364
0.09020159093223235
0.08737579746805912
0.08946535551726581
0.07876964571382855
0.07371626808443005
0.07514295064920162
0.06536232631025507
0.06246373366630603
0.0598589703782223
0.04835419316180101
0.044854452204298456
0.036252736360436966
0.04446594643330337
0.030968254439693588
0.05121173493205655
