0.4375344025563166
0.4256687196854625
0.41000359803768605
0.39402738426875966
0.38005340654516717
0.3642129710875779
0.3449935579716056
0.32578546049219537
0.31315066124558877
0.29463965888912047
0.27836330347115157
0.26534942128454275
0.2469564090405823
0.24101681884268422
0.22379454519751885
0.21217668621790897
0.20729060572002256
0.19770101246232358
0.18994240796602774
0.18455134292532033
0.1778204947758577
0.17319383256596516
0.16771828941636208
0.16363412987964937
0.15156402049661627
0.15186684383301602
0.141393955940245
0.13798332205031205
0.1314219065542424
0.12425317250135859
0.11536928020225351
0.11191023910152481
0.11221854829669747
0.10790911789428415
0.10113364699674215
0.09969460374928762
0.0950921202505649
0.09148293188333545
0.09315509864414812
0.07953516148939155
0.07942366693408476
0.08067877566446591
0.07420609296499375
0.075086415117537
0.06793727628658841
0.056635195235743896
0.05899597752981034
0.05146199748007191
0.06012010901627285
0.03763973398572462
0.05492584463334094
0.04358930275339601
0.04418358078663248
0.032837167864488925
0.048700236631853966
0.03942901589630954
0.032002908010265174
0.01672414530997507
0.02031156525448108
0.032888421831940684
0.02538734785527036
0.020283034653492404
-0.0022297973793165005
0.03464520361845114
0.00210573514008755
0.020550939401930646
0.009230854114429698
-0.005658681497960449
-0.008523849213045165
0.007225652986383113
0.006509257266830326
0.02072608437850132
0.02383619386811825
-0.0028820171230027336
0.004096463746203649
-0.042763194450989306
-0.012778422892637753
-0.00467367595901691
0.004456437648745315
-0.0043769010206828884
-0.019516495031022707
-0.018215040547566508
-0.023267800796691995
-0.0030468289693332817
-0.020403024390281077
0.029055812887293864
-0.02296013387573337
-0.01073744599738169
0.03641124846480964
0.014472449138247412
