0.03176583428225404
0.03809195951482381
0.03295855429634996
0.02939094730356035
0.027618057721554644
0.029012945300722136
0.033483606414917294
0.039583610640782814
0.047245428369567556
0.05616628996298119
0.0666157038728983
0.07884958823634794
0.09320621732786166
0.1099688826884237
0.12873340651847756
0.1493631725386746
0.17153610196998417
0.1948326236405394
0.2186458885403753
0.24281121294018476
0.2673384761137048
0.2920824477313962
0.31715943436369426
0.34213727777317765
0.36670559873144715
0.39083345207687925
0.4144060094263206
0.4376086522972066
0.46061820188110464
0.48382790884645194
0.5070029581816022
0.530012726513778
0.5534645539004348
0.5769561433460313
0.5998103193343618
0.6220183309890298
0.6433079363837881
0.6635480209008064
0.6823636668808137
0.6996633584623457
0.7155898766352459
0.7305828142707049
0.7447899019716848
0.758364971237734
0.771139894220785
0.7830985598542718
0.7941610705695265
0.8046683138315948
0.8144020956762185
0.8234443409247141
0.8321695751653913
0.8404039848693295
0.8478031050439677
0.8542085733158261
0.8597085791778648
0.8637319957915032
0.8659972045996179
0.8663794312652634
0.8652549918612079
0.8629015582049901
0.8589178900218762
0.8534706703061874
0.8464610462491082
0.8381157741750753
0.8290951955123228
0.8189119306366088
0.8079117341926281
0.7966030108559642
0.7835031038837611
0.7703194926726966
0.7580382506528002
0.7467399827651432
0.7401722734674855
0.7372816361429853
0.7368911052479787
0.7387429524695441
0.7405324116922954
0.743478781300746
0.7456029240607479
0.7468769376581956
0.7461195243300148
0.7454993455056361
0.7461782951453324
0.7454195300182515
0.7446745126148461
0.7436786241928972
0.7442639049449374
0.7447895306824223
0.7457696917726019
0.748688450679511
