0.03404099141352196
0.025343832191553107
0.0331230954916354
0.044002493176667115
0.05609603305541003
0.06670255627187999
0.07728454574096985
0.09036726997402726
0.10525613223666541
0.1212335548580261
0.1370337775576497
0.15309608034926928
0.16892872546302917
0.18446635975399586
0.2005081683009101
0.21737234489027998
0.23410658306080226
0.2505660044661978
0.2671570920891909
0.2830582299179048
0.2995402487579177
0.3162838285946297
0.3338715014284757
0.3514156648469066
0.36818375171048096
0.38425687701633576
0.40126839816712406
0.41761722831485004
0.4355982841670064
0.4542570192120125
0.47354103796214253
0.4927325879551044
0.5116617913098899
0.5299474750846385
0.547791869799364
0.5646289179182099
0.5805384810656209
0.5956743481188483
0.609477141386641
0.6229234977287508
0.6350387373292172
0.6467364195714399
0.6582536557740112
0.6691459616210612
0.6797359038162878
0.6898888216134889
0.6996023475967376
0.7098917064760573
0.7198180051844457
0.7291489261219052
0.738421902288848
0.748664565742358
0.7584588491367873
0.7680755233946053
0.776113016326047
0.7836378930962943
0.7914104326164807
0.7983658924044613
0.8053901799000301
0.8125923080633067
0.8195261991664129
0.825957932046664
0.8311033728561249
0.8360453949573051
0.8404376342180357
0.8447045927774581
0.8476662326523107
0.8502698647217256
0.851170872128649
0.8514206448291077
0.8506827213367889
0.8496931271500782
0.8499414524835839
0.8488950828110505
0.8466105562524062
0.84584621396441
0.84700435140796
0.8480466588723549
0.8491619235491975
0.8507502107010537
0.85154457904704
0.8521377662616393
0.8521275916626793
0.8518545353151948
0.8513397460605061
0.8504930756511268
0.8506856225939267
0.8506083766351461
0.8500976629471962
0.8491538456902963
0.8479563804652577
0.8458055934673142
0.843332394245002
0.840860682997335
0.8379120419389852
0.8354613892937574
0.8335424782483084
0.8332560057553067
0.8326826668377486
0.8316798668104799
0.8302934299059641
0.8283037010382206
0.8247270549259368
0.8196486918172998
0.8148315690740073
0.8103408480196376
0.8051863672436483
0.8016325111732124
0.7984284133179153
0.7958662126404751
0.7935198845335234
0.7911596675014597
0.7894230448304603
0.7864627932076605
0.7847653752595746
0.7817748275179897
0.7782179748711208
0.7752016524497718
0.7735111697179645
0.7665596116203348
0.7598389486221387
0.7573490349460501
0.7562999737080783
0.7545204105125988
0.7510364334524341
0.7477662499512062
0.746686849221873
0.7465863473666635
0.7467378346067675
0.7420483291459211
0.7379304652191356
0.732743037740617
0.7306975800477895
0.7248531802243185
0.7204497638584113
0.7147694440324124
0.7076582411152657
0.7036170300797149
0.6985778334115819
0.6959086175272126
0.6955053822039703
0.6938452188632436
0.6863466395652239
0.6800011276260441
0.6749552926598497
0.6702397468013561
0.6679956444574766
0.6683348172747658
0.6679632249740242
0.6683774872039073
0.6705592533129077
0.674837958578945
0.6793263994303766
0.6837579352277634
0.6862219486072672
0.6913434286429537
0.6982731092259992
0.7064922648036367
0.7146751023488059
0.7217315539017946
0.7257874493878099
0.7277156567312423
0.7288077746298253
0.729965805943828
0.7324650830389716
0.7351575399167692
0.7381263153645196
0.7411096610890263
0.7442682275665611
0.7444078719271228
0.7449189726303549
0.7458385692123114
0.7474238068091439
0.7497065423199127
0.7520607089982912
0.753768398493222
0.7556709921396415
0.7585267165020992
0.7621477726068298
0.7647672972889619
0.7674939740368681
0.7706345134190117
0.7741097957710588
0.7762422521862368
0.7770369643225205
0.778338834118637
0.7787072360412225
0.7791218241671135
0.7808120637283694
0.7824514980938199
0.7844864938855882
0.7865703429049671
0.7859513434058457
0.7841798372323268
0.7814291688442238
0.7791425878205248
0.7773202634559429
0.7760477063270034
0.7756306308748204
0.7753104179147013
0.7731236746222656
0.7721862642012507
0.7718460639209019
0.7728146844106233
0.7747836247517853
0.777299292095286
0.7797439219234636
0.7825535558442591
0.7857248839676104
0.7889929296063002
0.7918616435211339
0.7948288689199735
0.7979122546671807
0.8001306543709362
0.802473758628866
0.805081999444529
0.8080866316839911
0.8107992335780893
0.8131740080952572
0.815703805797515
0.817747169759167
0.8194231721703905
0.8205590543817417
0.8219358043798839
0.8225525928135285
0.8221657672510354
0.8219636788486641
0.8213809980451632
0.8210460492608067
0.8214627967255078
0.8203555453199362
0.8201815281039051
0.8201087844808684
0.8201655393091306
0.8190455601555217
0.8169801532542347
0.8157969984500052
0.8147499289150437
0.8143506509057667
0.8135057756884696
0.8127424990872819
0.8125556500299349
0.8110549772864967
0.810374098253726
0.8101720048003783
0.8101252431295253
0.8075876440436918
0.8063710482714846
0.8051303094775485
0.8039620330591821
0.8024908017733822
0.7995514262852973
0.7969768282815286
0.7953905003129047
0.7940337604177989
0.7940177744137772
0.7938197203572
0.7937883725718597
0.7943130311422656
0.7952718658727238
0.7907599749056837
0.7861366724118394
0.7827712703284891
0.7805001201589293
0.7789450694839174
0.777307926364668
0.7753521254916332
0.7740782848591543
0.7732977320297575
0.7726188518973814
0.771572899067
0.7701359269564841
0.769736788984712
0.7705455723118608
0.769842806082858
0.7700148330645532
0.7692499544300554
0.769238479948545
0.7702808517501314
0.7713995195139233
0.7716827657110078
0.7715602344224786
0.7723775590133907
0.774389528427296
0.7771427580255684
0.78022771850041
0.7833646002159833
0.7862621481287709
0.7895420333384193
0.792735603918551
0.7960749271376223
0.7991961363108281
0.8018615467555452
0.8034044891279537
0.8047348760647678
0.805624437924996
0.8070595507444688
0.8070392706645738
0.8067901771952098
0.8055306711876562
0.8049112633025336
0.8033735662560503
0.8016701488787724
0.8002622544433746
0.7979930067184912
0.7959701202309943
0.7926689865395017
0.7882398414483263
0.7847104274976592
0.7816981900944909
0.7798159491926698
0.7773155322291567
0.7716096073417122
0.7684338602323827
0.765450345543655
0.7610802838046866
0.7559846363559896
0.7523048377987098
0.7497422599982415
0.7490323552501208
0.7482858954124496
0.7476292068765384
0.7456758035315975
0.7444265566729837
0.742894427483682
0.7392568283896586
0.736234246780269
0.7363837280103768
0.7326651212520507
0.729193963359149
0.7265829119260022
0.7264730940314336
0.7264368837422054
0.7280445541316785
0.7287634569583435
0.7294469728857429
0.7287565306765368
0.7284478325351765
0.728866360195291
0.7316144737360485
0.7329813996741148
0.7346416217486301
0.7365066211880544
0.7391496267239203
0.740592068201146
0.7430993227620358
0.7432806835277023
0.7449749849714056
0.7457775191324542
0.74553584392621
0.7449626352131429
0.744784390551563
0.7459046381606311
0.7476427363494325
0.7406931278884564
0.7322013205999398
0.7260202099727473
0.7224671176054797
0.7215066824452567
0.7217034713834608
0.7227114991478449
0.7224456250184621
0.7230295297051957
0.721584580301522
0.7203721770830119
0.7205278022140759
0.7213414751644268
0.7239478185944302
0.727005480673674
0.7304176379513025
0.734253145964671
0.7376400824707365
0.7405839599734998
0.7439308675016701
0.746570780635704
0.748793028489263
0.749166839619276
0.7487512164280864
0.7483144883568722
0.7479418037106365
0.7481238489620011
0.7479736859253221
0.7488789469195057
0.7502099201888416
0.750450253310629
0.7497287769048278
0.749852618061026
0.7493102283470128
0.7486444753926743
0.7478505313706718
0.7477323345697349
0.747692114079907
0.7483242610961882
0.7484277268537844
0.746516810421453
0.7442193679269878
0.7428580092440994
0.741587581740511
0.7403347733954707
0.7398402871180014
0.740938691782736
0.7417563785701882
0.7438156318607746
0.7453248733368812
0.7466977188570012
0.7477750580981267
0.749117450876978
0.7490158752557967
0.7500124950974015
0.7517528660415272
0.7534034728176544
0.7551757706545663
0.7570982050187891
0.7587832593216257
0.7600366576869804
0.7607726125592957
0.7608730013395923
0.7607768286491725
0.7606936407424575
0.7609255349788329
0.7611666729788744
0.7611648705196348
0.761651169041975
0.7629883983621198
0.7643101790594341
0.7646841154258922
0.7659420299306088
0.7672012847169484
0.7686422648552687
0.7697837308552801
0.7713136594879927
0.7729116942386902
0.7747367062272894
0.7765107165668911
0.7774900945806158
0.7783376354985152
0.7792434488683869
0.7783312975459105
0.7772156262314378
0.7765932463149263
0.7755680620714513
0.773207469549922
0.770445953880913
0.7687215595637406
0.7676898804423649
0.7678732816260986
0.7680672948397017
0.7687558928010861
0.7697074281971883
0.771077787515534
0.7718405583564566
0.7728152501479523
0.7738242891104673
0.7758174908341173
0.7779023087692107
0.7803160641495269
0.7829953893688721
0.7850960416214026
0.7877515294426787
0.7902788137100668
0.7924077584434691
0.793799235755085
0.7941042710747935
0.7937025083569919
0.7934623807274517
0.7933275787575825
0.7932856832399103
0.7938623597027812
0.794212816080481
0.7942849738274468
0.7953242927754799
0.796310434794438
0.7970416031349573
0.7974949254803344
0.7981400085372727
0.7990989970321408
0.7995225250137707
0.8005054250830442
0.8012210498998182
0.8024052057868751
0.8031291861345752
0.8042040392891021
0.805188623598967
0.8062681498122538
0.8077672413333046
0.8091212999073062
0.8094750747390118
0.8096200875493437
0.8098265961761171
0.8098676868792345
0.8099573276968106
0.810405769037579
0.8104908620735272
0.8102759945366503
0.8103339645428665
0.8088149459475085
0.8044653549090836
0.8010314547360292
0.7981313326961577
0.7951166858412089
0.7918618236619223
0.7891310308045867
0.7866519017027321
0.7853080585715285
0.784923787854654
0.7829728382613692
0.7824785898841974
0.7823226025695891
0.7816393092028558
0.7817000957593992
0.7783181322544405
0.77465566888303
0.7717719599831919
0.7675505414364381
0.7620297150466693
0.7580771262720057
0.7543087302195315
0.751699991607535
0.7507621243913655
0.7496604381951134
0.7486658410415299
0.7488879043760205
0.7500992706218776
0.7519121712317844
0.7546033362023519
0.7573279297448882
0.7618352435720166
0.7664180110659212
0.7701363439045962
0.7744052848263404
0.7785873538569191
0.7824795595053274
0.7862007957937606
0.7901795466132079
0.7933752919050364
0.7962232511432877
0.7968547546663982
0.7972302386763486
0.796276459207556
0.7959564496774394
0.7943018006749516
0.7931785821676871
0.7936720951385392
0.7948008911826219
0.7951145080234895
0.7957775663980979
0.7966731714777999
0.7973887962417814
0.7983571970339731
0.7979605678679194
0.796932689659758
0.7955250399167151
0.7944195700803811
0.7936477355023831
0.7941337119149413
0.7938195475798199
0.7930470062177692
0.7917496664808573
0.7911300057857666
0.7906724248805288
0.7897030326444563
0.7880233459959911
0.78717318372495
0.7870817427528983
0.7868937696095522
0.7866025552235751
0.7864956419991138
0.7862997967669001
0.7863560059918495
0.7872190124387045
0.7885074248746633
0.7900219021287689
0.7911049656258703
0.792037723421233
0.7929022545791289
0.7934901532709111
0.7945419446912428
0.7950678013405436
0.7961319112440502
0.7964267790323114
0.797075596259271
0.7974656062044241
0.7982955956109157
0.7989162826159641
0.7992183802088207
0.7999378568001859
0.8003767055423172
0.8012323774986464
0.8011917699367289
0.8014420008603962
0.8018985132115238
0.8013750048941626
0.8006231779676624
0.80017660208073
0.8002100204558114
0.79955021109672
0.79863712354864
0.796561326285831
0.7947113981206424
0.7940907474884845
0.7934410905990585
0.7937549003471447
0.7922218556727956
0.7904092208140239
0.7886483895499261
0.7875346384820345
0.781874826224229
0.7764156897978248
0.769485137256447
0.7611664824394014
0.7502082283020671
0.7408778882483729
0.7309014171787198
0.724390079316435
0.7193196898773097
0.7150313749756165
0.7053053061670297
0.6975882300311291
0.6922129728934368
0.6890049567930262
0.687260054400444
0.6867745502758279
0.6898866132111596
0.6939279699218528
0.6995559816315309
0.7068089271571446
0.7144620929955258
0.7213141373443178
0.7277186131894987
0.7316842659313743
0.7365040465377751
0.7407664778925698
0.7450613448681713
0.749487367708017
0.7541757286409457
0.7583637938449075
0.7626464884602121
0.7667646807179472
0.7702294650474516
0.773593334186575
0.7768685388249116
0.7800776582411814
0.7821504774721928
0.7840561127513903
0.7857590554136433
0.7866435125243599
0.7870726442216496
0.7865818611838578
0.786321456829011
0.785713468918406
0.7850792609276471
0.783997880900693
0.7832232229022651
0.7830208231417681
0.783059273445994
0.782851331339322
0.7831549786253412
0.7838362947471478
0.7847436215588612
0.785922618521368
0.7871157430173747
0.7889746265458002
0.7905127302448752
0.7924364635651013
0.7947282356458197
0.7974442917513676
0.8002432326499777
0.8028626182826907
0.8054477184417153
0.8071489434657004
0.8081391997723982
0.808510565371101
0.8092402908515962
0.8098579050199233
0.8105856015914308
0.8108053036583311
0.8108394181721701
0.8108011620793466
0.8112991757509467
0.8120265178200621
0.8131826879493211
0.8140902567722224
0.8158680086045883
0.8176396710457784
0.818740240312719
0.8193164274257473
0.8199814636514846
0.8210454903912338
0.8223457276472158
0.8236427211812788
0.8244177358576353
0.8248073716530532
0.8258130302686606
0.8268476003285388
0.8275956616352799
0.8285877307107294
0.8293583628523555
0.8304965152493374
0.8310954624082074
0.831842117486486
0.8329700861534548
0.8340127633238628
0.8352709393722892
0.8362679255286303
0.8367359060896307
0.8371541648314506
0.8376456649983725
0.8378724711456698
0.8378248452816
0.8386111358556815
0.8393477860879046
0.8397681766283572
0.8377451051683805
0.8352259458312479
0.833046270475609
0.8318661100578478
0.8284993863684699
0.82581262977311
0.8245043955614437
0.8230842110563258
0.8209265732547791
0.8181898189480985
0.816535367272506
0.8145873381723958
0.8131964395655019
0.8106669127477262
0.8079485224587013
0.804474842843243
0.8013835359323129
0.7985847482757624
0.7960275820573728
0.7943569369121346
0.7936098354119537
0.793955235652905
0.7945447840134187
0.7957553096702011
0.7969651132394971
0.7988310411294212
0.8006751223920426
0.8030127350636669
0.8049258884685547
0.8061284082151066
0.8067640284102385
0.8069571711390019
0.8063436821009861
0.8053894204348037
0.8046529397746012
0.801965241868387
0.7999550277763933
0.7979031358555804
0.7915290112474963
0.7855453275987851
0.7803636118413871
0.776747249609629
0.7742100847025741
0.7717739945680537
0.7706886458437133
0.7701782012142621
0.7712571046016693
0.7727864932722786
0.7736481687829412
0.7725061076533505
0.7726130585111112
0.7739635167166716
0.7742820126531966
0.7744560794271576
0.7757093443917472
0.777169037442715
0.7800377702658263
0.7820633388807691
0.7842032432904567
0.7854253044352895
0.7869361162802367
0.7881198168675517
0.7896630694717571
0.7906169011517912
0.7907077519621202
0.7900662009996947
0.788996475679849
0.7879176646364853
0.7867022001457289
0.7853433049408065
0.7846683684927758
0.7819642468492627
0.7800852979487937
0.7778753358618712
0.7752631781071911
0.7713906872447771
0.7687795235151561
0.7674439699483826
0.7677817499994906
0.7695335842961609
0.7702585073528706
0.7711964693152922
0.7717752665866678
0.7722549318397199
0.7728243081206079
0.7722593551543876
0.7719673136422035
0.7723901810843459
0.7722408067885865
0.7738179412121236
0.7760677018838142
0.7776051984603986
0.7783102417412979
0.7787442415043181
0.7788990680574547
0.7785863768985825
0.7786421778408087
0.7784322657186643
0.7780806042698554
0.7781418364574849
0.7790137481726229
0.7792405469935915
0.7788242212233978
0.7784243495558726
0.7786957269105843
