0.03127308070238903
0.027417567009615815
0.024243307352896457
0.026438701349240906
0.03227431799886974
0.040642544885426415
0.050814066592731404
0.06308121900973837
0.07659704133315243
0.09077787089595457
0.1050494682844924
0.11874020400157759
0.13195139392290905
0.14492507440466854
0.15859590885273978
0.17349547919793668
0.1897084017924381
0.20767928453910364
0.22704690600188088
0.2478312660088462
0.2696205744955613
0.29231106938826246
0.31588602080300576
0.34030336024278784
0.3659359581600072
0.3924072963509207
0.41954145026768663
0.44681212114391405
0.4740621973389793
0.5005636528009151
0.5263541962515088
0.5512560663358861
0.575877297719121
0.6002942292895204
0.6250103502575645
0.6500919581580108
0.6751993785871252
0.7004952634190563
0.7249959664012219
0.7484868068208235
0.7706256695166926
0.7913592589300157
0.8100960505049281
0.8275090703126187
0.8429415089179787
0.856810697579166
0.8692988726164553
0.8805442412780816
0.8900512099412483
0.8968152337120945
0.9015878041247017
