0.4408991786674565
0.4292732959766513
0.41374994950947386
0.39767192586880706
0.3845741793468985
0.36854282609637923
0.35042172068141647
0.3328322511501135
0.3161714359411456
0.2974729997062229
0.2810519007523816
0.266539744679384
0.24781660490938318
0.23918302023067955
0.22215483972867495
0.21171517939015683
0.2013600295390705
0.19278270754928
0.18228944127772112
0.17666577057665117
0.16763073906518722
0.16300989152666506
0.15441162749428133
0.15196511062348816
0.1430506769907557
0.1437551541060576
0.13357751599200307
0.13067508930164212
0.12704636599057145
0.12071394012506548
0.11548658207309864
0.1104322101058604
0.10913713988726625
0.10307246381623941
0.09560191377345123
0.0926752078613563
0.0905806648494143
0.0874509959999647
0.0939680172961378
0.08232454196198363
0.07459776643132221
0.07602442091603612
0.07352521753142566
0.07439594935875604
0.059438282807866616
0.049065907756014826
0.049061413982148805
0.05035756270054964
0.05829394617822892
0.036291560749082574
0.05121690282771313
0.04107179319728116
0.031476714696074826
0.016024821491208596
0.046745725686617334
0.0353707818056197
0.01824095844872814
0.009074102521100413
0.014086483860899168
0.0321787211832536
0.017938546280194978
0.021980492380309136
0.006341097726274392
0.04405117290024385
-0.004420626288503926
0.017098279974784747
-0.015867796372475595
0.0010309345782530954
-0.0036872257586108015
-0.017484405025770755
0.012072486245784775
0.025945750897536146
0.022885476726029197
-0.007729389638691075
0.017932691320641514
-0.0263582661959052
-0.01519430685566281
-0.007433840370205003
0.004301413710809998
-0.007181222991299752
