0.43045652473756596
0.4262273795908108
0.42503616035519853
0.40634979690965434
0.3894975177207707
0.36980899109400356
0.35457053269087413
0.32764800626988005
0.3134664519498163
0.30593853102761526
0.28004716355049575
0.26354231816185225
0.2645605785294242
0.22912148539209104
0.22757132966556637
0.2287376954175318
0.1956957756194624
0.17983004627525212
0.17706956710834193
0.16906730493880173
0.16001611685830175
0.1574475944457875
0.17389927603524558
0.1480481174022648
0.13147305346369453
0.12593331379731204
0.13504215657364016
0.09592009690666015
0.10325553507163926
0.113305482208711
0.11285045659841642
0.1137643548995953
0.11448618633974239
0.09797205127081543
0.12807460118690145
0.11237983549966857
0.09740712725802364
0.08661045528467809
0.07734628212626748
0.06849853157651742
0.08365074846597831
0.08148518069589011
0.09845876851763896
0.08289117975525734
0.08354216857930197
0.06099652341837092
0.06154300336982532
0.04009848765217594
0.05934374611407245
0.04612477173452362
0.06484687269866979
0.04776907326405505
0.04087884035667294
0.07859624302351831
0.07686531613735914
0.024298991979770923
0.012745683863393087
0.04731781602652657
0.10358971232648417
0.052043536540395785
0.02580018177058402
-0.003663544578792588
0.11746715473431307
0.018055802820360567
0.01836808103704962
-0.014367409686061983
0.02306269646922371
0.0021203385633118965
0.013352124638551066
-0.10968021995276955
0.09667474269800369
0.011135987961129523
0.07561375279055466
0.08234280677881656
0.03996644213090528
-0.09927172121166883
0.04530508552353579
0.16418257242256246
-0.0906656097869285
-0.008176345436529564
0.08939393368669629
0.10899655786350504
-0.13650531374042207
-0.035290538618862666
-0.1685420458170369
-0.09263079571163058
-0.051369686015374394
-0.027221101420255467
-0.26327321596165687
0.0005193359234619832
-0.27791169314985553
-0.28113683035900405
0.21092006818627546
0.21149896375247246
0.02747428200979235
0.14126011381256293
0.14792949298336133
0.09974533578220834
0.04366559852806884
-0.18830812934546182
0.11289447268308417
-0.015675048493281385
-0.018282494626885137
-0.053088753619567
0.14400705247426138
-0.04668517945424555
-0.050531243831486106
0.0101970107316256
0.010002800507302678
0.03698826108999714
-0.18201950331844408
-0.041760196277561556
0.04685357664736611
-0.13840126827794363
0.13007447600175964
-0.034843910340965234
-0.19074596484459283
-0.11495212001786637
-0.14911143462386311
0.11074425524582138
0.11502070334423725
0.05280601195030182
-0.019200904400371477
0.06357438377280977
0.11819061898935812
0.06872322661256258
0.14812597657606325
0.0495929808831167
0.04059170359327474
-0.008709233939204086
-0.0589031568031706
0.03692607413613841
0.16779753796467867
0.027693014625173207
0.049551134828693444
-0.017777264156546235
0.037372343818459886
-0.012278109762201783
0.061890449477300435
0.007723694736552933
0.00924904502912749
-0.052439799132493525
-0.09063107920555924
0.07316768281822772
0.09591785038122014
-0.14352510238306926
0.017106957135990586
-0.007634081323380282
-0.03312434531125963
0.09423881478839735
0.08670188672817714
-0.1396346758061362
0.023978723384635525
0.09067152373517068
0.02691708705331014
0.1606219077924167
-0.013961585441555124
0.043099462506311026
0.02514086532448878
-0.026817362300615932
0.022611115769348267
0.017776994297353965
-0.08274852590407533
0.00677457842524154
0.13284140757227114
-0.20904393050328152
-0.11514774021986318
-0.01017797769873896
-0.062128733912610645
0.10423095094667917
-0.002587029798337137
0.15487592392232552
0.061779460435247346
-0.1339951653948387
-0.08166315870995022
-0.02248370870846239
0.11833028947286783
0.07158199988615416
0.16097387005247282
0.05645270467190977
-0.047004079608207405
0.03433132804309008
-0.009035632702551477
0.05406716401744793
0.09360054167988408
0.0661246782142203
0.02175956451486588
0.06081253739313891
0.07215742863922164
-0.032813799768436014
-0.082217129458096
0.01570142837789884
-0.1121648783967395
0.031917350927747834
0.018241069495902373
-0.0506602259478558
-0.034164652350160085
0.0629365910873369
-0.11878701715652196
-0.1383785239098715
-0.005321675657732894
0.15323969591150277
0.09111213859687661
-0.037297494294567635
-0.05855724409649299
-0.09308838973882283
0.038088678591105984
0.03434110243386446
-0.10707703384802503
-0.06361066061001142
0.11270891077763484
-0.17075158399951862
0.020035293076317517
0.046523368322862524
-0.11804670898257741
-0.023983375579204047
0.02798244163629876
-0.07205451192224832
0.1468114940811121
0.1244880892621838
0.07320142630163229
0.108103492440145
-0.11488521360237491
0.03350533320254151
0.16411618693180718
0.045310568603346035
0.08819077745495313
-0.002968665602427034
0.08022354139524257
-0.07079165963327183
-0.03450816911910881
-0.17211747154462165
-0.056661145042676386
0.04029229922587424
0.02010506234841286
-0.04659531991023269
-0.0965812327465364
-0.054370350461482975
0.06589196246644508
-0.09252896603527339
-0.022732039103991797
0.02715179976992832
0.0009293798454708679
0.18680041444027567
-0.2722669152733075
0.015518186166849302
0.06945720022636614
0.005968138358881658
-0.013050652820857045
-0.03957050110409921
-0.052924665103115665
0.09887088863141785
0.00016981555704009832
-0.07312256826044328
0.1126262541484574
-0.005222173369288652
0.07722696429560455
-0.10190874666302485
0.1275816433986569
-0.06718053068958874
0.139072971009148
0.01564452886845419
0.08782988005008524
0.07695228688279593
0.055245018717354155
0.022880624745514333
0.019835180987216816
-0.0979779814537105
-0.05008281295914163
-0.08079999915834246
0.05562230047520422
0.04281693755914584
-0.032631624861578556
0.04086127172725207
-0.03331062715805111
-0.002488998427508049
0.08422340327055394
-0.01402883181411596
0.015360382699921626
0.03510550435357118
-0.04599673873333865
-0.13024169207462144
0.02001163250871618
0.04882408154564538
0.11225382964082603
-0.045190800229317984
0.043856306909209164
0.01344491458830882
0.039948530845471675
0.06946439239408819
-0.15730153171155747
-0.020141849088726516
-0.028979271050970312
-0.06475930780139527
0.11331766495533879
0.005372881874909197
0.11341298094606705
0.11944167176475634
0.0940525068352146
-0.07080399207297439
0.042227690704344345
0.022477484309519236
-0.014560644207273099
0.054161232999408726
0.06745156820895604
0.08468898347437159
0.019057975554797102
0.01162656217828334
-0.002933266484964392
-0.14351456994330236
0.0302100478892261
0.03516699974357557
0.06404321740306984
0.09225337189623928
-0.034642586098517225
0.13608626823150882
0.010357367601740386
-0.0075406514861849905
0.08195143953285788
-0.03652029020753267
-0.0507468123303052
-0.04122444504028899
-0.0309262092918684
-0.02830290036962768
0.062243503109952025
0.03428008123860515
-0.005133144451880067
0.057198766519069244
-0.0017910619790847404
0.02003350519147279
-0.043892661777701236
-0.10529118960821904
-0.10232635806659596
-0.2440554526129881
-0.003415905870508551
0.007654565903618515
-0.029225765025357675
0.05495091950710629
0.04951097889803757
0.016147263307405124
-0.007291516113898888
0.043565668171779925
0.12855873082760833
-0.12355599166293374
0.0069361224576920955
-0.20916743254110393
-0.02493160799694427
0.14313511665048884
0.14096130715360966
0.049901293777932676
-0.14056333867627135
-0.16445548559689882
0.05826896254784858
-0.4137766445385417
0.08248997923063267
-0.08255140531211402
0.11153177670702236
0.018289807897018673
-0.028490715766630426
0.00023168505660503547
0.13269084662002367
-0.013614098553594411
0.11076158818508491
0.01598670224555432
0.07166233381456977
0.12768298057366972
-0.11754163820056773
0.0886882799074169
-0.17134750538977295
-0.12101845688972046
0.0965760346362064
0.009482610232417032
-0.036136603179421134
0.05168318540117267
0.09146272739743688
0.12872148904311503
-0.03749098379272375
-0.16913836318302866
0.03801800145525419
-0.004281674347247244
0.027514921423112404
-0.08244938427319026
-0.010119216158432809
-0.008324277576253758
0.09702451284282504
-0.0900007755075829
0.07588034243209357
0.09768978391459665
0.03859516678684455
-0.13014332666638606
0.03958491475168263
-0.005066843021632295
0.04611247619218328
0.18182583431350008
0.129389128905409
-0.02835569955851669
0.12276464946972565
-0.01717823974580368
-0.12611607167765204
0.07371928538636141
-0.042030096784169135
-0.04243242532023328
-0.0780172959790345
-0.06816823566152908
-0.0042879566639287825
0.06177484839129016
0.03448409461542501
0.03177936814120669
0.03888740209916269
0.09874189818785833
0.03035878285382726
-0.08985049991043559
-0.015603575747738851
-0.0490683928494583
-0.3579147995593345
-0.031525272237227675
0.05346922801334991
0.08778250531253112
-0.011922662270921758
0.1069322738209979
0.05233413990534597
0.12888322014054776
0.12647854683766369
0.13357201664166968
0.03461345336716115
-0.13987494058628924
0.07018920049474475
0.11902780305051675
-0.13311822344717394
0.036086366745617326
0.03749028291909429
0.17712770378266302
0.021619505961395447
-0.02475819705191673
0.00785929815180103
-0.0015325472243489235
-0.04078364827997827
0.04880165000689718
0.062313834033108306
-0.011166952460028745
-0.15466220170807454
-0.007956686467875396
0.07746968818277183
0.18662857174367498
-0.17473113376315874
0.05531889050625938
0.05134457338278264
-0.005667702579151723
0.0592028144809173
0.06587346752921241
-0.03645569664796933
0.09628059820221407
-0.059364287629511514
0.11844619652912447
-0.26369259800772804
0.017477118392381863
0.1233659346353218
-0.002180835135596304
-0.03072516571540662
0.023834087496461043
0.041519910387873726
0.002219789259966909
0.12845117752423119
-0.027168385984499777
-0.042274785286780636
0.03397146690191005
0.010634782213371774
-0.04855620888673673
0.0985310832883371
0.01560057437643142
0.01604906152085972
0.07535417653660048
0.007809676870053961
0.06583540162586898
0.019896254265561908
0.09235256524589275
0.04807950626202506
-0.1068241540428101
-0.12782385231837068
0.02177387215365867
-0.03841184179500856
-0.047774827533368924
-0.07865329709527435
0.0847340721803011
0.02162113638897961
-0.02528084363007843
0.058762293667244
-0.14251599508945456
0.10843980148903382
0.0010094963446319882
0.14981193296273065
-0.05293307380859036
-0.06379781096622039
-0.013042146514922193
0.019653960726497888
0.021437400250148064
0.026443701504791695
-0.08959927445809657
-0.2257563096116617
0.034085730444809226
0.116802447024352
-0.11049738307062273
0.08672919206852914
-0.009174018448315668
-0.1395523470281207
-0.18523703540745218
-0.005145486098132923
0.037091228646731034
0.06689612170826298
-0.04749226672574247
-0.05403198465107806
0.11077081368190156
-0.05472403380551627
0.009187426576995839
-0.1381659443750899
0.1743169866135908
0.1657928398661781
-0.05984372557197559
0.0008655640248279028
0.015065133733652036
0.08319270564179782
0.1711831125781082
-0.14299008806589486
0.008369942797004093
-0.17259017376522867
-0.3842233298692873
0.15808343773843408
0.09962341378671474
-0.011422528488952088
0.10800599441230924
0.04321778741897092
-0.012858740886872
0.11414885551814874
0.12363159547544372
0.16669628282425758
-0.010467489136539165
0.16748057067526861
-0.2491223079218694
-0.05137920990655165
-0.005654768343206773
0.07975751318847324
0.0725803372161859
0.0002658809160444031
0.0662780037152188
0.07942550713003432
-0.044514344062741684
-0.11177662337657301
0.009851936380580517
-0.005584906669844236
-0.061346825800139726
-0.0028748256328222643
0.12250039834026888
0.09445223132816044
0.060000931347902464
-0.004766459054016847
0.12423807275486826
-0.01612813338991581
0.09449400044448375
0.059549632060291624
0.04754995547338864
0.12218585538669041
-0.1337233164325311
0.023817677796406644
0.10533770960726546
0.04438808507446784
0.0034010551832134306
-0.038216522511247186
0.01228247344602007
-0.17146945392793878
-0.04044694502594193
0.060537925383289726
-0.13525565005013285
0.08024403532667512
0.0965335068969907
-0.014917075255781564
-0.02324054199803882
-0.03910605001248435
0.10974200214059326
-0.11407198663423068
0.07596430860794567
0.05030587776244533
-0.0063113585176145515
0.01836194176948691
-0.1897868565307046
-0.036485674286503844
0.13723578704749567
0.09857775883886855
0.05217936547906321
0.020406462215843302
0.03838493803259768
0.003956154496222497
0.06654791303707319
-0.17629410359413855
-0.009780794205559662
0.05328024362626932
-0.08068318989272738
0.0012277973292379452
0.15287539681266288
0.014736793168428686
0.07004464897720702
0.05354378978867613
0.01012978877446824
0.14528229760560268
-0.05519267312007525
-0.06863206967245039
0.025268416166201346
-0.0103178645931995
0.029217348345546734
0.0574525431947539
-0.040563357319671756
-0.03934121103955146
-0.20286705191444165
-0.0573577540792074
0.021117890510748194
-0.06703809280890949
0.17710774698490916
0.05495202303076557
0.15434740799405977
-0.017569368577313837
0.02802219816209417
0.0024741256063843253
-0.0595318988695287
0.13408388832502122
0.04592187195933706
-0.030832262565026247
-0.08835070879597429
0.07211477439970965
-0.05520490316468818
-0.07011649068724812
-0.16848539442521093
0.0984469693988354
-0.01891468159992926
0.11216603779579737
-0.0019394803934522642
-0.2655100006237644
-0.41400041521574316
-0.025463372597868905
0.13655231695846876
0.11238126565639311
0.17896453346657892
0.058738620510997375
0.07413835559530718
-0.06724622967381566
0.24271066873428931
0.23486227556961553
0.011007448379835472
0.11537636541515556
-0.04001961853838998
0.061339713224029146
-0.011660920413642306
0.10567163464818752
0.051869691203207335
-0.056723746663143726
0.07451245503682896
0.08290343788299409
0.10240840710225713
0.08335001984457491
-0.05247615182040011
0.06648635347118653
0.001648408273768276
0.08225081388349553
0.06090002577643283
-0.07088879329542597
0.0014067104304177902
0.09721994724978722
0.006713192782531963
0.08220552400023518
-0.1224219173733535
0.006964718665576464
0.02327655325304495
-0.00148069085578717
0.007463813873588576
-0.12021081941312362
0.06696224721165939
0.0022780231638496184
0.04248305941159758
-0.07926390067624678
-0.025954775187953527
-0.1465641572466626
0.03956565935304107
0.052766619639038836
0.02544968302969508
0.016917247024023085
-0.32447392893839244
-0.008193951887964346
-0.02652980257449289
0.021365519470676553
0.12224139981656662
0.09569455634426816
-0.4416107418899098
0.12162304471945579
0.006382669409912167
-0.3271594649323537
-0.7572223112259175
0.008596392845646061
0.12697429340828825
0.12307757001579728
0.00951199434652683
-0.10035977732534218
0.22402574732999347
0.23796544915200496
0.13933780090736192
0.150769221041257
0.18731098954847908
0.09390117214422783
0.18020064178244866
0.12885513840371077
0.16092871367315864
0.01665735331788376
0.08589220941959502
0.033654192310638875
0.08237932295727085
0.08679869380858851
0.02817280991443394
0.004313650560489268
0.04179043732473264
0.10947960685136049
0.05676199352432565
0.15010123423706256
0.1418430236867
0.02968848142894015
-0.0012427512565056364
-0.0327398815564689
0.024819968395817404
0.023455573549100883
-0.09266498864213124
0.08952181548472765
0.04529026990587587
-0.011776989929338733
-0.09113429050058375
0.03704537904555355
-0.0499302901220845
-0.021061767018833888
-0.1337040885966455
-0.12955737251082566
0.03101728392212999
0.06759348395415726
0.03156651937777771
0.05748109019908848
0.1552882196117168
0.04556306268216381
-0.05714796472076944
0.139724703046113
-0.21982242696408794
-0.01902524092200275
-0.07071037160141647
0.0008913314969911101
0.002121227148504712
-0.2888826244245215
0.08012531535821854
0.02073348566340738
0.02438791287046943
0.08805424355040892
0.051425717039147056
-0.18871498206908222
0.1258260344334498
-0.019721468721594748
0.1409696528142263
0.037500471007014646
0.09386670109702666
-0.0998578164474978
-0.004871133295962227
-0.14309601921997983
-0.1751661357308828
0.17008568496247872
0.006661042545787144
-0.05653234159657172
0.007862708797597928
-0.00022250472766183194
0.05443959007422755
-0.07655631939752383
0.023396071276001962
-0.19829130794785332
-0.24327603176576873
0.06465915811990264
0.11050448261164464
-0.18643495244882535
-0.2495374390455507
0.12312022452869631
0.009473603571969968
-0.017140166255993572
0.13475135314869174
0.1259556140534539
0.007934244111094002
-0.07123245899247921
-0.10210188646558438
0.05455597550663843
-0.07900279839603064
-0.3393286889591184
-0.01887515264338635
0.0785287656555298
0.030483169224786444
-0.10090779354301427
-0.08511886180756456
-0.22061274376954987
0.07236689299001825
0.04702218919315376
0.032849113014947195
-0.12386515624557493
0.09711592654744294
-0.07310307446421704
0.055896194219651085
-0.07633310413050198
-0.0003745841300623054
0.16806553972126786
0.053247221892622265
-0.2022932118799302
0.10913355382059126
0.030469826046386428
0.1405164659291674
0.004672836817296078
-0.015884680205287105
-0.3158088596779528
0.2661479063292281
-0.044251625737524836
0.07131196454051936
0.06458628875380207
