0.0315286857452514
0.03741314016229247
0.043629032649066486
0.043860582971406596
0.04268647337849017
0.04278493856844006
0.04647686237125533
0.05230070335042783
0.05903845334519867
0.0690393997545288
0.07939598428609373
0.0898941732045236
0.10042852875702722
0.11245979970926541
0.12516409894409725
0.13965115937228248
0.15522334099392154
0.1714705198039886
0.18897200381079732
0.20788207645853785
0.22797842716432914
0.24895563359896944
0.2712365429117437
0.29483598706591063
0.31924956381596775
0.3443771903540928
0.36997063222558346
0.395183495033107
0.4201061971538528
0.44486262790162706
0.4699102831127605
0.49445386445594636
0.5183167020733551
0.5406440563662709
0.5625967697466927
0.5834957109425735
0.6024494160527909
0.6201668060412668
0.6374113966858352
0.6531716327368122
0.6673075952349146
0.6802399971194635
0.6928854346198388
0.7059370256797421
0.7181937571173479
0.7288240172620969
0.7399355337551087
0.7508322402044871
0.7616226632438919
0.7722783859393831
0.7827940140519398
0.7928847534085465
0.8015325908942388
0.8086794848665508
0.8141369938565471
0.8183409685893708
0.8212905090178275
0.8241070642117904
0.8275992092751808
0.8311915318338535
0.8336174701354665
0.8350405218853831
0.8365529336120744
0.8375991404870489
0.8385966240154326
0.8389598690478139
0.8380984336232127
0.8373643872161844
0.8363264575928105
0.8349956186061853
0.8329316183213006
0.8316256486655955
0.8297033800677581
0.8285922683170944
0.8298593533580435
0.831439833094078
0.8337136153896522
0.8360710413478633
0.837151532957934
0.8390173974816347
0.8423361957951083
0.8439859411251317
0.845361440787966
0.8467327218012335
0.8454946076766208
0.8429237956899756
0.8400087436323772
0.8373073209674862
0.8345949432776726
0.8310131741047624
0.8296936022832228
0.8287366050016632
0.8275860009693067
0.8262332918834281
0.824259132463219
0.8211026262762814
0.8175886899207712
0.8140383146299094
0.809794694814377
0.8045088340320526
0.7983521532830579
0.7946417070861539
0.7923327362293202
0.7919050484013959
0.7939259278910602
0.7969370612921336
0.8000360188507273
0.8021016332110751
0.8037083017522578
0.804758941786704
0.8057690905561452
0.8080213098472034
0.8103108106948659
0.8113304703022105
0.8090260651076285
0.8069625262468094
0.8034606784333674
0.8015972213310789
0.7991770647286592
0.7981750625379432
0.7977389038236736
0.7978259246765949
0.7988689478823223
0.8010469909141738
0.8014469338288713
0.8027101866991108
0.802223360407601
0.8004397345109132
0.7988370965141472
0.8001077500758557
0.8012196857561734
0.8016548964085707
0.8015048209306392
0.802737775498646
0.8032512883132276
0.8035849444243615
0.8028452633840473
0.8016937803049875
0.8015212753152791
0.8014824002027026
0.801663386828886
0.8012530584324357
0.8007436351766783
0.7996621987734266
0.7988381239132063
0.7954884021618027
0.7929237073835764
0.7909903830954802
0.790439704489921
0.7905874055640172
0.7918904695670156
0.7932827635204031
0.7942200052010665
0.7951175988115001
0.7942694390604976
0.7931105961309032
0.7916936017087826
0.7911749713702978
0.7893541158967049
0.7871854894762865
0.7853943415707734
0.7843116138463051
0.7836539740958745
0.7831845232498308
0.7845722954084243
0.7855000991262344
0.7866711702855292
0.7870110227546326
0.7881385755161855
0.7884949526625437
0.7858537939872442
0.7839097263572367
0.7790671221905802
0.7754220245545722
0.7717942092604632
0.7685318129556137
0.7663435824045722
0.7651229988662456
0.7644413538327055
0.7631751540193722
0.7601169815017523
0.7576442841321575
0.7557167094129725
0.7527299280741627
0.7494896884525316
0.7475842548491963
0.7460268532938406
0.7446122405856566
0.7450502586782064
0.7443961205254426
0.7444692233065092
0.7462748104170263
0.7479723520343888
0.7485169185329604
0.7503530849372284
0.7500299821537489
0.7482027693555559
0.7460538970896586
0.7440303804230377
0.740224837391628
0.738388018889054
0.7350656754901035
0.7329113948853911
0.7299386115656444
0.7288438111487422
0.7217584638860138
0.712926608369556
0.7050377501587703
0.6982289120140943
0.6894415739590195
0.6801957671839521
0.6761551591008138
0.6758073761771124
0.6786311790302327
0.6820512972379897
0.6857149642953984
0.6899804982933055
0.6966872408797222
0.7036842308721253
0.7114492892742905
0.7180072642967884
0.7239137244503824
0.7284962631100927
0.7321441309793933
0.7364092652524403
0.7412268788558664
0.7455730698780854
0.7496944913466717
0.7539396268692786
0.7585181007814512
0.7630669743173626
0.7676539320863639
0.7707473798237366
0.7733819403804602
0.7756881545987243
0.7780745776169093
0.7794653336896498
0.7795588319768889
0.7799733238789899
0.7796293118695321
0.7779830891445513
0.7765813375657271
0.7764193844538181
0.7768190392529243
0.7770163811458722
0.7775327281552322
0.778040026440492
0.7787713677470071
0.7800184667090316
0.7812615993721571
0.7827056265138858
0.783883378716725
0.7856113429547521
0.7873534244803002
0.7874633639844119
0.7869565402936425
0.7866057938652666
0.786679373130481
0.7870888281405676
0.7877123791315904
0.7874357837843957
0.7857194931528189
0.7849072644452412
0.7845966345519245
0.7856687320223843
0.785531554156567
0.7863149639986922
0.7874905417171737
0.7888436042466751
0.7904515048889923
0.7927265154524396
0.7945011332767504
0.7968884253235431
0.7995695097382585
0.8030379765978851
0.8069137837206529
0.8099551964471364
0.8121908228612734
0.8148393399186286
0.8169718962540804
0.8190844821377619
0.8204989481407016
0.8222162917339293
0.8240660489741833
0.8246349690822373
0.8245252731676349
0.8244874034445527
0.8239332158038967
0.8228981503931043
0.8212784721344565
0.8200675281664868
0.8186988474430101
0.8162697954466507
0.8143206426355387
0.8125516799408625
0.811052410590052
0.8080451797573125
0.8049187257344126
0.8026547952463445
0.8010893506649959
0.8003135186080573
0.7998145468823066
0.800447840986865
0.8020356219223724
0.8003017402139916
0.7980532559599781
0.7961852817426474
0.7914827493070485
0.7869475538198428
0.7827509728562057
0.7788626371528681
0.775608299339075
0.7724956329738029
0.7712709296364311
0.7712206034309321
0.7714128820597173
0.7722987616259211
0.7737673691815959
0.7752882858127448
0.7753062242384237
0.7751699704784634
0.7755435830258369
0.7767795268421221
0.7776175374744332
0.7787547500419211
0.7798391396083083
0.7814856505310085
0.7817245169018068
0.7808870397911972
0.7802794726572132
0.7802745128983091
0.7807212769859403
0.7817728217098457
0.7838076332272694
0.7856334684732752
0.7875094013774868
0.7887650001453629
0.79040459356012
0.7916412954678422
0.7915017863850041
0.7911653684060352
0.7900130182754876
0.7889890610747121
0.786197235233303
0.784219308604678
0.782721542226074
0.7790254287602827
0.775690288049839
0.7732519567829353
0.7707351722698089
0.7667680628515565
0.7639650881562149
0.7610484434697641
0.7561586608892484
0.7519638940045167
0.7496838360699813
0.7459274682038196
0.7446285117736667
0.7444333630343564
0.7451987502315794
0.7470051878121199
0.7496324366902499
0.7526044999031962
0.7563808601158162
0.7586044735631804
0.7564712102823288
0.7559536581212223
0.7566084807125633
0.7581275980327798
0.759805176227302
0.7620746817680086
0.7654326073459201
0.769146212358854
0.7738352125239462
0.7778758226460435
0.7810113411943851
0.7836104093904637
0.7847799962306551
0.7859642922593189
0.7857657359464195
0.7853711961619052
0.7844961960749096
0.7835785502079362
0.7833177566790127
0.7830170994540563
0.7831083538914105
0.7832677804762257
0.7841703396902662
0.785228216988327
0.7864640499980279
0.7867903926777514
0.7872526915733166
0.7879853950852113
0.7894368047903871
0.7886165335395675
0.7884469320838887
0.7863545873486248
0.7835669031114174
0.7816134648964143
0.7802769069427262
0.7785744318648269
0.7764190485820018
0.773804870031282
0.7714458510829554
0.7698516183650529
0.7680619044983569
0.7676071721407708
0.7662578304692261
0.7636038763416448
0.7615555091392274
0.7603801706388503
0.7598166463945383
0.7609708095493929
0.7612757515130982
0.7626683211664994
0.7643282890326883
0.767137594537685
0.7708797094658015
0.7755904858303393
0.7795664137964083
0.7832961098974064
0.7865096469634758
0.7872328949934461
0.7884844746967632
0.7894121203160617
0.789991882468774
0.7892511597796147
0.7894121580963964
0.7890005776531762
0.7889334974732523
0.7876545794237224
0.7861608463363045
0.7849265076780708
0.7840863943125392
0.78273695802863
0.7817570918578566
0.7807037924883115
0.7788113717754712
0.775035883226056
0.7700726057341938
0.7633450832982475
0.7584427477595428
0.7535756348732499
0.7494153922769813
0.7470127012463426
0.745275197753942
0.746071327610051
0.7477575928163264
0.7480956181375042
0.7484665843184463
0.7460573745395008
0.7423976523319229
0.7394966316917319
0.737942439904025
0.7389219351109123
0.7402926728080369
0.7410195947958268
0.742866577219638
0.7434424496630889
0.7438973342234957
0.7445037163419322
0.7456664140217443
0.7477810185420246
0.7503371112859674
0.752466195292606
0.7529529259607312
0.7548519979370991
0.7557850837052006
0.756961745175831
0.7574930247696955
0.758817367629527
0.7581363266330963
0.7584259269493244
0.7591581842412659
0.7618765082663008
0.7652756795528236
0.769389487403229
0.7734493902584232
0.7777748308212562
0.7813194088418263
0.7865725340446279
0.7907734170412396
0.7939832901786272
0.7980432480304788
0.8015384354056998
0.8039953354051576
0.8065163170683641
0.808906642264156
0.8111721139539265
0.8128231435648037
0.812840215185616
0.8109779771791582
0.8091768661637959
0.8067868149782229
0.8037886006236229
0.8010713086492879
0.7983506803821696
0.7971280937206415
0.7956932355167311
0.7944382439167309
0.7922779551083134
0.7867670210051936
0.7820948941854139
0.7770472082719448
0.7738667073346623
0.772301379095175
0.7691430110270159
0.7674217463633061
0.7664135350015787
0.7647370118852429
0.7635316073783688
0.7567064119875553
0.7478191777100751
0.7415385804488185
0.7342203807063687
0.7288499227523081
0.7256066417350352
0.724721253935335
0.7253937484916486
0.725996930357306
0.7259484271411238
0.7183297362925233
0.7120184431451018
0.7039662973944707
0.6990164443153104
0.6985552967750734
0.6986951715301449
0.6983755087624606
0.6995301780972097
0.7002424069708219
0.7002748146816719
0.7013864727850029
0.7036337265371462
0.7039075932387956
0.7061979300607019
0.7083040746249959
0.7121708285392944
0.7175862495983752
0.7234512397544326
0.7289250556438222
0.7337385711545763
0.7373239662459128
0.7404377443130847
0.7425930033250829
0.7440822546503089
0.7464118234321195
0.748072912702435
0.749927830498958
0.7496141585353139
0.7491131330226534
0.7489662717048049
0.7489981161426958
0.7489031358207624
0.7482482087165825
0.747332108946629
0.7469149630784331
0.7480555846832373
0.7468817231792788
0.7468694829725092
0.7456347268372148
0.7439199895551992
0.743519589256414
0.7423106089617728
0.7430820681475132
0.7437985750639419
0.7453208806778543
0.7467037533137418
0.7486442103883504
0.749597606677956
0.7512957424541075
0.753720316890988
0.7567295546366231
0.7602184542130336
0.7637857557928114
0.7672275531579484
0.7696777115007151
0.7704452847192375
0.7705201966964399
0.7713624952579037
0.7720184439992317
0.7722302522971453
0.7715894595849543
0.7719588593116453
0.7717758496380148
0.7724427744081178
0.7728337386054479
0.7728651398774811
0.7731128439853182
0.7727885618076442
0.7720287870065369
0.7706931610278284
0.7698732857771383
0.7686099634153334
0.7678000765675188
0.7669231257367246
0.7652195691094501
0.762080890364053
0.7596782925277856
0.7561117407905404
0.7512971995628442
0.7457776761775058
0.741561522489767
0.7379826005964325
0.7368187355831886
0.7367756732454165
0.7375777022134404
0.7387560714253424
0.739500413514978
0.7413662327265068
0.7433293544750189
0.7454214461010603
0.7461491201695784
0.7483516103768455
0.7512879476303719
0.7519411894425367
0.7522269070770713
0.7534742328516334
0.7547238925334044
0.7572123889826998
0.7601514500508934
0.7631077596729409
0.7657024610462482
0.7677107678882339
0.7702399624004441
0.7722164116063697
0.773179473133346
0.7741846431609939
0.7753220880504799
0.7769362744883608
0.7793022668666668
0.781715845893554
0.7838987958465525
