0.3184566605603493
0.2789140382545851
0.464394843451487
0.4097581758768819
0.29574997629822103
0.10337821359465522
-0.3292208317244573
-0.49468254161842373
0.13560999877896335
0.1413135365029936
-0.18213886896699896
0.06303572361621794
0.4544426474458568
-0.041512199374650394
0.4159085010164476
0.24789444628521082
-0.3297404203137824
0.1933892321187924
0.21129577111284528
0.33383224578670784
-0.14296072369774424
0.12033503879746416
0.09820170419070867
0.04075641243241597
0.09194325015723726
0.04410809604873363
0.25749175257115464
0.1929114193945079
0.22233409260024317
0.15508701907627098
0.07550980807128085
-0.30378705166024683
0.10277597725975347
0.011479251440763989
-0.05758968356930009
-0.052178666835660394
0.2992714888303212
0.2076312698060183
0.34383211311901046
0.2982563951971026
-0.10404582998341641
-0.2841170654423974
-0.26573481372899954
0.14800088227891178
-0.11307012295478158
0.14573520688215721
-0.047202387513490374
0.28605679871411965
0.5534406692251844
0.5406402655854821
0.41583295813526466
0.37170007170416935
0.04037239610386212
-0.43335293783076595
-0.43676345327800753
-0.32415367071939655
0.24421457209332156
-0.4447411291700931
-0.3181758787806141
-0.2011076612100247
0.15490655340212078
0.3879594910027702
0.18889389191559228
-0.061873940114611184
-0.22585564465319288
-0.025041338221781267
0.39892492282431585
0.20029445638155324
0.030096393109804286
0.04106584544188963
0.030807245437375123
-0.22558652949742722
0.09241989369700576
0.19875579264118245
0.18295978695121684
0.22506162828727144
0.15451512853858024
0.004876729793424925
-0.2601575280642898
0.04111987788163467
0.2351174537727519
0.05725476807302
0.25914710611961506
0.18960906874387967
0.23290845587739992
0.40568696249575814
0.36615867135936697
0.3677131735605862
-0.24751486938711867
-0.0858781567489396
0.09273417763977472
-0.12438463207699342
-0.24981470667097608
0.25254449723840977
0.24316552591974266
-0.2337171258799711
0.5867338667483668
0.38339233580442456
0.3023226076492077
0.3997025627368883
-0.1865619476250967
-0.4150801561377242
-0.2707213154872596
-0.14775416577485156
0.004090117972259357
-0.3548533275353861
-0.0025791599041244265
0.3072966049230898
-0.12407894092665174
0.00966186959120354
-0.24021806602152854
-0.22302923217979181
-0.20049735630050514
-0.04261748515006978
0.12691343780666572
-0.07161819130723923
-0.16306417409953908
-0.14646124641918654
0.017841667567385172
-0.05847551954211012
