0.4212579836538891
0.5870813282151156
0.4172959752640597
0.481838367944708
-0.29401607283422404
0.020879161619606693
-0.5784914783295658
0.111841739749199
-0.18124591988396607
0.211699894775109
-0.11111830334472207
0.15112713397036806
-0.12642226950872837
0.14706812871901442
-0.4048836555233479
0.003862784323717183
-0.15190524950083517
0.042706692937980024
-0.12975590541074095
0.1218246777533037
-0.030237645974630575
-0.045230018538592126
-0.16978505484497144
0.3977026638414253
0.18853628040047313
0.12026684038088924
0.40922594665070783
0.1603831600260707
-0.15902774123213767
-0.15825608756322862
-0.2501751589148326
0.16437188507481637
-0.10869417680206904
0.005002336405616599
-0.4474346745826513
-0.21148903083809392
0.18126911041267413
0.4534250238251494
0.13441809423218376
0.5073040078482499
0.13735245449677128
-0.12283055395581985
0.3822091433295435
-0.46937559464819495
0.17981742706664944
-0.28574857967210676
-0.21156249391002413
-0.16421212627988768
0.24437181571433483
0.36063998932723934
0.3279251146829569
0.1268599306582759
0.19023639474555742
-0.3805954853948344
0.31714182422596615
-0.30533335090467645
0.26113789755802136
-0.17867078918367107
0.270300926167088
-0.33949721541138816
0.23809296364829474
-0.009603951135844961
0.3603947137789173
0.28845833191817866
0.02854677127067545
-0.09964352495031657
0.00397942992598488
-0.03660800747724223
-0.04862768173869333
-0.15802521882352774
0.08659738389516528
-0.09609084456801355
0.4162123676094373
0.28458233226362833
0.23889835500723205
0.2422176261726069
-0.03137977453430341
-0.2379982640630963
-0.20437417220816417
0.17649147397811574
-0.336960299461159
-0.0719974125618498
-0.31729774494602686
0.19887186091256853
0.21069550395446113
0.1687855391188489
0.581731934528049
0.4565799640726639
0.04031534815901305
0.012514093523641153
-0.36566299917315526
0.06076316936016822
-0.011106263120407463
0.0820599975781267
-0.23485279308054113
0.1234849684726221
0.6223288567787593
0.33222441890392157
0.1009479808333522
0.1130884535321388
-0.4506859912468236
0.2216881394339555
-0.09431438335274886
-0.3823816719383674
-0.07124806492678087
0.27242459919057094
0.08305190965029927
0.360938621264914
0.061095668234593996
-0.1420542588124578
0.09090661592010903
0.08458627714752966
0.2631642354785867
0.20583235077854017
0.03661959965208438
0.36361918232050894
-0.15728032578707657
-0.06413020312663595
0.037943402132031866
0.19288584102651007
