0.4467071914657062
0.4233985830899881
0.4135275831609403
0.40390310575678345
0.3732988348057997
0.3817569734145451
0.3672999281499221
0.34224331055427937
0.34527372225491104
0.31464749489162624
0.28759219558578064
0.28268366585373184
0.28022725498049345
0.2575953715282078
0.25045063657180167
0.2295295384994292
0.2174131319536476
0.2179002912759948
0.2122733305342353
0.18954539171529677
0.19488777911345323
0.18697946468041232
0.1709017652660783
0.17123214773961004
0.16188965127773297
0.16155823849236295
0.1421038020896231
0.139983163772277
0.13770552548380655
0.13295605730324467
0.11373379482814239
0.12309359954635207
0.12486514217293648
0.11275648051325915
0.09747418786250156
0.11938229689902918
0.0981233676244917
0.08419477265829917
0.09266586368187196
0.12747761513125655
0.11544986317961714
0.08488496501546361
0.08627976961899364
0.09045873942188015
0.10744154701620634
0.09324067129077457
0.04178810750919859
0.06615033752504818
0.09400411697105188
0.018054226860887257
0.06494689719096897
0.0787655164447627
0.013878592491093023
0.078225514989824
0.024555626475654124
-0.015517958686983913
0.0887549451979488
0.08512541649522282
0.015496701523431411
-0.01902673796066534
0.08197249390292666
-0.009195679435825221
0.033958262914828674
0.046651207597254385
0.011351668267094495
0.034112033535342146
0.04501570027779778
0.0854939436166865
0.08488010347781233
0.09802050375915022
0.047158053265744626
-0.008300940352523156
0.02476375771708822
-0.01953708452302505
0.03634649629467929
0.07756776358490086
0.040515272913647205
-0.025021966948158614
0.12854203616988746
0.059804846443390514
0.010396061514908461
0.043050444414389766
-0.050337731053671564
0.0033837125473094587
0.02365729205455447
0.009542523625240218
0.06703547720510455
0.0017023727578036607
-0.066546696580573
0.04462581171845381
0.12910042776834335
0.05271352646884536
-0.02239158494558313
0.05010413787531276
-0.08896196386972777
-0.006661992123742522
0.05268601543025131
0.02040450489868062
-0.02799187782900836
0.040894593623877096
0.09956523098768683
0.056822285312882914
-0.07034178428406235
0.09023981223929167
0.03214277469310933
-0.018897520167343362
-0.037138245462712716
-0.05316570386045283
0.08688843290681514
-0.0049370141142913715
0.08955544582376962
0.12673930040806253
-0.021083765335323523
-0.08863006360196002
-0.024368375263651987
-0.038511329931284144
-0.0790833903222139
-0.05194907776198476
0.02920243030456443
0.07252754376579795
0.05107467235000629
0.11990594731193632
0.15302073873266475
-0.02177418922378016
0.05099215923636552
-0.22669114988367478
-0.04502585983853902
-0.08921044775901421
0.10084826010768477
0.09531419709328515
0.09936410251017003
0.06522268993145042
0.11682213215128284
0.04426432965058141
0.06141403537608653
-0.015068745369981928
0.029869591807348994
-0.06019380555155451
0.10366684609651167
0.02641013337226178
-0.0633407905454002
-0.04430139344834372
-0.10480964888996891
0.0026220800617577367
-0.12621051168511055
0.08104697477585582
-0.08845929186682722
0.05697327636498645
0.018370738116996077
0.03703960842327836
-0.035212018408802725
0.056832667736797404
-0.03563793721326047
-0.15271233582343458
0.03709563327792098
0.07892679703938177
0.04638881769334041
-0.12072550143705829
0.039338455995189925
0.04736536640370653
-0.03775398662830953
0.060581470284639005
0.08388034638574893
0.09286201791804805
-0.09416109378836124
0.053811747392422726
0.01499375233099437
0.01552327793397884
-0.06314821505108292
-0.03752891274878256
0.06397888090877324
-0.09955762239474908
0.1296354143991612
-0.13410805912378343
0.05505510947089187
0.030078947694521296
-0.0048902363835063856
0.04498306096607152
-0.020313308632192717
-0.08748387418897074
0.04020252614775616
-0.09650111499147185
0.0665750543028088
-0.044797447425142245
0.08115011619889129
0.13401391751194636
-0.0785832729181073
-0.037176285110533724
-0.0840971372669651
0.0074340414024245405
0.156031523689515
0.06882176747217134
-0.06258429228456708
0.002615128380413889
-0.10070701984625885
-0.06579800590087292
-0.0898672600997571
0.03446508191932318
-0.0410653603995389
0.11071796334867534
-0.13354121094185545
-0.12007471947639103
-0.04374046568821843
0.19231358832033568
-0.15379350408374715
-0.3985675542784438
-0.1175840096753541
0.07875160928084912
-0.11889438975103073
-0.04045291661833217
0.16812741671634202
0.12090296936920358
0.24384344121882567
0.1357239959225351
0.062612450814503
0.12178512270598807
0.03820166700810962
0.004147984722293607
0.1077092896746949
0.012502773163212133
0.15221942819421752
0.027373245465295737
0.03873600023928331
0.03664761269005168
0.032024899953774444
0.027529891742796853
-0.01784140668473322
-0.06424339799969792
-0.054112287604968334
0.0039039994409162393
0.12994189485197033
-0.010624779480105984
-0.03364712782684465
-0.06405160858408376
0.024161326753922352
-0.06565555978813431
-0.04373187924099986
0.08118927184357266
0.017557004201283644
-0.1186520423590044
0.11033220237853114
0.14214818798823065
0.013280509811691155
0.006428759430099906
0.026070457590009588
0.0022892640368756267
0.12292643431722927
0.030595839283693305
0.04564905749871717
0.03215008466314051
0.03696338245203906
0.0678389945437427
-0.004578783373216377
-0.013202711197289885
-0.07990445180183647
0.05636698602169127
0.009401925272427891
0.10498927833265903
0.10728688643266271
-0.11537947688333183
-0.004355009871571336
0.0822562594258261
0.18102467939776112
0.15301816974919397
-0.017145272139541534
0.14015022118146914
0.001504635860086423
-0.1140250642847328
0.09236295637734326
0.05963130670767525
-0.006577570024540513
0.033179493731138654
0.08708632691959567
0.0032853242303968466
0.08551963688251357
0.024706862258665196
0.01062150019703989
0.0738590779781208
-0.08881941272558724
-0.06840805862833133
0.011518111790352059
0.046781929273228384
0.06328216143134363
-0.03525341709190266
0.053916330893674536
0.1206643549381538
0.062286914881736655
0.051400519718610815
-0.05007094512569077
-0.05577492909436965
-0.008526171905733126
0.022819545397194774
0.04363020826722952
0.03578389219975753
-0.1252888594485877
-0.23035490554299043
-0.058297836494757393
0.09806295465372672
0.1734579013956266
0.0628849290790065
0.04465213175597782
0.08409141401155812
0.06299349164490581
-0.23615516011226145
-0.058665175421233506
0.018221014226643628
-0.22728762953122716
0.021005861124018255
0.006592420290137457
-0.02848469668683906
0.09825391849846754
0.10925533099819906
0.14866946064389935
0.02380224521988883
0.09724120029564748
0.031172208425739534
0.010284843066671767
-0.017451941266550475
-0.06089322632291838
-0.002576442104062493
0.10787462216490823
0.10153803751920826
-0.07421546958284764
0.019630573305261023
0.07793005889819571
0.005111173612570352
-0.08917182354751907
-0.13611380806407303
0.08339655699948378
0.028652326959591023
0.08225961115503572
0.08071407995952312
0.07708105725942915
-0.038980604727791746
0.1066411185870571
0.01991543942299928
0.07358933192984041
-0.07597776564865744
-0.12669786031542518
0.008627645260910977
0.07269752989318568
-0.016701138469867205
-0.20391249677235157
0.09193429603784503
0.03615778861304059
-0.12432953004631864
0.1464709144289728
0.11129277428342943
0.03469325774387633
-0.16742584294220486
0.02158794659739166
-0.08078410638475109
-0.23491662300999416
-0.005690869634902507
0.09200561173185362
-0.20994256336496764
0.10549566002236166
0.050482207702601534
0.032190584605497896
0.11802156112734274
0.05054374950323848
0.026903466334174952
-0.08212982989026463
-0.10166919810515884
-0.36149776064242567
0.07627003245424718
0.09321752832293118
0.06236781810654235
0.060796569105474485
0.10697330009570027
0.10814378350534293
0.06981948298044571
0.1703840315003426
-0.0178285796561799
0.07898267362936734
-0.0074939878996953535
-0.0719489728589221
0.05421399238177499
-0.13580061050630698
-0.1133603839895655
-0.10823803332079063
0.11204564848540033
0.10071365491132644
0.110648833653266
0.061870183638499
0.05047078925717563
0.13389397383829832
0.07416198831257131
0.08500574300098629
-0.03721568414776266
0.07966789399861912
0.02842075285606649
-0.11248014293661102
-0.14219589709804792
0.10406442640122071
-0.036144043537046255
-0.014721326922349953
0.030449667268256708
-0.033928049053336684
0.009069406606314334
0.062477189294270874
0.02516679654921311
-0.06903133496021108
0.051464483860726384
-0.027014096297396928
-0.042420973543577434
-0.08179784177504867
-0.056378479840188844
-0.024115599021604317
0.06405572438746487
-0.17683785748059855
0.012532906704195157
-0.06154643314979524
0.1361931937013664
0.03763852121363592
0.13055103005289448
0.05269065210595669
0.047387352862579
0.01932757947256525
0.10032232678958186
0.10218104989192794
-0.0864557767259776
-0.04752088993782744
-0.04728897935484888
0.014680171200891545
-0.034249254163741916
0.034062411773305046
0.02608125214755974
0.10974516108968191
-0.2212599171697326
0.11358492912335127
0.06580361171977278
0.05192622782763823
-0.055352581104930465
0.008148814473824928
0.021275912518438078
-0.03992393374206704
-0.16996768675888285
0.04856750079166183
-0.2279602299116421
0.12562479938569615
0.07070605448007955
-0.00027513938509593494
0.09564368199907575
0.08210800807103319
0.06091884644122464
0.08946689614573866
-0.026374690236992127
-0.04820412189723278
-0.12341683916060386
-0.07015605929761115
-0.0526946851941652
0.029220392242859106
0.13509491475253443
-0.04527903219015417
-0.010992898212355606
0.16747508933345134
-0.06487103523343252
0.01822519669711925
-0.01743549308148351
0.014867934123729054
0.05000506165720242
-0.13696226963338332
-0.04018217603716623
-0.05026168619533733
0.11089013359855149
-0.0377444336171211
-0.01780291906903675
-0.01975564616082548
0.12326438523285488
-0.028290105244800468
0.14501340116855582
0.06394528770879782
0.0826389293519027
-0.016986142467616427
0.12479682129672542
0.02602565897622322
0.10212109152824161
-0.029266780534913495
0.10185469541673076
-0.036373050141304986
0.05220066360600806
0.10220541083172441
0.017183628168095433
-0.07537622742567684
0.09014774904812467
0.0462866047537861
0.0205496054269117
-0.04587968788463992
-0.14423504016939814
-0.23908694074172676
0.04543258989114152
-0.08502671844188103
0.0022806762103789735
0.11799038551725377
0.045861428081953315
0.1888063357913946
0.06310806117444112
-0.07437974731873931
-0.06777731120721187
-0.22951074943512495
0.05507586498101713
-0.07382990929110889
0.10935048749026588
0.03525700997174569
-0.12822124058311857
0.08384503817314015
0.09249466239579313
-0.09197146839347525
0.04237881017872869
-0.39461302929180775
-0.2858463734369402
0.22416939463750796
-0.16195995341064207
0.06901496586869732
0.15511783506000676
0.05884476382064385
-0.027648842217739222
-0.14190765852314102
-0.1896701104073053
-0.3768867066432452
0.07287352301268857
-0.08361302277992044
0.17730110862513093
0.023252797191704255
-0.009600368204151222
-0.022705144541254052
0.12869517804375086
-0.0007536045621553411
0.0766944605233551
0.09700454322877461
0.09706528228739464
-0.1716521009861297
0.17200312527047174
-0.018159066018443637
0.1557015349922612
0.05201073161921421
0.06722897060540117
0.07525606282484748
-0.04666391506691914
0.02570393663795728
-0.03866766769477692
-0.08848873523110401
-0.0354004895282084
0.02599806360953516
0.002090224695426135
0.08020893350423991
-0.16674021170194298
-0.022749454439765948
0.03198942515675862
0.08650674878969311
0.02969069044108591
0.009305083003654846
-0.10304043727527046
0.0649273978139816
0.07214508614595544
-0.14389967705663886
0.07042382597451974
-0.16684255850928498
0.06829163380172465
0.0833354113088513
-0.008249814304177927
0.0835913639382555
0.0204789920025214
0.09340122544086654
-0.007518533225184254
0.020486817942521218
-0.07538237333800912
0.04420253611879649
0.05660329418199245
0.1125091282765378
0.0641469271493616
0.0580555521718083
0.025480961556514914
-0.1374721774460511
-0.1461369789992203
0.017131579796512586
0.08788012436146697
-0.00197667270432067
-0.046469131388670815
-0.06716569997848221
0.048630668438137736
-0.03501945755034441
0.09186250348569786
0.0018410023054585833
0.08690983030451349
0.09584063172431107
-0.030259211493098848
-0.08658907894936785
-0.06362293491932147
0.10474362984945368
-0.061887870935966593
-0.030499144527109112
-0.05755114774871173
-0.22200674679192178
-0.1674802961740789
0.04158071584110157
-0.07388531089232409
-0.19123237645477642
-0.032499087200076215
0.08362426429327041
-0.008142163538671143
0.23104703365836798
0.052787193700227886
0.005580026124128223
0.10755232349912358
0.02026161622534617
0.06953906533571025
-0.03160556100298073
0.040770552612308386
-0.27145600126049896
0.027631021929558963
0.07981783389358538
-0.25478714629961496
0.04297332078830568
0.047493227934505666
-0.0912544822814898
0.08479809531293203
0.20683854390951317
-0.05853006749465062
-0.05106443287709017
0.0074769434625549525
0.05970643967899664
-0.1437677171453431
-0.044831221711095104
0.07048295769157631
0.09547436256275876
-0.05004412804696157
0.14064698074460896
0.09201467068479291
-0.12172285423039175
0.03699944806712285
