0.24451218524855964
0.5003764538638146
0.49221674728786774
0.4171201581675337
-0.33512894401483934
0.21075810248597415
-0.36159218295525436
0.42848613195191226
-0.10548623057078058
-0.18262499547011454
-0.1536982147476756
0.08296743896807764
-0.1054793709413585
0.242778374149618
-0.23269748223740763
-0.36186989942505265
0.018662950462013495
-0.2217466853970892
0.2855441062726946
-0.2529189904289239
-0.11049842884463125
-0.060927638768043246
-0.196714942988453
-0.0737471210846007
-0.324763704057865
-0.03961929098980053
0.2569682222202156
0.19548707377710978
0.2247633884526888
-0.08665232980723617
-0.21812762006831937
0.3241825108966327
0.18223860606289882
-0.1685876600577684
0.10209936176558158
-0.12660977608226223
0.2810438524584845
0.3718276209912437
0.12844557853387187
0.4090852206156643
0.09049051454220919
-0.017205458046694256
0.3275756329399738
-0.2898728775140571
0.1579379429916868
-0.17434002098769674
-0.1781251136754146
-0.028737806989430147
0.5689762026716325
0.45675217034861393
0.3466526049097667
0.3194976827461273
0.2274817186075832
0.44748773886732246
0.3168528668414965
0.036878991850766464
0.013989264092091724
0.2021998946419978
0.32292670394865597
-0.23364510601842245
0.23518105599902228
-0.019526722037547975
0.0015564758041891765
-0.022536627254932766
0.132261667216173
0.3001969907384851
0.0234422360621895
0.30763631606371705
-0.16052196701601035
-0.006744945234996695
-0.02396709337949198
-0.0410994266457753
0.19639997651198532
0.2917956490111773
0.2049601579736435
0.22727838962061298
0.1780725044437605
-0.18265878477293876
0.1342502265665347
0.09058862179434567
0.3236908039354023
-0.005339352400202616
-0.010478506483143543
0.17771684263747295
0.30669889772699044
0.24299047469952137
0.5067218365523763
0.4142443634402269
-0.2179677396755996
0.054675438249252965
-0.3444824571103039
0.022264225906023734
0.23216164505249245
0.0961958643719441
-0.08470454694793336
0.3002930625136514
0.5583429041377485
0.3784827477760249
0.4812760217069582
0.17630195507294014
-0.2937908057790918
0.10634597982207736
-0.20444663228111515
-0.3502325083203569
-0.09289840235183043
0.43588217410358027
-0.13426635830316144
0.2807982491307067
-0.10486900792554195
0.017408126791019163
-0.1963053831357375
-0.07108241947270218
0.20448291521161308
0.290858726090957
0.22050746929502898
0.3599183059060705
-0.2556479223955796
-0.19760413278187292
0.045860602973020206
0.10786425804662336
