0.4361002521328878
0.4250487536177397
0.4098853106539081
0.3949294255654029
0.3828362617866612
0.36768536442184696
0.3503507313866754
0.33081730655326513
0.317544428868751
0.2967656038157546
0.2802846463167613
0.26568169539814357
0.24609218940934796
0.23708144422043614
0.21914882731727964
0.2071854443120188
0.19867352837023244
0.19029018586958357
0.1815649138295397
0.17542156097295103
0.16696846189158937
0.1645038395180885
0.15834948788580744
0.15282949704563703
0.1423053746239316
0.14336945839051846
0.13151259647214947
0.12767610634685433
0.12221451306670045
0.11241302526805996
0.10298241386104973
0.09592374243051521
0.09987725930167635
0.08856304660841507
0.08561438737100319
0.0823701894929339
0.07519596999559619
0.07487812963660234
0.07547406610365537
0.0636927466318033
0.054312919766773826
0.06569539245584516
0.05142451768112821
0.05350433972714652
0.04239398267406719
0.030993475564308703
0.031158246605404838
0.0245202434127908
0.0426922874376901
0.029936296400430107
0.0324793021010128
0.030795039897481558
0.02244306372175242
-0.008990944646555699
0.045252088216572395
0.026804413848121156
0.002901789354747608
-0.0045866438499493345
0.018543736756279017
0.038792536353339346
0.017560275550748627
0.01436693646314513
-0.0023734028721517086
0.04241544393876845
-0.0073370548316618045
0.006095387148271569
0.005373382144184757
-0.00642199440412583
-0.0041000813538248915
-0.008367130283340796
-0.005110204243489291
0.015784175473378015
0.013841388850588332
-0.009874270412060238
0.02130415620324072
-0.03669272342000052
-0.02229701374198534
-0.01073764974601843
0.007494129407054129
0.004059978929323194
