0.450483744694012
0.2835517510614046
0.3966843123591024
0.4214893145984502
-0.09009682564954052
0.2899120787017504
-0.3812936563272698
-0.44057751372496023
-0.03611019155859816
-0.10157350257412748
-0.03737304327852526
-0.0800021284794163
-0.28433316762358163
0.028947169303758586
0.05686685653241315
-0.15375140502074627
-0.4032553783991724
0.19602491023191973
0.2993681933190483
0.5142992229981256
0.10820124465555958
-0.3355831934868912
0.24978446120172568
0.2756351341926221
0.14741352579002384
0.009926852732213914
0.49784133243615486
0.3070289664182114
0.40590671694891634
0.4883375970316108
0.18517000788722882
-0.3910702325401031
0.15555487860001882
0.0451003922571418
-0.13892733891157275
0.129167463686412
0.3799002777972723
0.3172733805472559
0.25567968477402864
0.5340579680238586
-0.21698020664346668
-0.2281515467331057
0.025190990816101932
-0.1556573694171778
-0.15955431352466606
0.2406102426805201
-0.2773562665473592
0.15533557399561182
0.09995374715559363
0.3104810652180865
0.4616695292167805
-0.0066973892885684805
0.04149076554223336
-0.3502083784711734
-0.49215315414604166
-0.48103864533762647
0.2527975295885487
-0.14069755048449276
-0.18928510478728014
-0.6206675779957832
0.0018803954004536286
0.10794401770900255
0.017116499247688783
-0.1692440030151547
-0.49189769756652
0.43217879288764505
0.6010605212984964
0.27718354499116155
-0.2687191515969352
0.22441605581934038
0.08031992396214231
-0.562377072465546
0.28966984048097183
0.08215946399421149
0.2584357702340159
0.2951797934674074
0.641392465960089
-0.051197420035519026
-0.2908100449129975
-0.159193197160707
0.2952474603177854
0.06712444827962076
-0.10154003666870223
-0.0814830849675062
0.36215768236106327
0.19958300114513108
0.5971967393995298
0.4633819822894224
-0.2667797706703206
-0.06803466823205531
-0.19522240553899994
-0.11906153013485565
-0.4057264178284182
0.3270652318310994
0.07613802499972412
-0.14567710849612012
0.4174904621155118
0.4248800548713445
0.23366764298873957
0.20712206409494663
-0.3442404170213476
-0.3404031829660581
-0.29235516694725494
-0.3799636853408149
-0.36776492058051874
-0.11848471240033087
-0.29699674863437264
0.4136887405281707
-0.041361747551557006
-0.06657847694570089
-0.19637552562502536
-0.2420506485540592
0.0868454202860209
0.0363496265762162
0.2732058861525521
0.2561220088256346
-0.4007967132884487
-0.27612344536741273
-0.2874546324024849
0.42936412085753034
