0.4302466591738463
0.5019673773127793
0.230419166245894
0.3285965616664011
-0.26281144816147683
0.08139275407712973
-0.5455677530838349
-0.30654140844452915
-0.19456337697058357
-0.037691270593582966
-0.13222595574337298
-0.024853152960571365
-0.08756677906306361
0.20381205256080984
0.06589196856959206
0.32246184417618007
-0.30834979123015044
0.11730259269957813
0.6397651237215825
0.060357612083858384
-0.24384043183823995
-0.3280412192952519
-0.05142794122821054
-0.1611836419578246
0.13323324023377509
0.023225033461768227
0.4195217779957256
0.355392696770263
0.4549759944500827
0.5206544668675999
0.1633660087741378
0.35182704397058123
0.045529290846586475
0.05768471864830733
0.17232741587503161
-0.27170669714315304
0.2652805921903481
0.4130360453826849
0.3478672809486874
0.5538597740879178
-0.28000560113034245
-0.15875216314207033
0.005939204071777957
0.15193731674700955
0.2713076572035683
0.1328200983177767
-0.13743036374163706
0.22522324893595622
0.15986908894296956
0.41285820656462363
0.31805150853855385
0.0322849063991025
0.15581265070027583
-0.27659142754719357
-0.26796485050396396
-0.34115840555380217
0.29899002514124107
0.20128545294710107
0.06320417433180604
-0.5157962832609241
0.05978698154022509
0.10858023798538005
0.4275806209436726
0.3658411868687049
-0.09977299270072314
0.4524406746436152
0.32813250523289533
0.10750622267276626
-0.42566548826840034
0.21939118021397896
0.15113746292186273
-0.5121830167656857
0.35936401177808647
0.3449639825635808
0.26572948288779025
0.20703286365294934
0.5084287751701506
0.27551122629306496
0.2733625188745258
-0.20216540865722324
0.35781622878644104
0.05010099783492558
-0.0805284187940529
0.12879841138070228
0.33362572441803634
0.2675194476934528
0.4996781523096609
0.22122952078142405
-0.18787604625802828
-0.08808970810248247
-0.02056401037907067
0.026245230942174343
0.37429372681466677
-0.0693411138341827
0.27597237071940833
0.2200063605677368
0.6100116628005045
0.3904806401442194
0.10852468184090715
0.13933768193846735
-0.28997585960541733
-0.15644417741329072
-0.3867505719874523
-0.43481822086540195
-0.21522827564212133
-0.08322111144472376
-0.36613751521017635
0.4570684537505491
0.14343513088779394
-0.0836801109280222
-0.18270588855369904
-0.11359391981247756
-0.09212145452071659
-0.06634378428002795
0.19739101452818025
0.2591527743255603
-0.5936978984599307
0.1794893876523447
-0.5252732308345609
0.056524115921258715
