0.01331586504129518
0.007152789743984055
-0.015454002921112682
-8.383849928522256e-05
0.006213359738904804
-0.007200855607188968
0.0026551158569211955
0.0010854852571496943
4.291430934033236e-05
-0.0017460021059294128
0.00433026189953598
0.01203037373812212
-0.009650656705167633
0.01028274077982704
0.002286301301246597
0.004451376128303479
-0.011366022118310441
0.0013513687844863551
0.014845370018365823
-0.01079804885785276
-0.01977728280657907
-0.017433722958989074
0.00266070164000551
0.023849673307110967
0.011236912534094234
0.016726222133078276
0.0009914921583524363
0.013979963770935753
-0.0027124798796578082
0.0061320418485963915
-0.0026731718867356864
-0.005493090141054789
0.0013270829575995119
-0.004761420149273371
0.013084730808634776
0.0019501327923309281
0.0040020998825234825
-0.0033763233708553097
0.012564722637551555
-0.007319695020012079
0.006602315512263132
-0.003508718914398713
-0.009394333597625511
-0.004893372168846516
-0.008045911422699545
-0.0021269763871051175
-0.003391402460634347
0.003121699363132221
0.005651526696566274
-0.0014742025772701986
-0.0002590533681618617
0.0028909420380393495
-0.005398790713327012
0.007081600199266035
0.008422247383826556
0.002035807973274787
0.023947036648845354
0.009174589375104293
-0.0011227247119416004
-0.003621804471422401
-0.0023218225594409093
-0.0050172889959486724
0.011287851531098774
-0.006978100304717147
-0.0008112218381694613
-0.005292960809994882
0.010461828568082643
-0.014185560292233947
-0.003624991831556408
-0.001219056911618885
0.00319356421091224
0.004609029016717183
-0.002157898923305219
0.00989072457499439
0.0031475377881173363
0.024676510564346027
-0.015083214871632158
0.006206006630086133
-0.010451325375144377
-0.007980088176722442
0.01985084591425731
0.017448141483393013
-0.01856185480611148
-0.0022277369910299965
-0.0006584784771120117
-0.02131712108481604
-0.0004883051133875307
0.003933412170817397
0.002172651451180396
-0.019943937697410576
0.011077082347826497
0.002445439766479897
-0.0006191202949240429
-0.007538929607476993
0.007119590165198396
0.009182691514794155
-0.00482093138835479
0.0008958761258951613
0.008269986226622651
-0.019545121200015052
0.0011747566102663818
-0.019074568881244005
-0.00922909264848946
0.00469751434083043
-0.0014436676302696369
-0.004001383519857285
-0.0029598385293921215
0.008482086090216563
0.00706830454751635
-0.007872689262471868
0.002929407248319669
-0.004708072514855173
0.024043256059373498
-0.0073935673850867205
-0.003128287573370896
-0.003488819182174932
-0.004390262362200143
0.0014110416806443194
0.0027304932009531093
-0.016185707478157948
