0.43931758861780296
0.42734106897127877
0.4119643687446415
0.3953547283534356
0.38053381001964864
0.36451488627176587
0.34667191886543636
0.3266743145800569
0.312147220114558
0.2917268159486006
0.2754389140578688
0.26032357171108056
0.2387940124907102
0.2317835357420414
0.21658636304726364
0.20565475572556247
0.1971901735092061
0.18971273779907644
0.18189382379062735
0.17674298485271078
0.16904020516404716
0.16689122568937614
0.15947628292414728
0.15546589350237078
0.14450695420285325
0.14324366526385385
0.1334115575938924
0.12750800014371044
0.12130934946489125
0.11392826993413108
0.10628380468236148
0.0979291405176933
0.10011403592882934
0.09038187733014874
0.08941145429317854
0.08341367717345355
0.07424339076063524
0.07812557328843917
0.07824836690495907
0.0586863221876312
0.055634186264253926
0.06802000878925085
0.04510003222505682
0.053607816478207004
0.041311413423610666
0.026732988427278337
0.02247224212188398
0.027239639633655943
0.03797013642230146
0.02703743230677169
0.03339378990105335
0.029075709602031152
0.02471088758390455
-0.013756298659239552
0.045470421072544176
0.03145770590601954
-0.010547139508522596
-0.02013658069412705
0.011679388065568841
0.03608273169196269
0.019560516846430787
0.010840080614541892
-0.002304800756685599
0.05142313320712233
-0.008533463331682145
0.007945057503764175
-0.00392894362845253
-0.009971481872881882
-0.012119033989852923
-0.017760862379651465
-0.0035117329104151773
0.02444555440242757
0.0229412134772487
-0.008173718403785224
0.021013300209369756
-0.03179804769178751
-0.031288588841406284
-0.012980192591834694
0.01046471133950222
-0.0037049589080605516
