0.02552165205496481
0.014928147000558323
0.017793516846496115
0.019791895091000197
0.027467858666846003
0.04103594735530995
0.056938331738041074
0.07392027242667971
0.09183624651694237
0.10883238834963575
0.1259659940686696
0.142357743777753
0.15827554599263843
0.17322294132865632
0.18742993212550343
0.20124672179252612
0.2157881872078626
0.23099229288695455
0.24637355375748485
0.26364343957748926
0.2830011292376047
0.3042160975654231
0.32714387953822127
0.3511576690586442
0.37576946699727143
0.40041394203405767
0.4251213999487107
0.4504652444772586
0.4749353444368732
0.49879382605876255
0.5223623970767195
0.545192164844402
0.5672802274341848
0.5882564173601869
0.6091399254019443
0.6285026301921067
0.6469379007098982
0.6642022121226637
0.6796290815846977
0.6943925892758136
0.7073426232462627
0.7185186188581921
0.7286052375087705
0.7387471835168636
0.7490189194919433
0.7591532000427776
0.7702690766497581
0.7804729714736169
0.7902499981900774
0.8001781113495294
0.8093167513084781
0.8182011880117888
0.8259378451116185
0.8335550439054615
0.8414297751802052
0.848474991612655
0.8535406082855788
0.8560252805155266
0.8567989028579261
0.8567294540253165
0.856510175780885
0.8551735823740381
0.8541332501253991
0.8527236765107207
0.8516497967454498
0.8501136469183187
0.8496910313560274
0.8498657601807671
0.851366908992209
0.8514681183411785
0.8529030913757994
0.8539246133138203
0.8536378836076254
0.8533931286445938
0.8531612406381748
0.853216148776633
0.8526145377403684
0.8516034515540482
0.8495889990095082
0.8471595019601467
0.8450178468995903
0.8434637267453718
0.8409105921236498
0.8395086163180259
0.8382811594483157
0.8388075758819189
0.8399512521704703
0.8409299690403427
0.8421444521329841
0.8435226615600715
0.8448073591512242
0.8458138110129667
0.8463602766268101
0.8462108065478458
0.8465758897549126
0.847270181695074
0.8471914539164213
0.845894089283361
0.845301278016663
0.8459326432000931
0.8456188226637131
0.8443480750192949
0.8442542563165327
0.8439664593471387
0.8441373476935162
0.8435817244470524
0.8427109032245688
0.8419940456987631
0.841058196688553
0.8405353106193314
0.8404317752839642
0.8394773530685965
0.8359761617066056
0.8322779370457624
0.8269574218294775
0.8213745155002324
0.8121157658137539
0.8036582713621989
0.7973494880604435
0.7932334741524782
0.7903301509342971
0.7893095514861654
0.7901403879185345
0.7901672616531181
0.7896463061165809
0.784626908376332
0.7761023815073532
0.7672830901908934
0.7595494859583874
0.753307445847822
0.7506042970359441
0.7469981507934011
0.7459978660677609
0.7444686258193404
0.7441696907547134
0.745766945344986
0.7470448746750853
0.74850498626717
0.7493648020150018
0.7496950572636846
0.7502882862946568
0.7496498291775419
0.7487492109048357
0.7474008519142291
0.7459050379714385
0.7434260833191774
0.7411477233147784
0.7398874847590629
0.7391566973138757
0.7391675903613262
0.7377135088313294
0.7372385509308003
0.7375798786756533
0.7389536822413867
0.7387329705922653
0.7388003351997203
0.7398038194344988
0.7400686976956465
0.7391165655793037
0.7386132456328921
0.7396550464480632
0.7387219242041094
0.7396225548300708
0.7413686617475637
0.743134931736225
0.7459232956980467
0.7493714244316871
0.7536659099291732
0.7577861631965515
0.7613547416677028
0.7647215393950632
0.7679827212795012
0.7697850891481353
0.7691230158645921
0.7685681607735688
0.7662615734951548
0.7634674018411421
0.761380203866224
0.7608545365807319
0.7596551364339987
0.7593209853391201
0.7585869220692121
0.7584448819043065
0.7600058490037197
0.7614798398699718
0.7627794635005036
0.7640653149357455
0.7663330509902965
0.7685142999125746
0.7715496579602837
0.7750839644657845
0.7783046134110632
0.7814926608155416
0.7845712653662663
0.7860933685875416
0.7861093536467665
0.7859767574621126
0.7849194808004463
0.7832897296277905
0.7822036503410478
0.7815016805048776
0.7802863812976023
0.7799879713106987
0.7797482078120751
0.7798040569054574
0.780912441303339
0.7819809095745647
0.7836843851979566
0.7856582039879727
0.7884605976479337
0.7908676835770386
0.7931932264753881
0.7952618862339134
0.7965283710253276
0.7971114341677887
0.7965600333405213
0.7954643875132544
0.7940585755954528
0.7929605033758802
0.7916737267559717
0.7911140390170798
0.7903894988568918
0.7895005066737499
0.7886695256084774
0.7886114642985924
0.7888932326704958
0.7895459721645983
0.7907449964298212
0.7929947485130919
0.7952099335501335
0.7968307412589587
0.7985639951927498
0.7999376912570755
0.8006866661557912
0.8004040961737516
0.8009774085083154
0.8011239038788783
0.8011715648502804
0.8020501769168527
0.8027435712706109
0.8031786536182697
0.8033150358128351
0.8027999336478856
0.8018335418994529
0.8011021369046373
0.8002280685955543
0.8000051439969655
0.7988337367854619
0.7984645473874538
0.7991432430242498
0.8006278357388679
0.8010535447078467
0.8019875056117207
0.8023327830351183
0.8030006298858978
0.799869130858195
0.7980319764513613
0.7956878286453195
0.7935577549957771
0.7916268188214531
0.7910306142048009
0.7905858560304581
0.7899961047374789
0.7884686670919716
0.787725793442826
0.7878680081267788
0.7888445352809487
0.7892087727041336
0.7898847953853404
0.7895210416499346
0.7866274052662969
0.7835676191627355
0.7803577858974713
0.7769632790436082
0.7735792455515504
0.7701931974032666
0.7678210053318459
0.767386271510213
0.768036476392804
0.7680909385654814
0.7692728514014434
0.7701203900282068
0.7703822299825722
0.770834426894075
0.7712936551167859
0.7707313260686213
0.768787381928756
0.7649770083575961
0.7601629379613478
0.7562388917450226
0.7535359785087941
0.7515643874369271
0.7492195773259952
0.7476296697518646
0.7456637931071571
0.743174933287289
0.7407401067723102
0.7375336803933756
0.7355703799688464
0.7329313962559875
0.7316487925254432
0.7286170780724497
0.7239091956646639
0.7210885108343085
0.7178852410275748
0.7145961618444543
0.712266476950482
0.7107847338894492
0.7088502521124781
0.7065918560603386
0.7057161992354839
0.702471757191987
0.701485860474922
0.7024799944791053
0.6988357118920185
0.6949195666376525
0.6917792942940122
0.6890932836670598
0.6880546588160484
0.6879985141817007
0.6898906060209126
0.6922297747928882
0.6951161910841919
0.6984941988971366
0.7019006872283259
0.7054860629464115
0.708406950847125
0.7113319699895476
0.7136322508341161
0.7153472782132223
0.7168603748297561
0.7184929847833827
0.7209084924572634
0.723409673581817
0.7270178254078323
0.7311353981005716
0.7345215969978105
0.7375170441145072
0.7398617322361856
0.7411895879356016
0.741135113326426
0.7415272463429794
0.7423901085134741
0.7429507964166188
0.7433877682639608
0.7438361550460562
0.7440282046135571
0.7440828635048502
0.74412087127244
0.7440675028015977
0.7441436534006199
0.7441362430193588
0.7450285712370128
0.7464294484138078
0.7486122372987972
0.7511428825937887
0.7543023508112396
0.7582353304109049
0.7622658827937576
0.7665207577388929
0.7699218038338241
0.7725790336722633
0.7721456557871682
0.7714118573737453
0.7708041323812989
0.769384019851574
0.7678681189372447
0.7663989878999328
0.765279368911972
0.7638556895273688
0.7630593852623959
0.7629249786952972
0.7632251497221484
0.7637903954300448
0.7637887721674704
0.763940408280203
0.7642011955449167
0.7646298719803669
0.7651273603993185
0.7650804682289186
0.7650203822315702
0.7656622675331455
0.7659172248714542
0.7663909482424267
0.7670909699260725
0.7678123876526542
0.7685477263964218
0.7697208347652471
0.7670902426234781
0.7628220740101399
0.7588856307404694
0.7526646225904097
0.7469269298448905
0.7396698342027214
0.732681024251709
0.728575777277497
0.7268568838479965
0.7253633781119498
0.7255348917680297
0.7266537317528037
0.7286887557743358
0.7306970097483791
0.7318666243106603
0.7315708647396774
0.7311847273052428
0.7287679868160668
0.7280860257118376
0.7281027387739492
0.7275471296742023
0.7270014417462107
0.7267391793784254
0.7258161184826696
0.7262128284667138
0.7260900056766435
0.7252609352669606
0.7251413777565225
0.7255523399870926
0.7269966662839829
0.7271620810993983
0.7280382704549764
0.73063770069202
0.7331952335335319
0.7367783317696205
0.739683793358333
0.7395173056935656
0.7376709235778766
0.7364982028062769
0.7341131926938987
0.7284576207864384
0.7224379267964576
0.7165673694472642
0.7057033922903614
0.6965954482754366
0.6899341759727281
0.6844974269410629
0.6772878834471162
0.6712129225267868
0.666938257399216
0.665007193937159
0.6612734089621126
0.658877429653982
0.6593431528899761
0.6609039261207784
0.6637192739189216
0.6659268863138302
0.6681976653673346
0.6725348827927999
0.6775769598737948
0.6832578837943863
0.6899169131232424
0.6964389488419125
0.7022581225575263
0.7070435690647402
0.7108222401935781
0.714139066103494
0.7161556371439428
0.7178455872139929
0.7198179364395428
0.7205896297736795
0.7211701548601241
0.7222620901293006
0.7218749889666112
0.7219887969898106
0.7229653568374262
0.7242039419648388
0.7259908605675104
0.7273213608210995
0.7282988307216327
0.7294875422024026
0.7314653133184484
0.7337123591192354
0.7361117728429774
0.7388457904511518
0.7411122549032593
0.7436300725589507
0.7464989433109221
0.7493858364760048
0.7521892626075405
0.7551650789885733
0.7565916406766965
0.7580012008730388
0.7604861273805485
0.7630508161768612
0.7639294053750061
0.7645740021343909
0.7645524619724784
0.7642703067402798
0.7643360983471382
0.7646220513066989
0.7648514466961863
0.7654847299817935
0.7657705491205782
0.7651959412966342
0.7636628362944914
0.7624219097519584
0.7612425856338043
0.7611079698965266
0.7616323122183146
0.7621429907516026
0.7630732301135769
0.764215456089442
0.7660214989728835
0.7673970752927088
0.7682624706446293
0.7681798933381345
0.768617799421145
0.7693448746434943
0.7701680701815313
0.7713754873406773
0.7728634781028578
0.7746695748101865
0.7760032851195017
0.7766530636416409
0.7767604526078046
0.7768850995842757
0.7770745798560152
0.7775103549809309
0.7782919667167679
0.7790334289178026
0.7795301172154706
0.7800958060670078
0.7805030878202684
0.7811655408750633
0.7815920086199356
0.7822772895205471
0.7833977109959105
0.784125416074351
0.7850775946925843
0.7864107107049494
0.7866922706973257
0.7873494023190893
0.7881489264087231
0.7890276783349361
0.7903277940580004
0.7921187576047847
0.7937788212107941
0.7955968211681544
0.7971031656126719
0.7984116500492245
0.7988049474995584
0.7996431601436023
0.8011168173322222
0.8031785547910247
0.805583551664692
0.8073185995782554
0.8089596489645787
0.8103141963737774
0.8110934939852684
0.8103317498998247
0.8089307615738772
0.8082422467680391
0.8077256674478038
0.8076936754948206
0.8078506950508827
0.8078107536838567
0.808131860230947
0.8080085752918827
0.8087749892094337
0.809321215890339
0.8103790729140699
0.8110176395099132
0.8113697892162857
0.8115682122340963
0.8111642196666241
0.8107417527776635
0.81055431945599
0.8100993705354093
0.8102273529720799
0.8097511267161038
0.8092165124302283
0.8081932184699778
0.8072625391353846
0.806160776140636
0.8046062739211064
0.8030483027757631
0.7995017676028114
0.7964369167096802
0.7940876615699415
0.7925728746867412
0.7911501437335751
0.790020251035117
0.7879217242787909
0.7865485256267525
0.7852775388860239
0.7844617147393148
0.7843464044357991
0.7838307863427283
0.7828627025789102
0.7817625631590654
0.7807977590526277
0.7804421354867648
0.7806570714761605
0.779972463581834
0.7783096398630066
0.7773724108467375
0.7765417513531614
0.7755690586154698
0.7751781283132811
0.7754773391419094
0.7764041337579318
0.7769463807655903
0.7772527436726266
0.778442372726583
0.7782601598905372
0.7782413517303298
0.7776011274094755
0.7751778340418606
0.7671094732768463
0.7604817707978625
0.7547869591001336
0.7518333277218554
0.7515509054426491
0.7521146261864586
0.7523739667247993
0.7531752097109107
0.753727039305985
0.7551610669122011
0.7570827193748975
0.7591465861924993
0.760999953380206
0.7612920185940466
0.7620194349581659
0.7627058829189247
0.762260537081955
0.7625112839179012
0.7632235753842366
0.7641346873786977
0.7653884908698212
0.7667899221412815
0.7674236106047075
0.7676915459693401
0.767412950277303
0.7677425298105521
0.7687637855170917
0.7692353948353013
0.7699713481813776
0.7714308222567603
0.7732718399125752
0.7763075813617694
0.7791669112118816
0.7818472036534714
0.7841426472423926
0.7864885533814499
0.7877146227316983
0.7891822915609967
0.7904555975944884
0.791967333319778
0.7940766160220846
0.794839177782735
0.7949767340826772
0.7948718801137666
0.7944770314966759
0.7930265503620854
0.7917736841190433
0.7909495847695577
0.7909578269517967
0.7909379498767907
0.7912256205365723
0.7910124966504329
0.7893989561892826
0.7884792078186456
0.7891323159848311
0.7886688487701614
0.7880382746905163
0.7875183711003402
0.787782958643144
0.7893936751583878
0.7897740133657615
0.7896682971975736
0.7899577646403272
0.790991980208357
0.7922374127250364
0.7923847911902064
0.7927683223372847
0.7923564237436976
0.7918644245977962
0.7914402138217514
0.7907664094534298
0.7882562989310367
0.786016375973925
0.784232899774714
0.7840698076245839
0.7833917816650593
0.7837511435232136
0.7823656981110947
0.7804751663694923
0.7784868314534347
0.7766706412547804
0.7755095358295384
0.7742641208570855
0.7736069894817468
0.7731023783509058
0.7735959389762207
0.7728104575511224
0.7726154809848981
0.7720824939533107
0.7714745468189997
0.7711610837372834
0.771309506716534
0.7703122702299289
0.7671149031487035
0.7629631897831807
0.7599153099236745
0.7580263724045558
0.756131611319062
0.7556064162606655
0.7549463272475729
0.7551428094920678
0.7537400109207602
0.7526782384085627
0.7512337491232939
0.7503349878182483
0.7493434945917594
0.7486701703917461
0.7473507565042804
0.7451672993451255
0.7448450977297434
0.7444777248544993
0.7432060085046222
0.7417606426580486
0.7391118617387643
0.737605894366969
0.7363648097394635
0.7340804717323122
0.7320353805209939
0.7316888983200507
0.732090252034978
0.7327030341398013
0.7337618965178979
0.7364838462653316
0.7394943304587079
0.7424496323084049
0.7449847342002124
0.7462554392941155
0.747815254848141
0.7499275426126463
0.751428591634677
0.7542848578743683
0.7572768058758518
0.7597079219799362
0.7611415536350989
0.761506813101413
0.7618907158631166
0.7624626524510916
0.7629050761610747
0.7632153990815593
0.7631547474203837
0.7640148544121134
0.7658725650523491
0.767252923260853
0.769085049892345
0.7709764407485044
0.7721240732399557
0.7737431834214517
0.7758134611604668
0.7775048632548321
0.7786710231064444
0.7791036548351347
0.7791788047792548
0.7791651239437657
0.7788462694084779
0.778471908393751
0.7781704496359212
0.7779989922003239
0.7783529611031429
0.776661253983039
0.775014610501673
0.7743349083510738
0.7739494815577466
0.7741305742209756
0.7734292087436605
0.7719663271156898
0.7704420715663561
0.7690786477768061
0.7673969988194009
0.7647497620905868
0.7624484187476394
0.75910237073101
0.7562700244854635
0.7541335841961829
0.7530700845233051
0.7495995584070487
0.7475876111446325
0.7445678922549485
0.7440259821336341
0.7427091647811482
0.7420931415753045
0.7403310435088793
0.7387849674029615
0.738999438501869
0.7390333896967034
0.7401972878108479
0.7416833405642145
0.7427087657939764
0.7421714929798463
0.7418213449746371
0.7418438832046764
0.7413342341194107
0.7429641017984757
0.7434689002917253
0.7450436823668835
0.7463179404527875
0.7469320809945992
0.7468298193428009
0.7474732379803025
0.7494127465885302
0.7522361047899405
0.755563662845331
0.75852536894613
0.7607907006193662
0.7631711864412254
0.7654926774847808
0.7663694968844792
0.7676855146942807
0.7691666595758948
0.7706926729994826
0.7719928732326183
0.7739494025411707
0.7756947008568299
0.7785007862510575
0.7806834930494548
0.7833483020998254
0.7857254691909609
0.7871659879533373
