0.04165784254017877
0.030957682075985253
0.023938557758652224
0.023531567601384556
0.02702655546100291
0.03257578009930278
0.03872484794394273
0.04573057370133198
0.05397157916600214
0.06431806876826279
0.07715310887074078
0.09230999572620252
0.1092944734914697
0.1278652114567468
0.14746155700013466
0.1682216700040757
0.19004403655264374
0.2131512398360862
0.23808074866553053
0.2641793459004165
0.2910481881024193
0.31828814087750473
0.34556570532946146
0.37255734460885354
0.39912819606213407
0.4251561748191612
0.45041361591031553
0.4747035008280573
0.49811688171490576
0.5207950116792173
0.5425411752729625
0.563272164732551
0.5831492202737585
0.6020776926206379
0.6198924697977352
0.6368879548681572
0.6529399067256356
0.6686340660061436
0.6835559459811128
0.6980878512222756
0.7123913637561486
0.7264899451580069
0.7404449795528958
0.7543144821788971
0.7676981012728004
0.7811029113594247
0.7950045400869892
0.8099040489020612
0.8243095168126962
0.8374424676417888
0.8504140642387493
0.8617773047706765
0.870591872533685
0.87642123456582
0.8798648664023974
0.8811057349128713
0.8808698373415937
0.8786031812080448
0.8742504348526263
0.8688041835539765
0.8631997377358621
0.8564369508953998
0.8482936255196898
0.8390738138584986
0.8309193250139638
0.8222983538024013
0.8140483483460891
0.8058158200163428
0.7989545076096982
0.7921899518234737
0.784274725664979
0.7776498455036804
0.7738673090431956
0.7720365153098727
0.7684045968432381
0.7660773720437745
0.7633949494353586
0.7618924592108677
0.7592646811693282
0.755856192424284
