0.0005056170714293956
0.0049995133323782895
-0.00995908931106865
0.006935985082913117
-0.004183015200269101
-0.01584577235112124
-0.006477067671218505
0.005985751739673773
0.0033225003260996437
-0.011474766329454798
0.006186696890268814
-0.0008798692834027545
0.004250723964870215
0.0033225314537233537
-0.011568162609191428
0.003509971530825316
-0.006068872830974021
0.015469793290157272
0.007233416087478579
0.00046135567230164804
-0.009829916534185322
0.0005443273886515768
0.0015989293507262803
-0.012089481591289206
0.022233602169111685
0.003942952147143916
0.016923577152381537
-0.011128121538537731
0.01635747541801529
-0.013609655918364936
-0.006512258333298
0.005424513084033299
0.0004800624719068911
-0.023580736330115572
-0.01105584043819401
0.008378363539201327
0.02087870868283119
0.009148409578006828
-0.002762033542650379
0.007965118987249309
-0.011437985718462248
0.0050991978297021704
-0.01347460295091466
-9.360100629907888e-05
-0.0013070463858816004
0.00802086613629358
-0.003029639671284725
0.012020025898120373
-0.001967452784783376
0.008365287021306152
0.007866022827541579
-0.018408758667985543
0.00037547486510574555
0.00035928051415857755
-0.007787399245569351
0.0017941071435718353
-0.01455534327195565
0.00556185222950422
0.005097788545383667
0.0030044554294822758
0.024765841614498522
0.0035234339654808557
0.00067471000550668
-0.007322646997692349
0.002971412102800129
-0.009617768011022458
0.012718186173259054
-0.006476445329744827
0.001584695369715993
0.01990083016332528
0.011641875606586463
0.0024266015856716015
0.013799200970497907
-0.0005455870545290261
0.00795233949293032
0.00019089961907993496
-0.009054381367344625
0.0043027133125845985
0.009346500630468874
-0.0034610187222524126
-0.010971218835498175
-0.005281960691477325
-0.023797752739870084
-0.006076836914911097
-0.010752900903037375
0.020224050665922606
-0.005648752968128961
-0.015429290505926691
0.008708417789331119
-0.0017521052684875305
0.00048603006689386033
0.001886462032351803
0.0020931348847461804
-0.0037444491650627655
0.00954698597250924
0.0052324766251045434
-0.00495818519936454
-0.001714646096186858
-0.009443685994103146
0.002808646754181217
0.0073824711129754595
0.006507532310220859
0.006147406295738974
-0.001265685946742578
0.015788742470738536
-0.002071816771862039
0.0003006708173877382
-0.00336179839635289
0.0008126377095000947
-0.002405241774403785
0.020321793255564505
0.004258467130527436
-0.016829648888583428
-0.004338863792305111
-0.014162275302358232
0.008798989957682123
0.01374593232372779
-0.0045104290941193875
0.006135326281126559
-0.0021015656295939674
