0.25733241181997896
0.5109573917470812
0.4071297578688607
0.4397617757693801
-0.30479250029548516
0.17466473938178775
-0.32472973537642563
0.4321701366163378
-0.10341953156979333
0.17383651335942601
-0.19763787895282772
0.1375004250131836
0.023363882266450628
0.2727008741020416
0.05759070374891731
0.052570096653007894
-0.21003224785958902
-0.3074918830863877
-0.03901718426489304
0.059990557930181
-0.02559746865129985
0.060534410209972744
-0.33879504552456136
-0.0363510924415011
0.11407055566391774
-0.08112001862747466
0.3960948697258188
0.32808641810116074
0.10795835615621993
0.17863170555086771
-0.15612715564089052
0.13883377284237902
-0.09964601075922115
-0.09360198892635285
-0.27092924900232407
-0.15407813274111143
0.21448803231212227
0.3025632824687695
-0.01468389994133588
0.47423754622775643
-0.11172988258811595
-0.25562922927741344
-0.13222122591402316
-0.32123171942205436
0.22570635247156834
-0.348924985171001
0.19367889974600747
-0.24556566628089976
0.24459074972554112
0.35495593701496725
0.257306738751752
0.19742109208989547
0.297504397839991
-0.2761352181996035
0.22347226009138801
-0.18544034098389156
0.19531261979215025
-0.13015036782796421
0.35493618506089797
-0.32111819044102896
0.2786447921440345
0.15623540145701664
0.2627815799491237
0.25818991705584887
-0.2616305465481454
0.21171285009184188
0.1855821273886112
0.10812645146562021
-0.03370857001246537
0.12041911119609379
-0.1613561499767642
0.04165219387403788
0.27662431292556494
0.402172169456656
0.2928713312413222
0.22743370584687045
0.31100437891603183
-0.0393886299591294
0.025411369022312762
0.2284907653964652
-0.07693613510335368
-0.25790754571207847
-0.14867338145673742
0.2572012875396349
0.1980366009671112
0.11193032438652979
0.5796657763544865
0.31388562127725383
-0.1327750933547832
-0.003049464634416752
-0.17535721091555104
0.10826103517269936
-0.11032730170886342
0.24575012177012345
-0.166695111664287
0.2976038400248085
0.49305545345523777
0.312192146882171
0.11136971769683195
0.15255776921621866
-0.1459469896424643
0.18403116005815962
-0.1451288127762693
-0.37422264920375226
0.14186352232768376
0.3381363589453622
-0.20115870120077023
0.15387932997424247
0.16849009594779785
-0.06583876718355285
0.07378093634905669
0.07836130377106207
0.31710153888960696
0.40110633163705267
0.21292213573118526
0.44043054356178746
-0.3108822758701148
-0.19274432426755272
0.08914031891188724
0.22601250424277683
