0.0315286857452514
0.023748525565709857
0.021263814478562387
0.021612595399012197
0.02477309865737818
0.030991412750580892
0.03950314474536288
0.05024572520681543
0.06372359983113447
0.07940125234421037
0.09692142641306013
0.11525138709365365
0.1338932586453776
0.15226419172604574
0.1705860557128414
0.18892994676886052
0.20756000690223628
0.2266204904378735
0.246619422134601
0.2682892079621628
0.291815758254619
0.3169664857299513
0.3434620388126685
0.3710262198408258
0.3990363615019116
0.427185791373785
0.4546777050324833
0.4811509280347311
0.506058401282907
0.5292754112384062
0.5508238120241473
0.570905762902923
0.5898307842351077
0.6081662027337305
0.6262187752619854
0.6440669656822415
0.6612999933676003
0.6780366469639133
0.6937117879821388
0.7080809865980026
0.721036842055958
0.7326004680166729
0.7431544345203419
0.7527345553654334
0.7614010308034204
0.7698797581958746
0.7780933328546443
0.7858580536475178
0.7929321616384085
0.7991326784222768
0.804200250967099
0.8085627722858904
0.8126652032432984
0.8158565201635494
0.8186365715786228
0.8213853748606519
0.8254996369495645
0.8299334715604041
0.8346152423523132
0.8399449691484933
0.8448635377639429
0.8479715794930848
0.8490189130166708
0.8472464158285559
0.8451077204109876
0.8401901022177501
0.8340838378623795
0.8267022127796297
0.8195241410169151
0.8128176761477536
0.8069503074501515
0.7996480002668482
0.7943598643606314
0.7884785915804745
0.7822556253528467
0.7772577112521466
0.7699170191050982
0.7658348712488787
0.7643151510412773
0.7642841347326244
