0.4455893142109116
0.42522119965308697
0.4243505555013852
0.40046572879931824
0.38531765775645455
0.3812813428710765
0.35401518201393667
0.34839936418821793
0.3239423012010535
0.30423952472320487
0.2866577559917897
0.2728731313066509
0.2618966810861869
0.2446924084709452
0.24033887637600293
0.22201808923568533
0.20723978759160927
0.20986359237561325
0.19961213652762966
0.1824034949514367
0.15783088722164673
0.13400060436959194
0.15485555799756406
0.14300045429117197
0.12456907083358376
0.14347612345151617
0.11212300130724306
0.12256968455397826
0.09502934187720624
0.12922532733308417
0.10009145135654829
0.10243867578982685
0.08921502832293421
0.10073404802016062
0.08582013042052117
0.08493950231722613
0.07720070801076429
0.07772407366889356
0.07372042316210103
0.06645375116979707
0.0788048061413621
0.06130709704453963
0.06467501998867298
0.0751420371140531
0.029618129693907758
0.02073570261310098
0.06239077690637873
0.05607841984844897
0.011823175742790237
0.05354018309518488
0.09121504232064886
0.07700274227506876
0.056859782390648594
0.0575578327701029
0.06772975937354736
0.11273822055531013
-0.015935395628410398
0.04647412902961551
-0.04328060068470707
0.08854859134167598
-0.009076021199752815
0.09978586321704025
0.0525401660616826
0.09127812655583323
0.026979612108785966
0.04958312104347529
0.026851474562865463
0.00872636164855034
0.00895224575696879
-0.059948695603060265
0.0056558182627841624
0.08888912930509335
0.030192151751549656
0.01605456933995586
-0.09161233852768114
0.025333472203045104
0.08448829356508519
-0.01396619491950346
0.01811999288184718
0.11670109704349796
0.012704662204902628
0.008142545887662056
-0.05051718134855698
-0.10007916796241723
0.024935178609606257
0.03691319931326481
-0.044646255951283687
-0.005582015970877485
0.0007399347240572562
-0.0018539316963819275
-0.024614949302761313
0.03464868493743417
0.10504261456083375
0.14231572196394754
-0.00011498867663639611
0.023312627068172498
0.038410028311045896
-0.07397574946139873
0.030495672594749335
-0.017823055920457742
-0.022390491733358164
-0.05986098393442418
-0.03689333530513084
-0.0032540804318019756
0.050608757519191805
-0.1508415682626617
0.04197567993526807
-0.017456102409697083
0.0385682568524201
0.03399936727031316
0.07065038014035452
0.017686378123012714
-0.020487936357037384
0.07218671289770967
0.12278233095486951
-0.02363485944833421
-0.005230891473049892
0.012851184199774435
0.007301787925077852
-0.00394364374359657
0.10490920557128519
0.08589412739129759
-0.10012390771821444
0.16460141787675436
0.059285855525636366
0.1416387232898218
-0.03583583968800497
0.07532741183253244
0.034845494629579254
0.04768438225602478
0.00917402325724992
0.045215192733850884
0.06811662429753462
-0.054819870785358105
0.06584820333211655
0.06294467425640404
-0.015924911141513176
-0.05442725126411907
0.054829476233477836
0.002235137496073958
0.05525080929279663
0.008301113395150717
0.05636945066256477
0.0025566546644764654
0.056020128048595186
-0.03888027613950207
0.05922704636613957
-0.07340193560265174
0.11917346997289757
0.0888671554538299
0.04147716509268906
-0.018636959004285858
-0.09847396499694983
0.057066690254647556
0.024971475496806284
0.013690212998596685
0.0541641406091245
0.11576170271644193
-0.0305239534615962
0.013467401058560036
0.06640276193549122
0.05143974743321811
-0.0320618888589278
0.08265273635779763
0.06166874762262464
-0.02646599248239967
-0.018669574945162748
-0.04931858120630794
-0.08127178096083831
0.013438990713585008
-0.07527059427201477
0.0798859405695519
0.10435241223047603
0.029434881784609623
0.024266140319763985
-0.1315636173142074
-0.08162196661735976
-0.08225540560151312
0.11762479001654491
0.0418677984194149
0.009293030419000314
0.11555883007013146
0.038933166870000924
0.04971249945813805
0.03993563294676733
-0.039668515176558006
-0.0326778685672644
0.05352920060557326
-0.029764392045367405
0.03492695007359542
0.023552455520209903
0.10586176381212653
-0.07879574589894334
0.1279460041946937
0.08984128874403968
-0.06297113230211271
-0.0644316939818389
-0.05413502654585556
0.006062427505933221
-0.004968119856283759
-0.07935196881528217
-0.009004717643967597
-0.040142797661038565
0.02302356577838649
0.043470116256642544
-0.045122005080688754
-0.022650575568942455
0.06273675141151575
-0.06563542065243799
0.0716208265704728
-0.015359968612643549
-0.03772240697367513
0.09292963309900787
-0.02203087199010867
-0.09127483007457382
-0.09535951691175537
-0.038890990988680096
-0.10951245865066528
0.13351398269087855
0.09698833247364569
-0.017337915410871374
-0.07405111518606022
0.10192842886882875
0.027107004561331804
-0.08840783857662193
0.14716819320924285
0.05028217329195139
0.08172237594622417
-0.24530925072057763
-0.10418452717820559
0.027575778063796574
0.04760353451869109
-0.013281213236436717
0.02259420543937668
-0.07983537908139582
-0.021437997381746232
-0.05087297557657533
-0.05328933141588743
0.20544145894570154
0.05852496542918828
0.09569214153038719
0.09346213863426639
-0.14366500767348023
0.04843006150676671
0.16300321681594837
-0.01536264366812834
-0.06538345154691894
0.03558611748779672
-0.019187020387175457
-0.06983706423087899
0.1338225263509496
0.059725401299020264
0.10813224562842394
0.06576540309867873
-0.005156239410458507
-0.01740152819778673
-0.046951631339633426
-0.1884600342189322
-0.0017439444127835824
-0.027158218821944247
0.030832750148355015
0.04915817510274667
-0.002214837792243518
0.09577155638710638
-0.0270613099400151
0.07259666018881678
-0.00028019845936255727
-0.05521243578138235
-0.22002304655740235
-0.22519251493761183
0.03351906269731769
-0.013294443233477948
0.07623914515216773
0.020913107901162298
0.03221516542167718
-0.007247173566058751
0.043084055116387465
0.10348393493262403
0.0009610449381062258
-0.031121924990740624
0.09629076279506171
-0.08296934641036557
-0.2505889787977421
0.009253473436322823
-0.11579398255065265
0.08135331455638456
-0.09254816018232104
0.019904932700972044
-0.02880259593390333
-0.0236548560336155
0.16662606540174063
0.0544285269427735
0.028537830992189095
0.11626441735218684
0.03889433908377121
0.032280344525756066
-0.010275292291313742
-0.09735950276804473
-0.028764935035039185
-0.033292682078875147
-0.1809029512263025
0.11990773744965988
-0.3412096533713014
0.08110121398203313
0.007986168894114187
0.14487593129012888
0.046195083435010165
0.12159247879705665
-0.025178044353584728
0.030532131745296565
0.07036378887735051
0.007001062648582912
0.06182974344395353
-0.09969036239765372
-0.04593345518836922
0.11032262538755455
0.045322401892414155
0.1027606128655148
-0.12958979628526712
0.06538578575343768
0.0720295906052521
0.09322590309506962
0.0997705764349352
-0.06248794456850082
-0.09479600483953976
0.07170347939666066
0.02002519697260785
0.04351965950982978
0.034059767210227965
0.12396417480711475
-0.048699004943007496
0.0003746499363011524
0.040058222391248066
0.06007717256432482
0.07151174668774446
-0.020969756567237097
-0.10855271074502892
0.022108542958198862
-0.15002182212109616
0.02655497223877218
0.08182667284713396
-0.100275320492203
0.047236203969036605
-0.0959837983700993
0.09610749710850974
0.028626856756638563
-0.06872489564304629
0.14477787454757668
0.05954583444231526
-0.005350736412411794
0.12827768187759098
-0.006715073981316322
0.05143933376814058
-0.026477621344659585
-0.049222841388679606
0.04825467777967374
-0.09400589200921672
-0.02208946263547662
0.02041986736273843
0.037449758702999436
0.013988357504086169
0.06953052939209847
0.09224767566785308
-0.01966686242936
0.07964923780410893
0.07191308283192854
0.08498969752490992
0.02585382462533531
0.0012461655210379563
0.0018090096229440578
0.019891099416800673
-0.05110077090009291
-0.023787370693468812
0.03281388635685828
-0.20878515200029701
0.029330707775366227
0.06826524205985574
-0.0758620062037555
-0.1261843801843603
0.09249200282469949
0.054831448763560386
0.06440810527492741
0.04374733844051926
-0.17649235246106854
-0.06344482270662721
-0.014546198699219581
-0.25111158064064965
0.1390520713527248
0.04258657752673184
0.11697509574580961
-0.016955728670134285
0.09508904599459284
0.10130447585507907
0.05826088256977707
-0.030979766720951152
0.10729295066387107
-0.13546115161404126
-0.006563635879920482
-0.05779227585573121
-0.020065147827414864
0.11035762041719477
0.018863040950798604
-0.19238956204355973
-0.03222125799993536
0.12267959489419511
-0.0013734959249567247
0.058276581759269475
0.06926509136381104
-0.18112502142989184
0.034646846572590484
0.027190903797164268
-0.045885244228555
-0.14854133373636735
0.0950065747826217
0.0936066587156591
0.0055360031284477085
0.029179700428924704
0.05105160881067089
0.09262799570830688
0.03358236278072885
0.04917786705194804
0.006922479229289957
0.13715100911110123
-0.009002335110739224
-0.03840752036005024
0.03394830714544933
0.10324697930454518
-0.04272737751661437
-0.04397957801212682
-0.05449811006800209
0.0019081969284377998
-0.08935924826736275
0.027104945787371604
-0.025127975043718553
-0.030181620629172845
0.12930786371021957
-0.1603103027480417
-0.03629447536344377
-0.03108577040241589
0.09823911861910506
0.13939112129781378
0.012859083172585495
-0.02383151683449669
-0.23699260132893873
0.0251565830323926
-0.0028697146794776085
0.16607541735838954
-0.14595254238042465
-0.08129708935601399
-0.16043684007646597
0.03194838107026826
-0.022257021109850728
-0.13543068125851287
-0.48764240208851617
-0.4209925857291844
-0.04034404591612273
-0.08521958699939436
0.16098705444076616
0.1425498103915001
0.07505961871828426
0.2258580073676214
-0.015022917560054028
-0.26216985248755265
0.1751358729273862
0.2639394294101899
0.16368982608924787
0.18294138608773758
-0.010230175024896648
0.07992610379298398
-0.08854917056419909
0.0757054648629995
0.06902471637464258
-0.07838321337370902
0.024044499596022673
0.1282654287784168
0.07695066651752436
-0.010331225164995073
-0.16251317157868228
0.02844879047649257
0.018413397162392375
0.09488306099940774
0.020574148039292306
0.11314214692529029
-0.039002431308729824
0.07893184496898442
0.03350957455142328
0.014309891798177099
-0.1925594477941237
0.15740148474007626
0.10340949159234092
-0.20525253703342095
0.046740546256878845
0.07636832269909055
0.010009005186932984
-0.07949851505919414
-0.22780457773052432
0.05385678381145781
0.046978962948170055
0.16565197420012456
0.04937962478112262
0.00012911054740138983
-0.02296259273378287
0.0035244371625617887
0.07290939101919136
0.14075393950592058
-0.04482159971678101
-0.007890822655986174
0.005886937878610776
0.041879209872066614
0.041273962915533646
-0.09248431664839563
0.017530429688078664
-0.04657270705264949
-0.2004057099459271
0.09260983195189354
0.1246524536356578
-0.09894121115318366
-0.03558948352767677
-0.1333913308167658
-0.028865953695822455
0.15058176223084524
-0.06671199147136375
-0.005585256271776529
0.01940123086330925
0.0064817865880327785
0.08973297045843037
-0.058235574303341364
-0.22026192871923833
-0.01200318817151591
-0.19203502710746523
0.06856000625672565
0.043304667326713286
-0.014908284954732953
0.007549772921469022
0.067969216249464
0.369790266557552
0.07639205815455702
0.027646455770095613
0.006706680258133646
-0.08239620385400792
-0.11645423842311442
-0.1891709608088189
0.13882217828255766
-0.06512438898540696
0.1649938742976063
-0.025174927177971762
0.06130337187964602
-0.0014237632846983983
0.2044653948104408
0.17309645519024053
0.09079400717948033
0.021955283115346225
0.01333610438374
-0.03579416551228565
0.13595429942791665
0.030905965915322242
-0.12320239681145517
0.10583165502003383
-0.00974671060780996
-0.06458211725899876
0.02956594297608056
0.07875459449638639
0.08793344653430768
-0.05516999070615791
-0.04516671403654704
-0.04346089424274713
-0.04015000295076443
0.00738041913141374
-0.0968206107091324
0.10816658521383571
-0.1826681639363874
-0.019399473877703466
-0.1557680620863665
0.0747985732454346
0.1855777358483856
0.023439224864479302
-0.05403855849483319
-0.014303489501932276
0.018764437228035113
0.004424560174827563
-0.1677341497247482
-0.04053566572517142
0.10089433922771662
0.09095188059143228
0.05740835767441793
-0.03502107556798795
0.053655548876100134
-0.023692126331609775
0.01076899735586584
0.09129611312704944
0.011890294624339992
0.06886293648440661
0.005896307466557726
-0.0016702934460318675
-0.1306587816987249
-0.02554856009551698
-0.11393123293645357
0.09498998525404251
0.0016016426693284402
0.01005872376047895
0.05426240470283966
-0.004339094030155977
0.03788961014681008
0.0484478706243725
-0.13649833156017233
0.005922197852496092
0.020429432700530714
0.07073994082219526
-0.15462565418486107
-0.03727047752812751
-0.25839356112806966
-0.18437717961610867
-0.04359387043931451
0.00843174171187766
-0.008372198776433581
-0.1569404860305783
-0.07298517184410525
-0.2960757397008972
-0.040248743841525214
-0.12108800657057706
0.18174663196608282
-0.08892790637608072
0.1172606591313533
-0.26060021888833107
0.16387617278948013
-0.1141620750949165
-0.17994292479045715
0.06429066279158668
-0.10569760803083361
0.07748329190109782
0.042910289955348624
