0.426408846810234
0.5035864407298101
0.37176865702356865
0.2447439852019198
-0.24407290202741241
0.1454629863593844
-0.34155085030097865
0.2022302148736752
-0.11858106226925437
0.2553377052556533
-0.24938157837946753
0.2036608816451853
-0.03460939515450912
0.25044417885165415
-0.010423114772230185
0.13141051102490278
-0.24883708835374313
-0.43390364484194205
0.41536662803112523
0.12584709336388322
-0.11972537530986037
-0.12932818232163923
0.04382534043095138
-0.06317746650936805
0.20885805960940282
0.047064053716701096
0.48840440101645044
0.3095680444847566
0.2940888960334866
0.3022992799062518
-0.16738281625553836
0.3237688899341611
0.09960660512380036
-0.05654761350147852
-0.17930923587989672
-0.021175118947446482
0.2047732843822285
0.24240467500626592
0.18214256139316917
0.4190133749033373
-0.2697110878934603
-0.22688353306079564
-0.024074164044524088
-0.2119490451651227
-0.22740237558712037
-0.1967324369664208
-0.14287419141352004
0.005019399081829273
0.3633712020297353
0.42166566205609024
0.20777243516460758
0.16955812980128535
0.37967246430798895
-0.17567640931524423
0.2271376637596588
-0.11564125496562468
0.33524693456500076
-0.17733118152051597
0.26312135635674055
-0.4447823201066689
0.30171713580136916
0.15769156053845726
0.1896637002899861
0.24266688371953496
-0.31913933844431597
0.48846655781390586
0.27673647050557154
0.2798966473736936
-0.20746612057319477
-0.10269709061164234
0.1992287514173213
-0.19243791945615807
0.11123649644932077
0.40567780171787987
0.3176150253665362
0.23560528354911753
0.4983506754839184
-0.008000548545187856
0.054793917684900134
-0.20074771976373354
0.11172408434902889
0.1224708992617818
-0.09630131871651877
0.12128599745659696
0.19134427504643925
0.1642428524639061
0.5039791378289246
0.29830581666806805
-0.18744247420965693
-0.14454986088869856
-0.1314767823985758
0.06828312582380115
0.06355179412567294
0.1981750038101554
0.3070361268848994
0.09784296738339493
0.48385462957632314
0.28890877762468437
-0.0069268905988867
0.08449764942521801
-0.2291863364947376
-0.2283169904478843
-0.2832672365060201
-0.2651192167564276
-0.16535107232265733
0.22524403232539889
-0.25996485965920696
0.22818990879454823
0.1285408826901172
-0.03134377657524809
0.0200169577377912
-0.018497555843306493
0.35458877497604663
0.3658986557001662
0.18379679120592113
0.4156097677107539
-0.4446823997726051
-0.02912186317178144
-0.17830540084986782
0.0638332964511382
