0.014434453557222797
0.013492193250314453
0.019451730083998944
0.03172670155627262
0.04587071241080953
0.06202516210739525
0.07956551685138633
0.09714477302508967
0.11544592550235756
0.13535504213330327
0.15608861575070537
0.17583828856562578
0.19771358096975683
0.22050495570891315
0.2434232411416417
0.2668007809690529
0.29058551110411024
0.3151207492126583
0.3398302776261396
0.364282651406711
0.38911286455519745
0.41489653642939245
0.44146289006696565
0.46821449466041254
0.49447308315730987
0.5201208434975603
0.5433470050665334
0.5649442894462208
0.5853912068220442
0.6058902400549142
0.6249004582559876
0.6431705702879909
0.6612293550051596
0.6784585560397564
0.694565129102104
0.7088314487512963
0.7227764643138631
0.7351201417249286
0.7458304795031728
0.7550660393349898
0.7626877702792304
0.7690594871730949
0.7749731349653748
0.7804178934124084
0.7849844781403856
0.7902190332578517
0.7943528127284104
0.8002317886012179
0.8068391133704403
0.8121716826989385
0.8173422310601233
0.8222463276163432
0.8267789560695384
0.831268703124442
0.8367888952449147
0.8426443601028697
0.8471598535917875
0.8513378314269486
0.8552118527052218
0.8598380397654294
0.8627588739753493
0.8651575620097343
0.8665978212364018
0.8671730002983735
0.867136725135026
0.8660491674511924
0.8650330743297011
0.8650484692050001
0.8659661180679389
0.8683484282541097
0.8704441706074888
0.8719672152308807
0.8729657646450718
0.8727609022593967
0.8718679632635222
0.8713208903491402
0.8706801211033747
0.8695934491945481
0.8677394687707984
0.8662363488944137
0.8640538548970543
0.8612744481666657
0.8589056764656356
0.8552918407670973
0.8519062826107898
0.846433116250496
0.8407602383307681
0.8349821858861002
0.8311527117181184
0.8256733194005038
0.8206490143288186
0.8159971057024455
0.8133479183741618
0.8123139576744456
0.8124440951195083
0.8119823977898761
0.8114134791493355
0.8113997944878906
0.8109505621185026
0.8103516547220941
0.8092084050687551
0.8060563697638987
0.8018016716185264
0.7962588235183531
0.7895164280292877
0.7844236393941155
0.780897128491504
0.7795636758585318
0.7792713354937518
0.7794019694493037
0.7803854168315221
0.7837712220430391
0.7860537178960232
0.7877008877918048
0.7897941530829816
0.7925596007832483
0.7940369237965275
0.7951832527737575
0.7958998561959418
0.7957792709521769
0.7956829816423986
0.7966988009962306
0.7984800488875281
0.7973966622353317
0.7978515474050001
0.798813409475927
0.8006166188838952
0.8006799579074604
0.8009104021584287
0.7995542766750809
0.7976746430711531
0.7951181159488122
0.7925344767737347
0.7905306190734681
0.7880051972996389
0.7854524748204058
0.7837534218633326
0.7821376842680484
0.7797743376150644
0.7780927579397383
0.777604863171181
0.7780230327034698
0.7795081247269166
0.7814196508442757
0.7829192710103279
0.7844212288353261
0.7856087756849828
0.7874174946062115
0.7871707050506245
0.7882329539400676
0.7898623810869685
0.7924317692566657
0.794023868912891
0.7956180033105001
0.7976474219447122
0.7994216643264054
0.7996278642175285
0.7993842450803988
0.7996397754698225
0.7992790241828274
0.7998576935412436
0.8017294866722716
0.8036011670027849
0.8047356615686024
0.806465282845235
0.8085662405938493
0.8102423122890327
0.811488440630205
0.8115259022245703
0.8107143167147367
0.810146979025294
0.811219267622102
0.8123640445275692
0.8142284158954779
0.8164378845332299
0.8176323807215978
0.8158158846613611
0.813261310313045
0.8098084557993315
0.8084743165968069
0.8086503088738481
0.8086691226367712
0.8101634329167218
0.8117981378697887
0.8140892683130585
0.8151380199630008
0.8147095124135498
0.8129972070659272
0.8122973153808406
0.8119815226078911
0.8114534187668463
0.8111028855150099
0.8118750466016617
0.8119225545606333
0.8127298470686372
0.81354950384766
0.8135467420480844
0.8116834475509247
0.8096425427953783
0.807139599793927
0.8055302676774915
0.8032734667468094
0.7996462828792965
0.7956932198867208
0.7927055023457562
0.7895786613370661
0.7857678340006731
0.7819323930479182
0.7801255941516878
0.7779419716469551
0.7778394960654552
0.7778064781575058
0.7786575573967675
0.7800963687472904
0.7816720369959869
0.7813213758670077
0.7789305251980123
0.777530088152496
0.7742570301804151
0.7730206573340898
0.7727205258041122
0.7727567736270463
0.771546807708072
0.7721850764697659
0.7731007359211675
0.7730768858029126
0.7746230618523929
0.7768265476037447
0.779439040376067
0.7794092835235994
0.7764545676100976
0.7726322639232155
0.7688632159213251
0.7647255650615957
0.7611805608033233
0.7559215337459821
0.7514091574736629
0.7478626034144094
0.7455112278560604
0.7466500383328312
0.7496660910479155
0.7549733754798221
0.7620423266630759
0.767858526031182
0.7743289495255441
0.7817925588339995
0.7884197826906975
0.7931101284766375
0.7970897049359286
0.7991363377219158
0.7998994955564076
0.8008044119917348
0.8016183057657208
0.8027994161519785
0.8043742397481235
0.8058624260784467
0.8072373499784644
0.8076422196593116
0.8053153028883727
0.8023840704331147
0.7989601491251429
0.7960206423528006
0.7939078888585555
0.790924818587989
0.7885620138378091
0.784361723552027
0.7816717441225689
0.7789893533818499
0.7750752273316065
0.7689081100623159
0.7585222010368371
0.7478375526745707
0.741995572194465
0.7397737305377996
0.7404793611822272
0.7426866537825074
0.745598201901738
0.7495399141843219
0.7542037506904016
0.7596115040284994
0.7648702851555206
0.7709011725103426
0.7754112198877511
0.7754615976637771
0.7750449687277394
0.773102756259494
0.7715790142385582
0.7695972672533187
0.7686199905062691
0.7670680649479911
0.7653972852795954
0.7651111985757161
0.7652030967698664
0.7658311948645528
0.7676449414715558
0.7705568410169755
0.7737988399673138
0.7768030224884035
0.7807369051783831
0.7838312149642873
0.7868529455825852
0.7890203333072977
0.7914574167377927
0.7892421169741853
0.7876441227168237
0.7861537320839945
0.7854776155782023
0.7852519046046474
0.7859646961340333
0.7865722245189626
0.7871336463833278
0.7880949605086587
0.7902496095526234
0.792111557460216
0.79274609754045
0.7922026717232895
0.7921460739029357
0.792639913955905
0.7934770257419649
0.7932078127214224
0.793661534812393
0.794155646788367
0.7943598245024286
0.7942825017318605
0.7927506182292627
0.7899662767421594
0.7881755945489528
0.7861647879947082
0.7852497432562419
0.7841385288646809
0.7839828931680901
0.7826230628881152
0.7814218553330851
0.7808501393009957
0.7806987175658023
0.7810576602110787
0.7812964680512055
0.7803771648408437
0.7790899698160401
0.7750906847691812
0.7724761603807364
0.7707625547477577
0.7673325088147356
0.7649892529345123
0.7612901898812894
0.7598098567846543
0.7594219835409799
0.7578612617318864
0.758342002241102
0.7606312177967552
0.7626190510523563
0.7655534986484457
0.7691580151866932
0.7734862214193214
0.7764711444775787
0.7793844015638333
0.7826766674854344
0.7830087084309272
0.7829683018536925
0.7836587086479427
0.7849011043337359
0.7859321654468767
0.7874160438644302
0.7894943200521475
0.7915935042162201
0.7944290125092206
0.7974305967453303
0.8006469495603448
0.8031151983633524
0.8063346358957283
0.8088454845481325
0.8105107784468929
0.8115658994335295
0.8121670993337113
0.8125254689938916
0.8115597355273568
0.81145652597352
0.8123239187396397
0.8126221708502843
0.8113239174486081
0.8108443985622076
0.810160395416197
0.8089871786904903
0.807857763103879
0.8053086893003701
0.8033299347225352
0.8024450662748728
0.7977792824184745
0.7941042110853095
0.7908228828037068
0.7895251244363334
0.7881536620680276
0.7878288208442599
0.7881213265642963
0.788061696365043
0.787631508310231
0.7886945595076769
0.7883625289716464
0.7874363667823255
0.7862808881685438
0.7846915416874424
0.7843282857243233
0.7843653617667896
0.7807936785561617
0.7771324826335521
0.7745748755987246
0.7721008086403115
0.7709021643729204
0.7708123012284801
0.7695967478307153
0.7688567542921629
0.768176154887927
0.7672624398097447
0.7666668708240255
0.7667505416427277
0.7684290483221009
0.7696959019711519
0.7708036035308475
0.7719548905802601
0.7733321862927668
0.7746522034350249
0.7760012113563004
0.7780397835442163
0.7814860298467213
0.784841089630085
0.7879867444786086
0.7909841037269091
0.793966050294707
0.7964368438917417
0.7981602333266263
0.7999264790365441
0.7994682569949708
0.7974615230950671
0.7950597200450181
0.7925353151538279
0.7897445146921669
0.7881001680852913
0.7859504987074861
0.7836583823187208
0.7813431258479608
0.7809270494658501
0.7824856027960991
0.7845840555557694
0.7868340041403582
0.7848064915692651
0.7844025557803221
0.7840513856172147
0.7852170835995388
0.782728896163136
0.780355224208578
0.7761791345435337
0.7726946918650182
0.7691391679371155
0.7638607284052725
0.7476559140856772
0.7257109661474128
0.7095883539312688
0.6954594371421842
0.6865628034665587
0.6822367655878381
0.6794238425466419
0.6804316393151268
0.6822546618135498
0.6784533360476425
0.6754284685231117
0.6749005326671468
0.6772404008061026
0.6817711545128591
0.6872128825577171
0.6929916192863085
0.6969880991783421
0.7012945036894984
0.7053148205779584
0.708047565426078
0.7105212637893654
0.71367578017675
0.7168625267330677
0.7195784258483636
0.720107964245986
0.7211576971762612
0.7231770776649564
0.7258641601311637
0.7295176905973936
0.7341561663248987
0.7378546411450911
0.7416398361105123
0.7457580385657094
0.7498963656474361
0.7524085346646621
0.7558107567452245
0.7600244098044581
0.7628022989226829
0.7652621463254005
0.7688657110124284
0.7723345878949064
0.7740350870847384
0.7719924806872391
0.7705270209539511
0.7687769853141587
0.7682283424489111
0.7689540092939569
0.7696242447423249
0.7700782650324064
0.7701715716119748
0.7708091091253805
0.7725449362047561
0.7726619162850099
0.7729562351187454
0.7733364312681191
0.7744146956609745
0.7759519154134694
0.7761661808897765
0.775576358670717
0.7743354240840411
0.7689311907549726
0.7648030173733319
0.7628145356496681
0.7618588824558719
0.7599822351719937
0.7560151456315606
0.7522162952009964
0.7500136515624999
0.7482256257564568
0.7482966710266231
0.7485831627256655
0.7494782096342756
0.7510864907439387
0.7504837304321733
0.7457704640066017
0.7415680136741706
0.7353915817118332
0.731132213918578
0.7282990924931081
0.725160832254667
0.7233349350858994
0.7225642168648495
0.7255655944368057
0.7298044860857215
0.7349849669640884
0.7393205113220148
0.7432510177916481
0.745613093361488
0.7452455720010639
0.7462942809421201
0.745961302938889
0.7482733011288782
0.7518920275228709
0.7562092599279472
0.7605555685789301
0.7653451126819785
0.7706078786258405
0.7753686469420439
0.7799495423792182
0.7837399587294632
0.7868092167868609
0.7899762303038634
0.7920574348806757
0.7925673796050746
0.7935304240670852
0.7938954146314208
0.7942079173247723
0.7948237644894242
0.7956337180755934
0.7970365471299868
0.7976456909180419
0.7977091664303763
0.7973031877995223
0.7962870536755835
0.7953573730250758
0.7939541821481886
0.7936887714785331
0.7925883735852531
0.7920961889168145
0.7906317127530712
0.7898180081551043
0.7909004084272963
0.7925562001979252
0.7931565249368433
0.7939604098848716
0.7946362279466268
0.7950680620384116
0.7938165144628097
0.7910458868621536
0.7894272883631266
0.7884296238151535
0.7869284188052245
0.7849831822395631
0.7838365318417388
0.7834032673582049
0.782930193038905
0.7823499209143614
0.7810549819128644
0.7804853507934046
0.7792428071787837
0.7778329892750748
0.7756570025189246
0.7735429464243606
0.7694477694726501
0.7665801709050529
0.7638868939347316
0.7614479623726957
0.759769993330596
0.7575503186846123
0.7558741495630634
0.7556808776555619
0.754394270702462
0.7533385190762946
0.7529743982447601
0.75326379669697
0.7515443422157494
0.7500176342699708
0.7455386374527669
0.7384056706697242
0.731404698522163
0.7256519713051561
0.7212941433964262
0.7129362723294602
0.7045350539176415
0.6924206526645773
0.6817673465733635
0.6708349114843052
0.6637728859723799
0.6588956597285783
0.6579870252380028
0.6552484096736281
0.6568360192881112
0.6572385625242463
0.6580200583628051
0.6624018412962386
0.666759290453904
0.6729129468080277
