0.0074948297449731645
-0.012859958400514392
-0.01484397248119849
-0.016533333740985354
-0.010082633462887772
-0.013196131634272712
0.0046331198625984785
0.013153971371979638
-0.0057149111420947574
-0.02065561890817512
-0.018862302599580237
-0.014735065400014872
0.016896464080961425
-0.004387456853192624
-0.023036321645959
-0.001194795531222849
0.017368094637813893
0.02574607345460769
0.009689131229467398
0.0031652541328096185
0.0009564603410145023
0.006904051372519227
0.017257035593234153
0.005491651881161319
0.016300776215607556
-0.00926410541051725
-0.0026771882381124695
-0.016425601338292906
-0.011779454185083646
0.004260405034935828
0.007954944058040255
0.005135029716766739
0.008142223302210946
-0.013804453045225859
0.010889310824313145
-0.00936308637201156
0.01296318984296622
0.004028024613737382
-0.025468580524794643
0.02295615759418193
0.00762447963700478
-0.02232338422762139
-0.011723927472321163
0.010918339372714145
0.020675430403018988
-0.02061631354494973
0.01217315926608726
0.011178009230246365
-0.006841197792653547
-0.021857362532038727
0.016000881520822255
0.016955546262594347
0.0008773288474321333
-0.004661647959690539
-0.006047820419155084
0.011228213604793778
0.0020911024383034743
0.0015692909220184417
0.008580940122745333
-0.006146218332313843
-0.025774781447281892
0.0031095855204415733
0.002070963173661804
-0.010710185856275166
0.011566900994879314
0.0017054846799279804
0.00470581285452425
0.00561725824137857
-0.0008020312924138066
-0.014320125625438804
0.015159952390187473
0.014553888982004465
0.015936434137300566
-0.006294733825335817
0.02345364683828626
0.02015927701803384
-0.004047063878508986
0.003171282855020198
-0.01713448933877348
-0.02908252267595398
0.016872357617427263
-0.028229585267282205
-0.0012086219145283038
0.008463851810514159
-0.020616451832558596
0.0031551106559893766
0.005237713941680303
-0.0016965020834702662
-0.01863348974767049
-0.011303405087421024
0.004768969623726797
0.007486299209043404
0.0029128670520159623
0.00035754000718009153
0.0107171534998002
-0.007283887352858597
-0.0014132482697635559
-0.0026408531051772613
0.021148389404399143
0.014347729368560058
-0.0012571066732461195
0.01071592287214337
-0.02638934643083224
-0.016471323435325074
0.01817747151077309
0.01036593529288501
0.009512730617600385
0.00791552797495034
0.012018715984474113
0.009629233681978929
0.009329177932902255
-0.009935803818869313
-0.030490503793209382
0.01867050544595438
-0.012619300375328529
-0.0042100782710295095
0.015165440637492514
-0.010893939314917013
0.01682099675466604
-0.008492637503279835
-0.00532154967223847
0.012187742007118547
-0.008143252139378335
0.028327602963768028
-0.001289061365221552
0.010169833522993112
0.00575542160000477
0.00867086720935118
0.006592671648497778
0.01378499409222118
0.005354163216314334
0.011538105648064952
-0.0023382877933543697
5.918752253258712e-05
0.0073551264688940104
0.005423092141304228
0.018561500469097943
-0.010443974623404788
0.005224939321434697
-0.011540547580632866
-0.025510564838745184
0.019430304982262735
0.013411376007976115
0.01138271118909682
-0.0029742585079269024
-0.01714900172864863
0.015144095235697656
-0.007422699339781646
