0.1447765679905117
0.35010454517448863
0.43079732931863307
0.4401697311477929
-0.256837700430896
0.1332340987107294
-0.20975606481218642
0.48839775573950084
-0.11398843129118388
-0.16236927419851663
0.009310447291344155
0.20289911496672272
0.27395169501547356
-0.04088659447155529
0.05793254507739486
-0.13607928277119996
-0.14011096115575083
0.007583180962292666
0.11461953387881933
-0.3787514584172729
0.0011534093587093918
-0.2756888106298422
-0.08068418318082514
-0.11317431947553809
-0.12302852156110247
-0.13594369264382322
0.06759556033755053
0.26851777808366595
0.38536002711615525
-0.0014247431398125682
-0.33039041454340573
0.26988321730998543
-0.16227055536883794
-0.1908307283821591
0.022865539845869212
-0.13087220210701792
0.22225813333907637
0.28446121575079625
0.12421832206189239
0.23706727802456876
0.17151531525481079
0.21198175557147858
0.23454597219065862
-0.2559641340743066
0.06781996121867087
0.036014703033710314
-0.0017082992792252288
-0.04185252589587661
0.5165107369100506
0.4207873327720377
0.43205087173059764
0.4071527833684454
0.18669470206401348
-0.0017558207501102222
0.39833580713715583
-0.004709370220605264
0.3106184773021065
0.14221438560726402
0.32009980755262873
-0.1931792004997002
0.22339723640300604
0.292725272268188
0.01741836619771292
-0.05927021831211789
0.22597290494467712
0.1820557999634986
-0.23475986174568084
0.32864660968557313
-0.13535939773630493
-0.2348363751109918
-0.018533057717904526
-0.0672955822595369
0.0801861030397631
0.1299437695312539
0.21752776060102658
0.23680952194150412
0.3846508909137642
-0.2742864759085514
0.08642560742309584
0.1281936651558889
0.15788309255034777
-0.12353937408238815
-0.2217566574178855
0.21577577109236587
0.23374300907555165
0.3452990012043382
0.25310099481868703
0.35403453934998025
-0.06905176013098474
0.08588968774342251
-0.4706929704718976
0.18972013823709874
0.2801652558178944
0.38483611162388515
-0.25455522859548746
0.3172696336954614
0.26251171198811607
0.34476960248201566
0.39082697639999575
0.06873384591594531
-0.27169726564320074
0.09557475223671608
-0.2290331902561202
0.2684595669834435
-0.224768602234544
0.31719387958526896
-0.06173910861738732
0.24604271332394229
-0.28360134619897215
0.1316315682361664
-0.23544515155578008
-0.08810201773605311
0.36797526228165545
0.008355895457146156
0.38262952678559864
0.4218668951734108
-0.12530524630021725
-0.13734190365255508
-0.046112183942336016
-0.09863194723400988
