0.004729858314899789
-0.006814258794394451
0.0024243949669047796
-0.017007356340383317
0.007531428339492003
-0.01534721340208044
5.127078132272356e-05
-0.0012022767015619136
-0.008069818785729514
0.028718193949889167
-0.0059782291940634405
0.004724569935357576
0.010959561180085616
-0.012151688010922146
0.013423563714379817
-0.0012214978766832275
0.01012515476977173
-0.009138691467058686
-0.01029530207374499
0.012097964496316869
0.005018723037790332
0.001388461771562335
0.0064076111334167175
0.005273326651106617
-0.011543602352166882
-0.022133334793968232
-0.016817565103951274
-0.017880942510621584
-0.022185349450314012
-0.006474307801655981
-0.00528404320814362
-0.00039209174828746385
0.00214975948415751
-0.003843588025535037
-0.0025390407809188593
0.0007325207460394162
-0.009972038374246765
-0.007138562876067133
0.00035416346140481627
-0.006779453651227034
-0.005718810615865102
-0.0010586231533233502
0.013358313386717684
0.003186652880161355
-0.003375952500500365
-0.005852682780074073
-0.0011491994078975472
0.022418177943952334
-0.0314741652154398
0.005351358932801163
0.002324904393837624
0.00867611950882283
-0.011482127142462722
0.021143442414555107
0.010009427606895046
-0.0005141499528611672
0.0015978769807335918
-0.007162635863249602
0.0005052282652536998
-0.0014333741454895502
0.009435753905208084
0.0035764422546930054
-0.0008344920282444728
0.006778061029188197
0.005560603739342061
0.0022271946085249293
-0.015289854794870416
0.01029211175548784
-0.011662587594545694
-0.010095616523094042
-0.001052679886976573
0.00512022158133717
0.014077277637205421
-0.01687696331047067
0.014712339926346681
0.016364629074432414
-0.004613949362189138
-0.002013622701564993
-0.005718167302823739
-0.006032991147419898
-0.013393892210972529
-0.016896529203538364
-0.001993273392741338
0.0025777258546505815
0.018288207150748827
-0.010010015450142384
-0.02091691213346014
0.0014655970591263324
-0.00466351101873623
0.0035622300730710804
-0.003978797330752504
-0.012592235156092358
-0.006888786924453679
0.008026304502474164
0.0027239104064855422
-0.009691764986522416
0.008719681219808853
-0.014463594427964115
-0.005364812639125298
0.0019792051631423216
-0.01365639813925374
-0.011944443828385456
0.00015934542649579677
-0.0008004346236652366
-0.0025080271315594594
-0.005651428939886068
-0.01102671939612895
-0.007822824408021883
0.030416862063721482
-0.006260812210457714
0.015059009128619398
-0.005873360870250492
0.01365852914050061
0.012320448738375287
0.004508892334788509
-0.0064140981772061335
-0.013775960333307937
0.00965746347925588
-0.012840034598049362
-0.012745721004239723
