0.44248715179121767
0.4311199149191862
0.4150328579467314
0.3996266413801633
0.3862572975692594
0.36950278748508325
0.35236350708603703
0.33281632725254706
0.31936535959178824
0.30033883742193734
0.28518444473817506
0.2725728784995062
0.25216857922369085
0.24268704233875021
0.2249937558891535
0.2103694897258177
0.20013372872262042
0.18979919693809572
0.1779236286849742
0.1673637677999944
0.15883732824787633
0.15542117366171787
0.14678364072622618
0.14424616169875426
0.1339633612434794
0.13434488067078704
0.12333043300749397
0.12125504058435821
0.11552013642549758
0.11000022521465896
0.10367054515636265
0.09798868435095309
0.102495035206008
0.09544869322893496
0.09009055582412429
0.08877913379963503
0.08001711829675096
0.07927406365051509
0.08180821770100272
0.07705907924313443
0.0706314437743305
0.07353428142711205
0.06528754921946511
0.06301085432447462
0.05929246122150583
