0.4332190277282884
0.43425034007723423
0.41358614221536083
0.402468523372817
0.3865515423622291
0.3807872291721369
0.35802372005896055
0.3593507209731277
0.33246135969000123
0.31725468326543527
0.32224138527780666
0.29012602169681706
0.28050267289483555
0.2685327885733447
0.24166939249251135
0.229929043871631
0.20843910450751052
0.21143951966971747
0.17948282500421991
0.1834504298230289
0.18735911044479242
0.15787930733110694
0.1472237718950251
0.13726467610874638
0.15612409468047406
0.13772537024903064
0.14003797154958236
0.12487692149661128
0.1292327871273547
0.14161468742259425
0.12498238437679454
0.11224845128982858
0.12924584146841295
0.11028193289977734
0.11646750406167261
0.12979154671127058
0.10024132820225817
0.06835078485374446
0.0768100817766389
0.08104319133773408
0.11182073565047329
0.08123339748469455
0.049812465872616174
0.07904069475187137
0.08112943989751248
0.09007148006821852
0.05878407790053136
0.08803217914852329
0.06613373839882808
0.0712026004379323
0.01564042588111736
0.05037858454538752
0.07174263664344599
0.04710044036789629
0.033590913951188295
0.0626583505628937
0.08623243854443013
0.032333361199313015
0.015129671463645689
