0.4393426330899796
0.42828277998705677
0.41397655615111395
0.3999228220967245
0.38812635048225996
0.37367905412131
0.3588140812384178
0.34199979752518955
0.32983312567456674
0.3129159581781483
0.29775401787516853
0.286760847835012
0.2682656424421007
0.26112416019426377
0.24434785621106758
0.22966315013261546
0.22102614794061132
0.2107519684688386
0.20038825776852454
0.19209632446191444
0.18350479740027542
0.17684343711083456
0.16769534250263196
0.1635529474063418
0.15168147767419193
0.14988265101187742
0.13885483870734455
0.13586245651620255
0.13261561596905186
0.12564345348127165
0.11764006274721167
0.11313903088220334
0.11017851140241275
0.10684482483874375
0.10036603224710355
0.0968896687453416
0.09122444866475837
0.08751626509488714
0.09041935171468513
0.08124121143340224
0.07757614925213968
0.07980542764750992
0.07738432475475499
0.08210152140585036
0.07090255132728118
0.059366665842755684
0.058663585771870475
0.05677931315418283
0.06646570450961492
0.04158088479656752
0.057910679948250166
0.04596050205883828
0.0505642355651042
