0.017494547413051793
-0.0028607299681629415
-0.004845651322211443
-0.02653318559261479
-8.284629372935841e-05
-0.0031963136376429824
-0.0053662936223473
0.003154026684256969
0.004210507162554784
-0.010656029804488336
-0.00886239669955473
-0.004757334926833952
0.006896823102014213
0.005611921760332811
-0.013055485097805805
-0.011194752615996189
0.007368373912295207
0.015746340731042835
-0.0003107508846786004
-0.006834466274652375
0.01095629698519445
-0.00309576637220662
0.007257522247990231
0.01549071633371787
0.006300798224934151
0.0007349323700188944
0.007322713538852553
-0.006425753924333545
-0.0017809317531243007
-0.005739545594102069
-0.0020437531566217205
-0.004864951001088207
-0.0018577532395900828
-0.0038053641675867707
0.000889776353222905
0.0006367166142477786
0.0029634710809428046
0.014027711194838541
-0.015468625676023853
0.012956185848026505
-0.002372504457468327
-0.012323462066022715
-0.0017241976717740951
0.0009183837492938326
0.010675584570477854
-0.010616344482718332
0.0021734820797221703
0.0011781950435342614
-0.0168411089296333
-0.011857552653505648
0.006001020056275471
0.006955672553748646
0.010877108600968603
0.0053382171564531075
0.003952120129351584
0.0012286752936260395
0.012091016420933416
-0.008430661010803196
-0.0014189358101621208
0.003853541380984869
-0.015774943085916197
0.013109436402150754
-0.007928650077765562
-0.0007174941217099024
0.021566744258067788
-0.008294372522768852
-0.005293720276479461
0.015617036936504115
-0.010801938251972851
-0.004320576187374964
0.0051608403733497
0.004553928602858067
0.005936862029814543
0.0037050633428674603
0.013453780718487535
0.010159421463860648
0.005952784540779214
-0.006828016163681212
-0.007135599294040993
-0.019082895416901748
0.006873123485844095
-0.018230095835236663
0.008791137997169072
0.01846364872931706
-0.010616544037884463
-0.006844846684032199
-0.004762144798666495
0.008303104295602716
-0.008633525162339086
-0.0013054146707773522
-0.005230876326157433
-0.002512769243546815
0.012912747284232994
-0.009642048531813226
0.0007175977417228958
0.0027160629615640116
0.008586671738730903
-0.012640736790434946
0.011148702849563317
0.004347769867076099
0.008742727658458852
0.0007165210025884777
-0.016390516267392265
-0.006473026312724076
0.008177695662661594
0.00036794753998629546
-0.0004870254236748755
0.017915310965993816
0.022018563138041243
-0.00037066904418826265
0.019329054284744886
-0.019935715313257562
-0.020490572604691896
0.008670552083195185
-0.0026196107320485785
0.005789711070908104
0.005165523855469867
-0.0008940364049732401
0.006821297104769012
0.001507220091744646
