0.041510277440421614
0.03284072485045025
0.03532776674164439
0.03980553063066059
0.04581122773659772
0.05219330711610409
0.05854456818083409
0.06535169678753838
0.07272494635247458
0.08109751440406618
0.09026644307866731
0.1006540865631693
0.11314973517536926
0.1281809762377207
0.14583519750337262
0.1659279226081906
0.1878933461048387
0.21150153811751238
0.23651545635728333
0.26271886854603327
0.28964469147729394
0.31698237471118557
0.34455146980773943
0.37171166768278674
0.3986502118836952
0.42503599125557917
0.45080244535264574
0.4761615924012355
0.5007550999069785
0.5248707568293702
0.5484139634319172
0.5714427234215822
0.5939553911264525
0.6158845674491178
0.6368846225119044
0.6569127621229262
0.675709205765442
0.6933208114143592
0.7089364691675991
0.7227487160557123
0.7350793298508895
0.7463520913148834
0.7570974778418761
0.7678074763529854
0.7785868111657454
0.7895958655979038
0.800828445086819
0.8114782537067784
0.8216211302744817
0.8306059650952076
0.8388490808941449
0.8457713014053994
0.8517848603469185
