0.24229893276680486
-0.03752800907292903
0.2860124479652712
0.34495501421874797
0.3980205914320387
0.14793595619425312
-0.2969244560389786
0.07347793711376417
0.0986272878786542
-0.14767004673197678
-0.02731112362278568
0.11355534911436853
0.4268969594774883
0.2850390629722394
0.26309021776291047
0.04219988429867862
-0.18482421601287785
0.023814203951774623
0.35898590820733334
0.3038655468734193
0.030972407025004152
0.17327697574148507
0.09807869921691333
-0.001295731629149137
-0.17059421894675436
-0.2282646223844951
0.16385486493192505
0.2919569883844837
0.37820999903457925
0.38520597915247373
0.0010014186902906762
-0.24643330906826855
0.009318688837930147
0.33009328241192726
-0.03056543832029468
-0.08479747371753894
0.19215764611635358
0.24533994158058606
0.25314263267114945
0.2949386670422184
-0.22112486439623594
-0.26817104788425283
-0.19957660555741366
0.24565762946650124
-0.1103891590487495
-0.051814732931057664
0.2216791016501093
0.3573374994112667
0.35805975486644326
0.2503233833472969
0.3261388186071216
0.3359203163203782
0.11425487988382138
-0.34469391973394886
-0.409847986831821
-0.29508997321350516
0.2698963040861352
-0.2961873590561083
-0.14223186686202363
-0.22392566750291953
0.2747088178172422
0.3321031889668038
0.14031246796468277
0.0708697201786155
-0.07940755172130363
0.34072286846595107
0.3146601386254843
0.38666238702023237
-0.09226816710574645
0.08948917881740168
-0.04691383088000534
-0.00569091132993494
-0.02077422270217809
0.13788474595038552
0.31889028779496276
0.2327958765417988
0.39603887555380923
-0.22371769386296173
-0.3108510409451893
-0.26025894866147875
0.24827804432128886
-0.053547007975020745
-0.06501924336434038
-0.03575979702471963
0.2669830175110752
0.28462093858330506
0.4412575578410478
0.3540656828288121
-0.25729070416482297
-0.19458220979625115
-0.13374366850251557
-0.03448794844601961
-0.11875429846903762
0.40348872266580615
0.04512857855704734
-0.0149495691519723
0.28208819222339704
0.2794642131203432
0.288827306661229
0.3218315019314363
-0.34533670892640245
-0.4583186807563103
-0.30458152405294353
0.08834464038812244
-0.05241558181446817
-0.13763322840443307
-0.2730812721464905
0.2621447763823173
-0.13088549980180234
-0.21157127448489088
-0.06971536569098144
-0.2960531655618226
0.08103134628992659
0.2008479378557092
0.33702181548714066
0.2852491619031762
-0.12546746453988145
-0.3461773177158291
-0.06127238537462981
-0.12605486863465298
