0.029790893165499082
0.032111115424045156
0.027443189951145426
0.027566246476790436
0.032269900203993535
0.041379052679531535
0.05456511777381833
0.06980234660391946
0.08646931707626189
0.10396924470866765
0.12243082151477216
0.140334693847493
0.15835225175524362
0.17703050707733048
0.19632006416016817
0.21633901120027635
0.23795114745794207
0.26063221474091686
0.2849623102101529
0.3103881089423978
0.3362096280314872
0.36303266681375146
0.3902653198490859
0.4171067190403132
0.44431109454024775
0.47138685694463905
0.4978045072671338
0.5230822205577036
0.5468485502418622
0.5698935020276122
0.5921156844526374
0.6142798251210952
0.6357818288690764
0.6556921796499589
0.6749194206556266
0.6927865677767959
0.7088261182047421
0.7232044316090106
0.7364777413857008
0.7482377800890861
0.7591673204260164
0.7694781874574791
0.778637043893209
0.7858530743800679
0.7931458356700183
0.7994477862300042
0.8059817936996928
0.8128531699320394
0.8189885177834532
0.8247596194622412
0.8301880326065317
0.8360579857717522
0.8415006096728094
0.8470825755146744
0.8526936018088046
