0.44065371802345976
0.429002970480659
0.4136150814614677
0.3976765688810725
0.3840668617217723
0.36793650159729474
0.35183589954326516
0.3350497644306874
0.3209800490409384
0.30440191502793207
0.28943136879360953
0.2776352575448616
0.25832768945352724
0.2514785910446752
0.2351932185009778
0.22352780992148835
0.21480810461011807
0.20539225150422874
0.19711567122293583
0.18651676656821997
0.17865355820170387
0.17557502452945295
0.16651305814320078
0.16373857282269894
0.15601288102468186
0.15568621115275988
0.14563712349785718
0.1431300645134138
0.13510487606378596
0.13291353512331966
0.12424830196159015
0.11986534046332431
0.11754535348328693
0.11128818123017992
0.10746476788331949
0.10285918954887624
0.09180249915565825
0.09280560239982072
0.09176536959841214
0.0821802897764376
0.07182945201318314
0.07261191881388956
0.06605917309764742
0.057328782387366606
0.04275806727168874
0.03510865127156171
0.030737417039394477
0.03128628851726295
0.04374451286969111
0.0296074191902857
0.041765469379404396
0.030964649082222018
0.019617770562813386
