0.041510277440421614
0.028263028483763566
0.020984643232193494
0.021692158661955525
0.031086562983909414
0.046480020244006374
0.06310950353156086
0.07942270733816428
0.09546436371276712
0.1113632769212387
0.12845594507112704
0.1455765998594644
0.16353020732081086
0.18126560351161292
0.199012659368684
0.21863498707148582
0.23976638345136636
0.26424109411198443
0.2888685149258284
0.31482033329664283
0.3409982936187577
0.3676512646268413
0.39460752150876155
0.42105427884085156
0.44742351061881463
0.47253673824577913
0.4972950036703519
0.5212494019548543
0.5438993922428823
0.5650250216926329
0.585892599128171
0.6052890381296311
0.6223639310309386
0.6385619902660786
0.65390138840435
0.6687489660809629
0.6823379073617696
0.6942766334823013
0.7056331359427356
0.7154119354380416
0.72388514660655
0.7318181059889143
0.7406229011107042
0.7482838291739217
0.7564855634871341
0.7648344831520762
0.7728360135618281
0.7805931246540383
0.7890406066783152
0.7977143127914743
0.805508068479318
0.8140388148386648
0.8223228627300541
0.8299804338140342
0.8359286667320711
0.8397517121822637
0.8429080335702057
0.8468592436111931
0.8512545416510223
