0.44422663403096646
0.4407457582635976
0.4281429664468227
0.39869713643231264
0.38778892993161623
0.37112157254051964
0.35447772969030056
0.3420564898422024
0.32419207015559554
0.31252892149373634
0.2930237784187835
0.28470354156346633
0.26729254079558795
0.2372263544810172
0.2291182106004223
0.22291291485069548
0.21460362862998544
0.2030502111890684
0.19706571401628487
0.1663455700713531
0.1642512664281685
0.14061854382266337
0.15550106156728755
0.1518653444872584
0.12860120504978806
0.13724940998461949
0.11988346948366635
0.12711383068798487
0.1082417657481024
0.13726146620423973
0.12083527268938982
0.12139622100623121
0.14327619922529322
0.11676142270595524
0.13156386199846026
0.11575184298187036
0.08947391875436644
0.09341584719586582
0.11191555541976345
0.07269271939692579
0.08030049931303784
0.07964528533568971
0.10034888313550061
0.103007937035282
0.09221571556362851
0.06226460513015786
0.030703619604157628
0.07204711373122269
0.03988117934635338
0.06720686627107225
0.03123607153689617
0.09204737065741964
0.04528662111068793
0.03925887410952844
0.07547133419453056
