0.3403811849913774
0.3250983230621081
0.4216477040036749
0.3257006965460104
0.01838310039996545
0.07560882723522276
-0.39775945446628824
-0.26468442174901075
-0.21796195176790825
0.1019809929228803
-0.0854534593064429
-0.06281624556976803
-0.16360818844791225
-0.06656939359368222
-0.19896974861593594
-0.163376243103058
-0.29622336728126725
0.3279748822738423
0.39466529232001724
0.2816682818345683
0.08308975953709292
-0.3063124790089641
0.30795674675460405
0.08539907783579383
0.33447771866109444
-0.08367102923300261
0.3692144136669256
0.34308257212917687
0.40658445215365896
0.28037580794079514
0.04556082355582147
0.25236681396903143
0.15909677281450454
-0.16025931718197242
0.045028678221820384
0.24775692962505266
0.30889846325007336
0.2649433845459446
0.285871870138521
0.4177527877116212
-0.22199357896658714
-0.22928202240784532
-0.03058833091539871
0.06497046601888426
0.007743455880804647
0.18594619032582077
-0.2781166855909435
0.5381971428657094
0.06322665249072837
0.3214286960686896
0.4157612388207949
0.018702528491435444
-0.009628388565228987
-0.40073957336328203
-0.32469206750900964
-0.42613423516140936
0.19910219068132365
0.018766207128525173
0.10269504097562444
-0.4982235977341915
0.0055400883794147265
0.0056042992662667535
-0.06190479377097741
0.10115658129080916
-0.20721305325272404
0.30739419214181085
0.25821647920198076
0.3172459217541176
-0.2618571343553583
-0.02428143677722902
0.1956839295176522
-0.17869460915740737
0.2017114403840987
0.04576908010938268
0.28682440162119865
0.3064761521516973
0.36285545697491733
0.01157881797099122
-0.3174137055307803
-0.20765128134044225
0.2925750687051054
-0.11142564828263213
-0.17190877436531754
-0.01189077253543843
0.2749350161072827
0.25296265750656616
0.4829917954609393
0.412138104456869
-0.26539035920236903
-0.0931850585005484
-0.15192610639728998
-0.06504230988904604
-0.09807319207318393
0.2953611012730897
0.15471129639844453
-0.23370245175303236
0.4435534174430816
0.3580684471412204
0.32236033284210064
0.23482061226099146
-0.39324982211275383
-0.24096240740085056
-0.37733178192468997
-0.35596424581425823
-0.32119294556845773
-0.36808966129887166
-0.20888016500307693
0.19865690223360927
-0.1010866565865434
-0.10248631114605955
-0.09947319566850023
-0.29508215533682597
-0.08803482848118305
-0.29624665342481243
0.10694834136453976
0.055527383245111535
-0.12901250640462272
-0.04260333362716516
-0.14422557665584335
0.026731707827072217
