0.029790893165499082
0.023943735098949124
0.016604417525756945
0.023027176895927624
0.038091264660548706
0.055385582475281955
0.0740551514613964
0.09357019402172051
0.11393801789768297
0.13448761787551053
0.15475314132300777
0.17378313984084753
0.19208817594363822
0.2099876992598211
0.2278328162038684
0.24582558795655654
0.2642903826577027
0.2838411180051233
0.30455385601409896
0.3270797878285536
0.351184413681795
0.3766251093121702
0.4031294519278245
0.43050639742361496
0.458373104885294
0.48671786583530474
0.515475811784822
0.5447611894055923
0.57434469560858
0.6033328012744845
0.6311198010773141
0.6568574345191848
0.6807674740655095
0.7025512769646055
0.7223873684402135
0.7404942426303542
0.7570231279277105
0.7724160593744048
0.7864199975040963
0.7991739475830559
0.8108713909006907
0.8216903824018014
0.8315073049979423
0.8410461663559297
0.850145997641858
