0.023570274288535482
0.025669638314152803
0.01609010059975973
0.005758621873830607
0.011487286133661689
0.021807040185976043
0.030923268046391023
0.039519874305120564
0.048403322046521924
0.0592714879114761
0.0731660122349354
0.09009778782513893
0.10988551518906817
0.13211446380479225
0.15642161365722262
0.1818883731718621
0.20810870628763914
0.23437709082857158
0.26067597766233264
0.2873701282637105
0.31410545441853494
0.3410235282009192
0.36844695719172094
0.39642328912467534
0.4247717339124932
0.45336409175503134
0.48176828170249597
0.5099858860053509
0.5378807778867102
0.5650319106945662
0.5910547502430867
0.6153741753390393
0.6380797480049243
0.6588802649154917
0.6779095104450754
0.6952152705372967
0.7114694297703272
0.7274927025399243
0.7432471550308952
0.7584533129438482
0.7725565395470545
0.7852662314235487
0.7965203102097218
0.8067022967384558
0.8161072700132416
0.8245202378551998
0.830795532533979
0.8357234358582716
0.8386524802020063
0.8409251600678725
0.8435808783369109
0.8473896602905138
0.852110803698304
